   -0.704128      1.25126      1.57054      1.98862     -1.27722      1.44276    -0.242345
   -0.704128      1.25126      1.57054      1.98862     -4.41882     -1.44276      2.89925
  -0.0465034     0.690105   -0.0206267      1.98862    0.0293946     0.463142     -1.59655
  -0.0465034     0.690105   -0.0206267      1.98862      -3.1122    -0.463142      1.54504
  -0.0639805     0.690089    0.0169174      1.98862   -0.0241108     0.463067      -1.5372
  -0.0639805     0.690089    0.0169174      1.98862      -3.1657    -0.463067      1.60439
   -0.704088      1.24443      1.56749      1.98862     -1.27201      1.43744    -0.243953
   -0.704088      1.24443      1.56749      1.98862      -4.4136     -1.43744      2.89764
   -0.704118      1.25556       1.5724      1.98862     -1.28053      1.44606    -0.241339
   -0.704118      1.25556       1.5724      1.98862     -4.42212     -1.44606      2.90025
  -0.0532612      0.69006  -0.00610955      1.98862    0.0087093     0.462933     -1.57361
  -0.0532612      0.69006  -0.00610955      1.98862     -3.13288    -0.462933      1.56798
  -0.0711847     0.690176    0.0323939      1.98862   -0.0461413     0.463477     -1.51276
  -0.0711847     0.690176    0.0323939      1.98862     -3.18773    -0.463477      1.62883
   -0.704121      1.24873      1.56943      1.98862     -1.27529      1.44081    -0.242937
   -0.704121      1.24873      1.56943      1.98862     -4.41688     -1.44081      2.89866
   -0.704078      1.26015      1.57432      1.98862     -1.28406      1.44953    -0.240272
   -0.704078      1.26015      1.57432      1.98862     -4.42566     -1.44953      2.90132
  -0.0425433     0.690153    -0.029134      1.98862    0.0415047     0.463369     -1.60999
  -0.0425433     0.690153    -0.029134      1.98862     -3.10009    -0.463369      1.53161
  -0.0604673     0.690066   0.00937051      1.98862   -0.0133569     0.462961     -1.54913
  -0.0604673     0.690066   0.00937051      1.98862     -3.15495    -0.462961      1.59246
   -0.704127      1.25332      1.57144      1.98862     -1.27881      1.44434    -0.241861
   -0.704127      1.25332      1.57144      1.98862      -4.4204     -1.44434      2.89973
  -0.0493003     0.690081   -0.0146183      1.98862    0.0208357     0.463028     -1.58706
  -0.0493003     0.690081   -0.0146183      1.98862     -3.12076    -0.463028      1.55453
  -0.0672249     0.690121    0.0238873      1.98862    -0.034037      0.46322     -1.52619
  -0.0672249     0.690121    0.0238873      1.98862     -3.17563     -0.46322       1.6154
   -0.704105      1.24621      1.56829      1.98862     -1.27337      1.43884    -0.243532
   -0.704105      1.24621      1.56829      1.98862     -4.41496     -1.43884      2.89806
   -0.704104      1.25762      1.57327      1.98862     -1.28212      1.44763    -0.240857
   -0.704104      1.25762      1.57327      1.98862     -4.42371     -1.44763      2.90074
  -0.0385841     0.690218   -0.0376397      1.98862    0.0535986     0.463674      -1.6234
  -0.0385841     0.690218   -0.0376397      1.98862     -3.08799    -0.463674      1.51819
  -0.0565063     0.690056  0.000861444      1.98862  -0.00122783     0.462914     -1.56259
  -0.0565063     0.690056  0.000861444      1.98862     -3.14282    -0.462914      1.57901
  -0.0739804     0.690225    0.0384003      1.98862    -0.054679     0.463705     -1.50329
  -0.0739804     0.690225    0.0384003      1.98862     -3.19627    -0.463705       1.6383
   -0.704127       1.2508      1.57034      1.98862     -1.27687       1.4424    -0.242452
   -0.704127       1.2508      1.57034      1.98862     -4.41847      -1.4424      2.89914
  -0.0453398     0.690117   -0.0231264      1.98862     0.032954     0.463201      -1.6005
  -0.0453398     0.690117   -0.0231264      1.98862     -3.10864    -0.463201      1.54109
  -0.0632645     0.690083    0.0153792      1.98862   -0.0219194      0.46304     -1.53963
  -0.0632645     0.690083    0.0153792      1.98862     -3.16351     -0.46304      1.60196
   -0.704079      1.24369      1.56715      1.98862     -1.27145      1.43686    -0.244128
   -0.704079      1.24369      1.56715      1.98862     -4.41304     -1.43686      2.89746
    -0.70412       1.2551       1.5722      1.98862     -1.28018      1.44571    -0.241445
    -0.70412       1.2551       1.5722      1.98862     -4.42177     -1.44571      2.90015
  -0.0525452     0.690063  -0.00764767      1.98862    0.0109017     0.462945     -1.57604
  -0.0525452     0.690063  -0.00764767      1.98862     -3.13069    -0.462945      1.56555
  -0.0700213     0.690158    0.0298947      1.98862   -0.0425865     0.463393     -1.51671
  -0.0700213     0.690158    0.0298947      1.98862     -3.18418    -0.463393      1.62488
   -0.704119      1.24828      1.56922      1.98862     -1.27494      1.44045    -0.243045
   -0.704119      1.24828      1.56922      1.98862     -4.41654     -1.44045      2.89855
   -0.704086      1.25941      1.57401      1.98862     -1.28349      1.44897    -0.240444
   -0.704086      1.25941      1.57401      1.98862     -4.42508     -1.44897      2.90115
  -0.0418275     0.690164   -0.0306717      1.98862    0.0436922     0.463418     -1.61241
  -0.0418275     0.690164   -0.0306717      1.98862      -3.0979    -0.463418      1.52918
  -0.0593035     0.690062   0.00687042      1.98862  -0.00979346     0.462939     -1.55308
  -0.0593035     0.690062   0.00687042      1.98862     -3.15139    -0.462939      1.58851
   -0.704128      1.25258      1.57112      1.98862     -1.27824      1.44378    -0.242034
   -0.704128      1.25258      1.57112      1.98862     -4.41983     -1.44378      2.89956
  -0.0485843     0.690086   -0.0161564      1.98862    0.0230271     0.463054     -1.58949
  -0.0485843     0.690086   -0.0161564      1.98862     -3.11857    -0.463054       1.5521
   -0.066509     0.690113    0.0223493      1.98862   -0.0318473     0.463182     -1.52862
   -0.066509     0.690113    0.0223493      1.98862     -3.17344    -0.463182      1.61297
   -0.704101      1.24576      1.56809      1.98862     -1.27302      1.43848    -0.243639
   -0.704101      1.24576      1.56809      1.98862     -4.41461     -1.43848      2.89795
   -0.704107      1.25717      1.57308      1.98862     -1.28177      1.44728    -0.240964
   -0.704107      1.25717      1.57308      1.98862     -4.42336     -1.44728      2.90063
  -0.0557902     0.690056 -0.000676859      1.98862  0.000965069     0.462914     -1.56502
  -0.0557902     0.690056 -0.000676859      1.98862     -3.14063    -0.462914      1.57657
  -0.0732648     0.690211    0.0368627      1.98862   -0.0524942     0.463643     -1.50572
  -0.0732648     0.690211    0.0368627      1.98862     -3.19409    -0.463643      1.63588
   -0.704126      1.25006      1.57001      1.98862     -1.27631      1.44183    -0.242626
   -0.704126      1.25006      1.57001      1.98862      -4.4179     -1.44183      2.89897
  -0.0446239     0.690126   -0.0246644      1.98862    0.0351437      0.46324     -1.60293
  -0.0446239     0.690126   -0.0246644      1.98862     -3.10645     -0.46324      1.53866
  -0.0625484     0.690078    0.0138411      1.98862   -0.0197278     0.463016     -1.54207
  -0.0625484     0.690078    0.0138411      1.98862     -3.16132    -0.463016      1.59953
   -0.704074      1.24324      1.56694      1.98862      -1.2711       1.4365    -0.244237
   -0.704074      1.24324      1.56694      1.98862     -4.41269      -1.4365      2.89736
   -0.704122      1.25465      1.57201      1.98862     -1.27982      1.44536    -0.241551
   -0.704122      1.25465      1.57201      1.98862     -4.42142     -1.44536      2.90004
  -0.0518291     0.690066  -0.00918599      1.98862    0.0130943     0.462959     -1.57847
  -0.0518291     0.690066  -0.00918599      1.98862      -3.1285    -0.462959      1.56312
  -0.0693055     0.690148    0.0283569      1.98862   -0.0403987     0.463345     -1.51913
  -0.0693055     0.690148    0.0283569      1.98862     -3.18199    -0.463345      1.62246
   -0.704114      1.24754      1.56889      1.98862     -1.27438      1.43987    -0.243219
   -0.704114      1.24754      1.56889      1.98862     -4.41597     -1.43987      2.89837
   -0.704091      1.25895      1.57382      1.98862     -1.28314      1.44863     -0.24055
   -0.704091      1.25895      1.57382      1.98862     -4.42473     -1.44863      2.90104
  -0.0406642     0.690182   -0.0331708      1.98862    0.0472464     0.463504     -1.61636
  -0.0406642     0.690182   -0.0331708      1.98862     -3.09435    -0.463504      1.52524
  -0.0585875     0.690059   0.00533218      1.98862  -0.00760084     0.462929     -1.55552
  -0.0585875     0.690059   0.00533218      1.98862     -3.14919    -0.462929      1.58608
   -0.704128      1.25213      1.57092      1.98862     -1.27789      1.44343    -0.242141
   -0.704128      1.25213      1.57092      1.98862     -4.41948     -1.44343      2.89945
  -0.0478683     0.690092   -0.0176945      1.98862    0.0252182     0.463082     -1.59192
  -0.0478683     0.690092   -0.0176945      1.98862     -3.11637    -0.463082      1.54967
  -0.0653454     0.690101    0.0198496      1.98862   -0.0282875     0.463125     -1.53257
  -0.0653454     0.690101    0.0198496      1.98862     -3.16988    -0.463125      1.60902
   -0.704097       1.2453      1.56788      1.98862     -1.27267      1.43812    -0.243747
   -0.704097       1.2453      1.56788      1.98862     -4.41426     -1.43812      2.89785
   -0.704111      1.25671      1.57289      1.98862     -1.28141      1.44693     -0.24107
   -0.704111      1.25671      1.57289      1.98862     -4.42301     -1.44693      2.90052
  -0.0546264     0.690057  -0.00317703      1.98862   0.00452911     0.462919     -1.56897
  -0.0546264     0.690057  -0.00317703      1.98862     -3.13706    -0.462919      1.57262
  -0.0725491     0.690199    0.0353252      1.98862    -0.050309     0.463583     -1.50814
  -0.0725491     0.690199    0.0353252      1.98862      -3.1919    -0.463583      1.63345
   -0.704124       1.2496      1.56981      1.98862     -1.27596      1.44148    -0.242733
   -0.704124       1.2496      1.56981      1.98862     -4.41755     -1.44148      2.89886
   -0.704071      1.26073      1.57456      1.98862     -1.28452      1.44997    -0.240137
   -0.704071      1.26073      1.57456      1.98862     -4.42611     -1.44997      2.90146
   -0.043908     0.690134   -0.0262022      1.98862    0.0373325     0.463282     -1.60536
   -0.043908     0.690134   -0.0262022      1.98862     -3.10426    -0.463282      1.53623
  -0.0613847     0.690071    0.0113412      1.98862   -0.0161655     0.462982     -1.54602
  -0.0613847     0.690071    0.0113412      1.98862     -3.15776    -0.462982      1.59558
   -0.704068      1.24278      1.56673      1.98862     -1.27075      1.43614    -0.244345
   -0.704068      1.24278      1.56673      1.98862     -4.41234     -1.43614      2.89725
   -0.704125      1.25391      1.57169      1.98862     -1.27926      1.44479    -0.241724
   -0.704125      1.25391      1.57169      1.98862     -4.42085     -1.44479      2.89987
  -0.0506653     0.690072   -0.0116859      1.98862    0.0166571     0.462987     -1.58242
  -0.0506653     0.690072   -0.0116859      1.98862     -3.12494    -0.462987      1.55917
  -0.0685897     0.690138    0.0268191      1.98862   -0.0382102       0.4633     -1.52156
  -0.0685897     0.690138    0.0268191      1.98862      -3.1798      -0.4633      1.62003
   -0.704111      1.24708      1.56869      1.98862     -1.27403      1.43952    -0.243327
   -0.704111      1.24708      1.56869      1.98862     -4.41562     -1.43952      2.89827
   -0.704099      1.25821      1.57351      1.98862     -1.28257      1.44807    -0.240722
   -0.704099      1.25821      1.57351      1.98862     -4.42416     -1.44807      2.90087
  -0.0399485     0.690194   -0.0347086      1.98862    0.0494328      0.46356     -1.61878
  -0.0399485     0.690194   -0.0347086      1.98862     -3.09216     -0.46356      1.52281
  -0.0574237     0.690057   0.00283222      1.98862  -0.00403721     0.462918     -1.55947
  -0.0574237     0.690057   0.00283222      1.98862     -3.14563    -0.462918      1.58212
   -0.704128      1.25138      1.57059      1.98862     -1.27732      1.44285    -0.242315
   -0.704128      1.25138      1.57059      1.98862     -4.41891     -1.44285      2.89928
  -0.0467047     0.690103   -0.0201945      1.98862    0.0287791     0.463132     -1.59587
  -0.0467047     0.690103   -0.0201945      1.98862     -3.11281    -0.463132      1.54572
  -0.0646294     0.690094    0.0183115      1.98862   -0.0260967     0.463093       -1.535
  -0.0646294     0.690094    0.0183115      1.98862     -3.16769    -0.463093      1.60659
   -0.704089      1.24456      1.56754      1.98862     -1.27211      1.43754    -0.243922
   -0.704089      1.24456      1.56754      1.98862      -4.4137     -1.43754      2.89767
   -0.704116      1.25597      1.57257      1.98862     -1.28084      1.44637    -0.241243
   -0.704116      1.25597      1.57257      1.98862     -4.42244     -1.44637      2.90035
  -0.0539103     0.690059  -0.00471516      1.98862   0.00672168     0.462925      -1.5714
  -0.0539103     0.690059  -0.00471516      1.98862     -3.13487    -0.462925      1.57019
  -0.0713859     0.690179    0.0328262      1.98862    -0.046756     0.463492     -1.51208
  -0.0713859     0.690179    0.0328262      1.98862     -3.18835    -0.463492      1.62951
   -0.704123      1.24915      1.56961      1.98862     -1.27561      1.44113     -0.24284
   -0.704123      1.24915      1.56961      1.98862      -4.4172     -1.44113      2.89875
   -0.704076      1.26027      1.57437      1.98862     -1.28416      1.44963    -0.240242
   -0.704076      1.26027      1.57437      1.98862     -4.42576     -1.44963      2.90135
  -0.0427446      0.69015   -0.0287016      1.98862    0.0408895     0.463356      -1.6093
  -0.0427446      0.69015   -0.0287016      1.98862      -3.1007    -0.463356      1.53229
  -0.0606687     0.690067   0.00980301      1.98862   -0.0139733     0.462965     -1.54845
  -0.0606687     0.690067   0.00980301      1.98862     -3.15557    -0.462965      1.59314
   -0.704126      1.25345      1.57149      1.98862     -1.27891      1.44444    -0.241831
   -0.704126      1.25345      1.57149      1.98862      -4.4205     -1.44444      2.89976
  -0.0499493     0.690076    -0.013224      1.98862    0.0188489     0.463007     -1.58485
  -0.0499493     0.690076    -0.013224      1.98862     -3.12274    -0.463007      1.55674
  -0.0674262     0.690124    0.0243196      1.98862   -0.0346524     0.463231     -1.52551
  -0.0674262     0.690124    0.0243196      1.98862     -3.17624    -0.463231      1.61608
   -0.704108      1.24663      1.56848      1.98862     -1.27368      1.43916    -0.243434
   -0.704108      1.24663      1.56848      1.98862     -4.41527     -1.43916      2.89816
     -0.7041      1.25804      1.57344      1.98862     -1.28244      1.44794    -0.240762
     -0.7041      1.25804      1.57344      1.98862     -4.42403     -1.44794      2.90083
  -0.0387853     0.690214   -0.0372075      1.98862    0.0529845     0.463656     -1.62272
  -0.0387853     0.690214   -0.0372075      1.98862     -3.08861    -0.463656      1.51887
  -0.0567076     0.690056   0.00129392      1.98862  -0.00184433     0.462914      -1.5619
  -0.0567076     0.690056   0.00129392      1.98862     -3.14344    -0.462914      1.57969
   -0.704128      1.25093      1.57039      1.98862     -1.27697       1.4425    -0.242421
   -0.704128      1.25093      1.57039      1.98862     -4.41856      -1.4425      2.89917