   -1.14979     1.94689     1.57094     1.44679    -1.94428     1.52549    -1.04733
   -1.14979     1.94689     1.57094     1.44679     1.19732    -1.52549     2.09426
   -1.14978     1.95059     1.56837     1.44679    -1.94768     1.52269    -1.04621
   -1.14978     1.95059     1.56837     1.44679     1.19391    -1.52269     2.09538
   -1.14979     1.94485     1.57233     1.44679     -1.9424     1.52701    -1.04792
   -1.14979     1.94485     1.57233     1.44679     1.19919    -1.52701     2.09368
  -0.628853     1.41078 -0.00023222     1.44679 0.000818432     0.28402    -1.98254
  -0.628853     1.41078 -0.00023222     1.44679    -3.14077    -0.28402     1.15905
   -1.14979     1.94855     1.56979     1.44679    -1.94581     1.52423    -1.04683
   -1.14979     1.94855     1.56979     1.44679     1.19578    -1.52423     2.09476
   -1.14979     1.94652      1.5712     1.44679    -1.94394     1.52576    -1.04744
   -1.14979     1.94652      1.5712     1.44679     1.19765    -1.52576     2.09416
   -1.14978     1.94999     1.56879     1.44679    -1.94713     1.52314    -1.04639
   -1.14978     1.94999     1.56879     1.44679     1.19446    -1.52314      2.0952
   -1.14979     1.94449     1.57258     1.44679    -1.94207     1.52728    -1.04802
   -1.14979     1.94449     1.57258     1.44679     1.19953    -1.52728     2.09357
   -0.62848     1.41078 -0.00492537     1.44679    0.017351    0.284063    -1.99878
   -0.62848     1.41078 -0.00492537     1.44679    -3.12424   -0.284063     1.14281
   -1.14979     1.94796     1.57021     1.44679    -1.94526     1.52468    -1.04701
   -1.14979     1.94796     1.57021     1.44679     1.19633    -1.52468     2.09458
   -1.14979     1.94615     1.57145     1.44679     -1.9436     1.52604    -1.04754
   -1.14979     1.94615     1.57145     1.44679     1.19799    -1.52604     2.09405
   -1.14979     1.94962     1.56905     1.44679    -1.94679     1.52342    -1.04651
   -1.14979     1.94962     1.56905     1.44679      1.1948    -1.52342     2.09509
   -1.14978     1.94412     1.57283     1.44679    -1.94173     1.52755    -1.04812
   -1.14978     1.94412     1.57283     1.44679     1.19987    -1.52755     2.09347
  -0.628108     1.41078 -0.00962752     1.44679    0.033906    0.284182    -2.01505
  -0.628108     1.41078 -0.00962752     1.44679    -3.10769   -0.284182     1.12654
   -1.14979     1.94759     1.57046     1.44679    -1.94492     1.52496    -1.04712
   -1.14979     1.94759     1.57046     1.44679     1.19667    -1.52496     2.09447
   -1.14979     1.94555     1.57186     1.44679    -1.94305     1.52649    -1.04772
   -1.14979     1.94555     1.57186     1.44679     1.19854    -1.52649     2.09388
  -0.629563     1.41078  0.00871903     1.44679   -0.030708    0.284153    -1.95156
  -0.629563     1.41078  0.00871903     1.44679     -3.1723   -0.284153     1.19003
   -1.14979     1.94925      1.5693     1.44679    -1.94646      1.5237    -1.04662
   -1.14979     1.94925      1.5693     1.44679     1.19514     -1.5237     2.09497
   -1.14978     1.94375     1.57308     1.44679    -1.94139     1.52783    -1.04823
   -1.14978     1.94375     1.57308     1.44679      1.2002    -1.52783     2.09337
   -1.14979     1.94722     1.57071     1.44679    -1.94458     1.52524    -1.04723
   -1.14979     1.94722     1.57071     1.44679     1.19701    -1.52524     2.09436
   -1.14979     1.94542     1.57195     1.44679    -1.94292     1.52659    -1.04775
   -1.14979     1.94542     1.57195     1.44679     1.19867    -1.52659     2.09384
  -0.628958     1.41078  0.00108957     1.44679 -0.00383832    0.284022    -1.97796
  -0.628958     1.41078  0.00108957     1.44679    -3.14543   -0.284022     1.16363
   -1.14979     1.94866     1.56972     1.44679    -1.94591     1.52415     -1.0468
   -1.14979     1.94866     1.56972     1.44679     1.19569    -1.52415     2.09479