   -0.375869      0.83926   -0.0219564      2.00693     0.056045     0.295963     -1.79701
   -0.375869      0.83926   -0.0219564      2.00693     -3.08555    -0.295963      1.34458
   -0.390889     0.839239    0.0161744      2.00693   -0.0413081     0.295729     -1.69343
   -0.390889     0.839239    0.0161744      2.00693      -3.1829    -0.295729      1.44816
    -1.01508      1.43434      1.56954      2.00693      -1.4475      1.51217    -0.364725
    -1.01508      1.43434      1.56954      2.00693     -4.58909     -1.51217      2.77687
     -1.0151       1.4458      1.57162      2.00693     -1.45706      1.51885    -0.363942
     -1.0151       1.4458      1.57162      2.00693     -4.59865     -1.51885      2.77765
   -0.381677     0.839218  -0.00721195      2.00693    0.0184287     0.295507     -1.75699
   -0.381677     0.839218  -0.00721195      2.00693     -3.12316    -0.295507       1.3846
    -1.01511      1.43895      1.57042      2.00693     -1.45133      1.51489    -0.364417
    -1.01511      1.43895      1.57042      2.00693     -4.59292     -1.51489      2.77718
    -0.38787      0.83922   0.00850987      2.00693   -0.0217436     0.295529     -1.71425
    -0.38787      0.83922   0.00850987      2.00693     -3.16334    -0.295529      1.42735
    -1.01511      1.44327      1.57119      2.00693     -1.45493       1.5174     -0.36412
    -1.01511      1.44327      1.57119      2.00693     -4.59653      -1.5174      2.77747
   -0.378273     0.839238    -0.015854      2.00693    0.0404915     0.295718     -1.78046
   -0.378273     0.839238    -0.015854      2.00693      -3.1011    -0.295718      1.36113
   -0.393677     0.839266    0.0232521      2.00693   -0.0593432     0.296025     -1.67424
   -0.393677     0.839266    0.0232521      2.00693     -3.20094    -0.296025      1.46735
     -1.0151      1.43642      1.56994      2.00693     -1.44922       1.5134    -0.364587
     -1.0151      1.43642      1.56994      2.00693     -4.59081      -1.5134      2.77701
    -1.01508      1.44759      1.57191      2.00693     -1.45856      1.51986    -0.363814
    -1.01508      1.44759      1.57191      2.00693     -4.60015     -1.51986      2.77778
   -0.384465     0.839213 -0.000132531      2.00693  0.000338989     0.295452     -1.73774
   -0.384465     0.839213 -0.000132531      2.00693     -3.14125    -0.295452      1.40385
    -1.01511      1.44074      1.57074      2.00693     -1.45282      1.51593    -0.364295
    -1.01511      1.44074      1.57074      2.00693     -4.59441     -1.51593       2.7773
   -0.375254     0.839267   -0.0235183      2.00693    0.0600214     0.296038     -1.80125
   -0.375254     0.839267   -0.0235183      2.00693     -3.08157    -0.296038      1.34035
   -0.390273     0.839234    0.0146122      2.00693   -0.0373228     0.295678     -1.69767
   -0.390273     0.839234    0.0146122      2.00693     -3.17892    -0.295678      1.44392
    -1.01508      1.43388      1.56945      2.00693     -1.44712      1.51189    -0.364755
    -1.01508      1.43388      1.56945      2.00693     -4.58871     -1.51189      2.77684
     -1.0151      1.44535      1.57154      2.00693     -1.45667      1.51859    -0.363974
     -1.0151      1.44535      1.57154      2.00693     -4.59826     -1.51859      2.77762
   -0.381061     0.839221  -0.00877455      2.00693    0.0224202     0.295534     -1.76124
   -0.381061     0.839221  -0.00877455      2.00693     -3.11917    -0.295534      1.38036
    -1.01511       1.4382      1.57028      2.00693     -1.45071      1.51445    -0.364467
    -1.01511       1.4382      1.57028      2.00693      -4.5923     -1.51445      2.77713
   -0.386869     0.839217   0.00597128      2.00693   -0.0152585      0.29549     -1.72115
   -0.386869     0.839217   0.00597128      2.00693     -3.15685     -0.29549      1.42045
    -1.01511      1.44281      1.57111      2.00693     -1.45455      1.51713    -0.364152
    -1.01511      1.44281      1.57111      2.00693     -4.59614     -1.51713      2.77744
   -0.377657     0.839243   -0.0174161      2.00693    0.0444754     0.295773      -1.7847
   -0.377657     0.839243   -0.0174161      2.00693     -3.09712    -0.295773      1.35689
   -0.392677     0.839255    0.0207142      2.00693   -0.0528807     0.295906     -1.68112
   -0.392677     0.839255    0.0207142      2.00693     -3.19447    -0.295906      1.46048
    -1.01509      1.43567       1.5698      2.00693      -1.4486      1.51296    -0.364637
    -1.01509      1.43567       1.5698      2.00693      -4.5902     -1.51296      2.77696
    -1.01509      1.44713      1.57183      2.00693     -1.45818       1.5196    -0.363847
    -1.01509      1.44713      1.57183      2.00693     -4.59977      -1.5196      2.77775
   -0.383465     0.839214  -0.00267237      2.00693   0.00682967      0.29546     -1.74465
   -0.383465     0.839214  -0.00267237      2.00693     -3.13476     -0.29546      1.39694
    -1.01511      1.44028      1.57066      2.00693     -1.45243      1.51567    -0.364326
    -1.01511      1.44028      1.57066      2.00693     -4.59403     -1.51567      2.77727
   -0.374254      0.83928    -0.026057      2.00693    0.0664799     0.296171     -1.80812
   -0.374254      0.83928    -0.026057      2.00693     -3.07511    -0.296171      1.33347
   -0.389658      0.83923    0.0130495      2.00693   -0.0333349     0.295632     -1.70191
   -0.389658      0.83923    0.0130495      2.00693     -3.17493    -0.295632      1.43968
    -1.01511       1.4446      1.57142      2.00693     -1.45605      1.51816    -0.364026
    -1.01511       1.4446      1.57142      2.00693     -4.59764     -1.51816      2.77757
   -0.380061     0.839226   -0.0113138      2.00693    0.0289047     0.295587     -1.76813
   -0.380061     0.839226   -0.0113138      2.00693     -3.11269    -0.295587      1.37346
    -1.01511      1.43775      1.57019      2.00693     -1.45033      1.51418    -0.364498
    -1.01511      1.43775      1.57019      2.00693     -4.59192     -1.51418      2.77709
   -0.386254     0.839215   0.00440818      2.00693   -0.0112647     0.295472      -1.7254
   -0.386254     0.839215   0.00440818      2.00693     -3.15286    -0.295472       1.4162
    -1.01511      1.44207      1.57098      2.00693     -1.45393       1.5167    -0.364203
    -1.01511      1.44207      1.57098      2.00693     -4.59552      -1.5167      2.77739
   -0.377042     0.839248   -0.0189786      2.00693    0.0484588     0.295834     -1.78894
   -0.377042     0.839248   -0.0189786      2.00693     -3.09313    -0.295834      1.35265
   -0.392062     0.839249    0.0191526      2.00693   -0.0489016     0.295841     -1.68535
   -0.392062     0.839249    0.0191526      2.00693     -3.19049    -0.295841      1.45624
    -1.01509      1.43521      1.56971      2.00693     -1.44822      1.51269    -0.364667
    -1.01509      1.43521      1.56971      2.00693     -4.58982     -1.51269      2.77693
    -1.01509      1.44668      1.57176      2.00693     -1.45779      1.51934    -0.363879
    -1.01509      1.44668      1.57176      2.00693     -4.59938     -1.51934      2.77771
    -0.38285     0.839215  -0.00423414      2.00693    0.0108205     0.295471     -1.74889
    -0.38285     0.839215  -0.00423414      2.00693     -3.13077    -0.295471       1.3927
    -1.01511      1.43982      1.57058      2.00693     -1.45205       1.5154    -0.364357
    -1.01511      1.43982      1.57058      2.00693     -4.59365      -1.5154      2.77724
   -0.388658     0.839224     0.010511      2.00693   -0.0268542     0.295569     -1.70881
   -0.388658     0.839224     0.010511      2.00693     -3.16845    -0.295569      1.43278
    -1.01511      1.44386      1.57129      2.00693     -1.45542      1.51773    -0.364079
    -1.01511      1.44386      1.57129      2.00693     -4.59702     -1.51773      2.77751
   -0.379446     0.839229   -0.0128756      2.00693    0.0328915     0.295628     -1.77238
   -0.379446     0.839229   -0.0128756      2.00693      -3.1087    -0.295628      1.36922
   -0.394465     0.839275    0.0252543      2.00693   -0.0644379     0.296127     -1.66882
   -0.394465     0.839275    0.0252543      2.00693     -3.20603    -0.296127      1.47278
     -1.0151      1.43729      1.57011      2.00693     -1.44995      1.51391    -0.364529
     -1.0151      1.43729      1.57011      2.00693     -4.59154     -1.51391      2.77706
    -1.01508      1.44847      1.57205      2.00693      -1.4593      1.52035    -0.363751
    -1.01508      1.44847      1.57205      2.00693     -4.60089     -1.52035      2.77784
   -0.385639     0.839214    0.0028455      2.00693  -0.00727149     0.295461     -1.72964
   -0.385639     0.839214    0.0028455      2.00693     -3.14886    -0.295461      1.41195
    -1.01511      1.44161       1.5709      2.00693     -1.45354      1.51644    -0.364235
    -1.01511      1.44161       1.5709      2.00693     -4.59514     -1.51644      2.77736
   -0.376427     0.839254   -0.0205405      2.00693    0.0524389     0.295899     -1.79318
   -0.376427     0.839254   -0.0205405      2.00693     -3.08915    -0.295899      1.34842
   -0.391447     0.839243      0.01759      2.00693   -0.0449182      0.29578     -1.68959
   -0.391447     0.839243      0.01759      2.00693     -3.18651     -0.29578        1.452
    -1.01509      1.43476      1.56962      2.00693     -1.44784      1.51241    -0.364698
    -1.01509      1.43476      1.56962      2.00693     -4.58944     -1.51241      2.77689
     -1.0151      1.44622      1.57168      2.00693     -1.45741      1.51908    -0.363912
     -1.0151      1.44622      1.57168      2.00693       -4.599     -1.51908      2.77768
   -0.382235     0.839216  -0.00579628      2.00693     0.014812     0.295488     -1.75314
   -0.382235     0.839216  -0.00579628      2.00693     -3.12678    -0.295488      1.38845
    -1.01511      1.43936      1.57049      2.00693     -1.45167      1.51513    -0.364389
    -1.01511      1.43936      1.57049      2.00693     -4.59326     -1.51513       2.7772
   -0.388427     0.839223   0.00992551      2.00693   -0.0253591     0.295556      -1.7104
   -0.388427     0.839223   0.00992551      2.00693     -3.16695    -0.295556      1.43119
    -1.01511      1.44369      1.57126      2.00693     -1.45528      1.51764    -0.364091
    -1.01511      1.44369      1.57126      2.00693     -4.59687     -1.51764       2.7775
   -0.378831     0.839233    -0.014438      2.00693    0.0368789     0.295673     -1.77662
   -0.378831     0.839233    -0.014438      2.00693     -3.10471    -0.295673      1.36497
   -0.394235     0.839273    0.0246689      2.00693   -0.0629487     0.296097      -1.6704
   -0.394235     0.839273    0.0246689      2.00693     -3.20454    -0.296097      1.47119
     -1.0151      1.43654      1.56996      2.00693     -1.44933      1.51348    -0.364579
     -1.0151      1.43654      1.56996      2.00693     -4.59092     -1.51348      2.77701
    -1.01508      1.44829      1.57202      2.00693     -1.45915      1.52025    -0.363764
    -1.01508      1.44829      1.57202      2.00693     -4.60074     -1.52025      2.77783
   -0.384254     0.839213 -0.000670254      2.00693   0.00171319     0.295452      -1.7392
   -0.384254     0.839213 -0.000670254      2.00693     -3.13988    -0.295452      1.40239
    -1.01511      1.44087      1.57076      2.00693     -1.45292      1.51601    -0.364286
    -1.01511      1.44087      1.57076      2.00693     -4.59452     -1.51601      2.77731
   -0.375427     0.839265    -0.023079      2.00693    0.0589032     0.296016     -1.80006
   -0.375427     0.839265    -0.023079      2.00693     -3.08269    -0.296016      1.34154
   -0.390831     0.839238    0.0160277      2.00693    -0.040934     0.295724     -1.69383
   -0.390831     0.839238    0.0160277      2.00693     -3.18253    -0.295724      1.44776