    -1.09824       1.6273      1.57106      1.49834     -1.62718      1.56697     -1.06502
    -1.09821      1.63676      1.56997      1.49834     -1.63653      1.56521     -1.06487
   -0.587913      1.11739   -0.0211141      1.49834    0.0377941     0.526256     -2.09507
    -1.09825      1.63111      1.57066      1.49834     -1.63094       1.5663     -1.06499
    -0.59188      1.11737   -0.0024249      1.49834   0.00434274     0.525882     -2.06192
    -1.09823      1.62521      1.57125      1.49834      -1.6251      1.56731     -1.06502
    -1.09823      1.63467      1.57024      1.49834     -1.63447      1.56562     -1.06492
   -0.595848      1.11738    0.0162678      1.49834   -0.0291246     0.526102     -2.02875
    -1.09825      1.62902      1.57089      1.49834     -1.62887      1.56667     -1.06501
   -0.589555      1.11738   -0.0133803      1.49834    0.0239576     0.526029     -2.08136
    -1.09821      1.62336      1.57141      1.49834     -1.62327      1.56761     -1.06502
    -1.09824      1.63258      1.57049      1.49834      -1.6324      1.56603     -1.06496
   -0.593522      1.11737   0.00531214      1.49834  -0.00951277     0.525901     -2.04819
    -1.09824      1.62693       1.5711      1.49834      -1.6268      1.56703     -1.06502
    -1.09821      1.63639      1.57002      1.49834     -1.63616      1.56528     -1.06488
   -0.587229       1.1174   -0.0243324      1.49834    0.0435479     0.526381     -2.10077
   -0.597753       1.1174    0.0252397      1.49834   -0.0451692     0.526419     -2.01286
    -1.09825      1.63049      1.57073      1.49834     -1.63033      1.56641     -1.06499
    -0.59146      1.11737  -0.00440472      1.49834   0.00788817     0.525894     -2.06543
    -1.09823      1.62484      1.57129      1.49834     -1.62473      1.56738     -1.06502
    -1.09823       1.6343      1.57029      1.49834     -1.63409       1.5657     -1.06493
   -0.595427      1.11738    0.0142856      1.49834   -0.0255775     0.526051     -2.03227
    -1.09825      1.62864      1.57093      1.49834      -1.6285      1.56674     -1.06501
   -0.589134      1.11738   -0.0153595      1.49834    0.0274997     0.526078     -2.08487
     -1.0982      1.62275      1.57147      1.49834     -1.62266       1.5677     -1.06502
    -1.09824      1.63221      1.57054      1.49834     -1.63203       1.5661     -1.06497
   -0.593102      1.11737   0.00333279      1.49834  -0.00596828     0.525887      -2.0517
    -1.09824      1.62631      1.57115      1.49834     -1.62619      1.56714     -1.06502
    -1.09822      1.63577       1.5701      1.49834     -1.63555      1.56541      -1.0649
   -0.597332      1.11739    0.0232601      1.49834   -0.0416307     0.526337     -2.01636
    -1.09825      1.63012      1.57077      1.49834     -1.62996      1.56648       -1.065
   -0.590777      1.11737  -0.00762314      1.49834    0.0136511     0.525927     -2.07114
    -1.09822      1.62446      1.57132      1.49834     -1.62436      1.56744     -1.06502
    -1.09824      1.63368      1.57036      1.49834     -1.63349      1.56582     -1.06494
   -0.595007      1.11738    0.0123068      1.49834   -0.0220358     0.526006     -2.03578
    -1.09825      1.62803      1.57099      1.49834     -1.62789      1.56685     -1.06502
     -1.0982      1.63748      1.56988      1.49834     -1.63724      1.56506     -1.06485
   -0.588451      1.11739   -0.0185772      1.49834    0.0332566     0.526171     -2.09057
     -1.0982      1.62237       1.5715      1.49834     -1.62228      1.56776     -1.06502
    -1.09825      1.63183      1.57058      1.49834     -1.63165      1.56617     -1.06498
   -0.592682      1.11737    0.0013504      1.49834  -0.00241819     0.525878     -2.05522
    -1.09823      1.62593      1.57119      1.49834     -1.62582       1.5672     -1.06502
    -1.09822      1.63539      1.57015      1.49834     -1.63518      1.56548     -1.06491
   -0.596649      1.11739     0.020041      1.49834   -0.0358747     0.526219     -2.02207
    -1.09825      1.62974      1.57081      1.49834     -1.62958      1.56655       -1.065
   -0.590356      1.11738   -0.0096041      1.49834    0.0171979     0.525956     -2.07466
    -1.09822      1.62408      1.57135      1.49834     -1.62398       1.5675     -1.06502
    -1.09824       1.6333      1.57041      1.49834     -1.63311      1.56589     -1.06495
   -0.594324      1.11738   0.00908816      1.49834   -0.0162739     0.525947     -2.04149
    -1.09824      1.62765      1.57103      1.49834     -1.62751      1.56691     -1.06502
     -1.0982      1.63687      1.56996      1.49834     -1.63664      1.56518     -1.06487
   -0.588031      1.11739    -0.020557      1.49834    0.0367977     0.526237     -2.09408
    -1.09825      1.63121      1.57065      1.49834     -1.63104      1.56628     -1.06498
   -0.592261      1.11737 -0.000629902      1.49834   0.00112822     0.525877     -2.05873
    -1.09823      1.62556      1.57122      1.49834     -1.62544      1.56726     -1.06502
    -1.09823      1.63478      1.57023      1.49834     -1.63457       1.5656     -1.06492
   -0.595966      1.11738    0.0168228      1.49834   -0.0301176     0.526118     -2.02777
    -1.09825      1.62936      1.57085      1.49834     -1.62921      1.56661     -1.06501
   -0.589673      1.11738   -0.0128233      1.49834    0.0229606     0.526017     -2.08037
    -1.09821      1.62323      1.57143      1.49834     -1.62314      1.56763     -1.06502
    -1.09824      1.63316      1.57043      1.49834     -1.63297      1.56592     -1.06495
   -0.593903      1.11737   0.00710791      1.49834   -0.0127283      0.52592       -2.045