  -0.0794325     0.826023    0.0140011       2.3094      -1.0274      0.01203      2.52822
  -0.0953611     0.826286    0.0520997       2.3094     -1.40067    0.0388691       2.9113
  -0.0696595     0.826012  -0.00937586       2.3094     0.838105   0.00927738     0.656698
  -0.0855933     0.826089    0.0287375       2.3094     -1.28064    0.0220516      2.78525
  -0.0758212     0.826006   0.00536297       2.3094    -0.566882   0.00734049      2.06548
  -0.0921604     0.826209    0.0444445       2.3094     -1.37521    0.0333122      2.88387
  -0.0660483     0.826037   -0.0180137       2.3094      1.13071    0.0146404      0.36187
  -0.0819826     0.826045    0.0201009       2.3094     -1.17081     0.016043      2.67321
  -0.0722098     0.826004  -0.00327559       2.3094     0.370975   0.00664136       1.1254
  -0.0885509     0.826136    0.0358114       2.3094     -1.33327    0.0270905       2.8397
  -0.0783715     0.826017    0.0114632       2.3094    -0.935871    0.0104668      2.43604
  -0.0947088     0.826269    0.0505396       2.3094     -1.39613    0.0377344      2.90636
  -0.0685984     0.826018   -0.0119138       2.3094     0.954058    0.0107422     0.540091
  -0.0849406      0.82608    0.0271761       2.3094     -1.26553    0.0209482      2.76974
  -0.0751683     0.826004   0.00380134       2.3094    -0.423978   0.00680098      1.92217
  -0.0910999     0.826186    0.0419084       2.3094     -1.36468    0.0314812      2.87269
  -0.0649873     0.826047   -0.0205514       2.3094      1.17855    0.0163521     0.313371
  -0.0813298     0.826039    0.0185396       2.3094     -1.14152    0.0149905      2.64351
  -0.0715569     0.826005  -0.00483716       2.3094     0.521273   0.00714295     0.974699
  -0.0878982     0.826125    0.0342504       2.3094     -1.32346    0.0259716      2.82949
  -0.0777186     0.826013   0.00990169       2.3094    -0.865013   0.00956836      2.36478
  -0.0940565     0.826253    0.0489795       2.3094     -1.39128    0.0366003      2.90111
  -0.0679456     0.826022   -0.0134755       2.3094      1.01047    0.0116985     0.483274
  -0.0842879     0.826071     0.025615       2.3094     -1.24873    0.0198524      2.75254
  -0.0741073     0.826003   0.00126329       2.3094    -0.148922   0.00626259      1.64646
  -0.0904474     0.826172    0.0403476       2.3094     -1.35754    0.0303533      2.86514
  -0.0643346     0.826054   -0.0221128       2.3094      1.20324    0.0174217     0.288286
   -0.080677     0.826033    0.0169781       2.3094     -1.10779    0.0139482      2.60938
  -0.0704959     0.826009  -0.00737531       2.3094       0.7188   0.00823593     0.776518
  -0.0868376     0.826108    0.0317135       2.3094     -1.30552    0.0241619       2.8109
  -0.0770658      0.82601   0.00834002       2.3094    -0.779866   0.00872784      2.27923
  -0.0929962     0.826228    0.0464437       2.3094     -1.38269    0.0347607      2.89186
  -0.0672928     0.826026   -0.0150369       2.3094      1.05816     0.012686     0.435181
   -0.083227     0.826058    0.0230776       2.3094     -1.21701    0.0180897      2.72017
  -0.0734544     0.826003 -0.000298478       2.3094     0.035452    0.0061956      1.46169
  -0.0893869     0.826152     0.037811       2.3094     -1.34467    0.0285268      2.85162
  -0.0636818     0.826061   -0.0236743       2.3094      1.22502    0.0185003     0.266097
   -0.079616     0.826024    0.0144402       2.3094     -1.04083    0.0123044      2.54176
   -0.069843     0.826011  -0.00893684       2.3094     0.814308   0.00902993     0.680608
  -0.0861849     0.826097    0.0301525       2.3094     -1.29305    0.0230534      2.79803
  -0.0760047     0.826006   0.00580189       2.3094    -0.603027   0.00752494      2.10174
  -0.0923438     0.826213    0.0448834       2.3094     -1.37691    0.0336328      2.88568
  -0.0662318     0.826035   -0.0175748       2.3094      1.12127    0.0143443     0.371424
  -0.0825743     0.826051     0.021516       2.3094     -1.19417    0.0170096      2.69693
  -0.0723933     0.826004  -0.00283647       2.3094     0.324923   0.00653277      1.17156
  -0.0887343      0.82614    0.0362505       2.3094     -1.33588    0.0274056      2.84243