  -0.780237    0.869309  -0.0388376     1.89652    0.080605    0.377251    -2.43853
  -0.794798    0.869172 0.000623345     1.89652 -0.00129667    0.375904    -2.35145
  -0.808995    0.869311    0.039098     1.89652  -0.0811424    0.377269    -2.26656
   -1.40305     1.44809     1.56983     1.89652    -1.45478     1.53071    -1.06718
   -1.40305     1.45921     1.57171     1.89652    -1.46474     1.53601    -1.06659
  -0.785726    0.869224   -0.023963     1.89652   0.0498095    0.376417    -2.40579
  -0.800288    0.869194   0.0155044     1.89652  -0.0322447    0.376119    -2.31855
   -1.40307     1.45256     1.57063     1.89652    -1.45877     1.53288    -1.06695
     -1.403      1.4634     1.57232     1.89652    -1.46853     1.53793    -1.06635
   -0.79158    0.869178 -0.00809801     1.89652   0.0168467    0.375962    -2.37074
  -0.805778    0.869256   0.0303809     1.89652  -0.0631134    0.376728    -2.28573
   -1.40302     1.44563     1.56937     1.89652     -1.4526     1.52949     -1.0673
   -1.40306     1.45675     1.57132     1.89652    -1.46253     1.53487    -1.06673
  -0.782872    0.869263  -0.0316985     1.89652   0.0658423    0.376801    -2.42283
   -0.79707    0.869176  0.00678188     1.89652  -0.0141087    0.375945    -2.33783
   -1.40306      1.4501      1.5702     1.89652    -1.45658     1.53169    -1.06708
   -1.40303     1.46094     1.57197     1.89652    -1.46631     1.53681    -1.06649
  -0.788362    0.869198  -0.0168198     1.89652   0.0349783    0.376157    -2.39002
  -0.802924    0.869219   0.0226477     1.89652  -0.0470798    0.376362    -2.30278
   -1.40299     1.44317     1.56889     1.89652    -1.45042     1.52826    -1.06742
   -1.40307     1.45429     1.57092     1.89652    -1.46033     1.53371    -1.06686
  -0.779655    0.869321   -0.040414     1.89652   0.0838598    0.377362    -2.44199
  -0.793852    0.869172 -0.00193948     1.89652  0.00403537    0.375907    -2.35712
  -0.808413      0.8693   0.0375231     1.89652  -0.0778892    0.377161    -2.27002
   -1.40304     1.44764     1.56975     1.89652    -1.45439     1.53049     -1.0672
   -1.40305     1.45876     1.57164     1.89652    -1.46434     1.53581    -1.06661
  -0.785144    0.869231  -0.0255392     1.89652   0.0530791    0.376487    -2.40926
  -0.799706     0.86919   0.0139272     1.89652  -0.0289668    0.376077    -2.32204
   -1.40307     1.45183      1.5705     1.89652    -1.45813     1.53253    -1.06699
     -1.403     1.46296     1.57226     1.89652    -1.46812     1.53773    -1.06637
  -0.790634    0.869182  -0.0106608     1.89652   0.0221763    0.376005    -2.37641
  -0.805196    0.869247   0.0288057     1.89652  -0.0598502    0.376645     -2.2892
   -1.40302     1.44518     1.56928     1.89652     -1.4522     1.52927    -1.06733
   -1.40306     1.45631     1.57125     1.89652    -1.46213     1.53466    -1.06675
  -0.781927    0.869279  -0.0342588     1.89652   0.0711409    0.376952    -2.42847
  -0.796488    0.869175  0.00520545     1.89652  -0.0108295    0.375928    -2.34132
   -1.40306     1.44938     1.57007     1.89652    -1.45593     1.53134    -1.06712
   -1.40303      1.4605      1.5719     1.89652    -1.46591     1.53661    -1.06651
   -0.78778    0.869203  -0.0183961     1.89652    0.038253    0.376206     -2.3935
  -0.801979    0.869209   0.0200861     1.89652  -0.0417622    0.376264    -2.30843
   -1.40298     1.44273      1.5688     1.89652    -1.45002     1.52804    -1.06744
   -1.40307     1.45385     1.57085     1.89652    -1.45993      1.5335    -1.06688
   -1.40298     1.46469      1.5725     1.89652    -1.46969     1.53851    -1.06627
   -0.79327    0.869173  -0.0035159     1.89652  0.00731506    0.375915    -2.36061
  -0.807832     0.86929   0.0359465     1.89652  -0.0746305    0.377058    -2.27349
   -1.40304      1.4472     1.56967     1.89652    -1.45399     1.53027    -1.06723
   -1.40305     1.45804     1.57153     1.89652    -1.46369     1.53547    -1.06665
  -0.784562    0.869239  -0.0271161     1.89652   0.0563488    0.376561    -2.41274
  -0.798761    0.869184   0.0113646     1.89652  -0.0236394    0.376019     -2.3277
   -1.40307     1.45139     1.57043     1.89652    -1.45773     1.53232    -1.06701
   -1.40301     1.46251      1.5722     1.89652    -1.46772     1.53753     -1.0664
  -0.790052    0.869186  -0.0122387     1.89652   0.0254572    0.376038     -2.3799
  -0.804615    0.869239   0.0272296     1.89652  -0.0565836    0.376566    -2.29268
   -1.40301     1.44446     1.56914     1.89652    -1.45156     1.52891    -1.06736
   -1.40307     1.45558     1.57114     1.89652    -1.46149     1.53432    -1.06679
  -0.781345    0.869289   -0.035834     1.89652   0.0743984    0.377051    -2.43193
  -0.795543    0.869173  0.00264418     1.89652 -0.00550104     0.37591    -2.34698
   -1.40305     1.44893     1.56999     1.89652    -1.45554     1.53112    -1.06714
   -1.40304     1.46006     1.57184     1.89652    -1.46551     1.53641    -1.06654
  -0.786835    0.869212  -0.0209578     1.89652   0.0435726    0.376296    -2.39915
  -0.801397    0.869203   0.0185098     1.89652  -0.0384887     0.37621    -2.31191
   -1.40298     1.44228     1.56871     1.89652    -1.44963     1.52781    -1.06747
   -1.40307      1.4534     1.57077     1.89652    -1.45953     1.53329    -1.06691
   -1.40299     1.46425     1.57244     1.89652    -1.46929     1.53831     -1.0663
  -0.792689    0.869174 -0.00509238     1.89652   0.0105947    0.375927    -2.36409
  -0.806887    0.869273   0.0333871     1.89652  -0.0693368      0.3769    -2.27911
   -1.40303     1.44647     1.56953     1.89652    -1.45335     1.52991    -1.06726
   -1.40306      1.4576     1.57146     1.89652    -1.46329     1.53527    -1.06668
  -0.783617    0.869252  -0.0296774     1.89652   0.0616566    0.376691    -2.41838
  -0.798179    0.869181   0.0097875     1.89652  -0.0203599    0.375989    -2.33119
   -1.40306     1.45095     1.57035     1.89652    -1.45733      1.5321    -1.06704
   -1.40302     1.46179     1.57209     1.89652    -1.46707      1.5372    -1.06644
   -0.78947    0.869189  -0.0138152     1.89652   0.0287343    0.376074    -2.38338
  -0.804033    0.869232    0.025652     1.89652  -0.0533125    0.376492    -2.29615
     -1.403     1.44402     1.56905     1.89652    -1.45117     1.52869    -1.06738
   -1.40307     1.45514     1.57106     1.89652    -1.46109     1.53411    -1.06681
  -0.780764    0.869299  -0.0374099     1.89652   0.0776557    0.377154     -2.4354
  -0.794961    0.869172  0.00106698     1.89652 -0.00221967    0.375905    -2.35047
  -0.809522    0.869321   0.0405272     1.89652  -0.0840929     0.37737    -2.26342
   -1.40305     1.44849      1.5699     1.89652    -1.45514     1.53091    -1.06716
   -1.40304     1.45961     1.57177     1.89652    -1.46511      1.5362    -1.06657
  -0.786253    0.869218  -0.0225357     1.89652   0.0468478    0.376358    -2.40264
  -0.800815    0.869198   0.0169334     1.89652  -0.0352139     0.37616     -2.3154
   -1.40307      1.4524      1.5706     1.89652    -1.45864     1.53281    -1.06696
   -1.40299      1.4638     1.57238     1.89652    -1.46889     1.53811    -1.06632
  -0.791743    0.869177 -0.00765514     1.89652   0.0159256    0.375956    -2.36976
  -0.805941    0.869258   0.0308244     1.89652  -0.0640318    0.376753    -2.28476
   -1.40303     1.44603     1.56944     1.89652    -1.45295     1.52969    -1.06728
   -1.40306     1.45688     1.57134     1.89652    -1.46264     1.53493    -1.06672
  -0.783035    0.869261  -0.0312535     1.89652   0.0649208    0.376776    -2.42185
  -0.797597    0.869178  0.00821179     1.89652  -0.0170829    0.375964    -2.33467
   -1.40306      1.4505     1.57027     1.89652    -1.45694     1.53189    -1.06706
   -1.40303     1.46107     1.57199     1.89652    -1.46642     1.53687    -1.06648
  -0.788525    0.869196  -0.0163762     1.89652   0.0340567    0.376143    -2.38904
  -0.803088    0.869221   0.0230905     1.89652  -0.0479987     0.37638     -2.3018
     -1.403     1.44357     1.56897     1.89652    -1.45077     1.52846     -1.0674
   -1.40307      1.4547     1.57099     1.89652    -1.46069      1.5339    -1.06684
  -0.779455    0.869325  -0.0409557     1.89652   0.0849777    0.377401    -2.44318