  -0.815381     1.46026     1.57058     1.82531    -1.46385     1.54281   -0.443202
  -0.815317     1.47086     1.57218     1.82531    -1.47372       1.547   -0.442716
  -0.210178    0.890445   -0.036069     1.82531   0.0677371    0.427017    -1.74617
  -0.223815    0.890334  0.00274189     1.82531 -0.00515781    0.425951    -1.66902
  -0.815336     1.45376     1.56943     1.82531    -1.45784     1.54008   -0.443464
  -0.815376     1.46436     1.57124     1.82531    -1.46766     1.54447   -0.443023
  -0.215451    0.890372  -0.0210639     1.82531   0.0396026    0.426311    -1.71639
  -0.229089    0.890361   0.0177507     1.82531  -0.0333787    0.426205    -1.63915
  -0.815371     1.45786     1.57017     1.82531    -1.46163     1.54181   -0.443302
  -0.815344     1.46873     1.57188     1.82531    -1.47173     1.54619    -0.44282
  -0.220724    0.890337 -0.00605494     1.82531   0.0113903    0.425976    -1.68653
  -0.234711    0.890431   0.0337508     1.82531  -0.0633967    0.426884    -1.60738
  -0.815303     1.45136     1.56897     1.82531    -1.45562     1.53904   -0.443554
  -0.815382     1.46196     1.57086     1.82531    -1.46542      1.5435   -0.443129
   -0.21236     0.89041  -0.0298584     1.82531    0.056104     0.42668    -1.73386
  -0.226347    0.890342  0.00994851     1.82531  -0.0187126    0.426027    -1.65467
  -0.815354     1.45546     1.56974     1.82531     -1.4594      1.5408   -0.443398
  -0.815365     1.46633     1.57153     1.82531    -1.46949     1.54525   -0.442933
  -0.217983     0.89035  -0.0138578     1.82531   0.0260631    0.426104    -1.70206
   -0.23162    0.890387   0.0249563     1.82531  -0.0469092    0.426459    -1.62483
  -0.815379     1.45956     1.57046     1.82531     -1.4632     1.54252   -0.443232
  -0.815323     1.47043     1.57212     1.82531    -1.47331     1.54684   -0.442737
   -0.20927    0.890462  -0.0386519     1.82531   0.0725692    0.427175    -1.75128
  -0.223256    0.890334  0.00115144     1.82531  -0.0021659    0.425946    -1.67218
  -0.815327     1.45306      1.5693     1.82531    -1.45719     1.53977   -0.443491
  -0.815378     1.46393     1.57117     1.82531    -1.46725     1.54429   -0.443043
  -0.214892    0.890378  -0.0226541     1.82531   0.0425885    0.426368    -1.71955
   -0.22853    0.890356   0.0161604     1.82531  -0.0303904    0.426161    -1.64231
  -0.815369     1.45743     1.57009     1.82531    -1.46122     1.54163    -0.44332
  -0.815351     1.46803     1.57178     1.82531    -1.47107     1.54591   -0.442853
  -0.220165    0.890338 -0.00764534     1.82531   0.0143816    0.425994     -1.6897
  -0.234152    0.890422    0.032161     1.82531  -0.0604186    0.426797    -1.61053
  -0.815292     1.45065     1.56883     1.82531    -1.45498     1.53873    -0.44358
  -0.815382     1.46153     1.57078     1.82531    -1.46502     1.54332   -0.443148
  -0.815299     1.47213     1.57235     1.82531     -1.4749     1.54748   -0.442652
  -0.211801    0.890419  -0.0314484     1.82531   0.0590839     0.42676    -1.73701
  -0.225439    0.890338  0.00736417     1.82531  -0.0138523     0.42599    -1.65982
   -0.81535     1.45502     1.56966     1.82531      -1.459     1.54062   -0.443415
   -0.81537     1.46562     1.57143     1.82531    -1.46883     1.54497   -0.442966
  -0.217074    0.890357  -0.0164428     1.82531   0.0309214    0.426168     -1.7072
  -0.231062     0.89038   0.0233662     1.82531  -0.0439248    0.426395    -1.62799
  -0.815377     1.45912     1.57039     1.82531    -1.46279     1.54234    -0.44325
  -0.815329        1.47     1.57206     1.82531    -1.47291     1.54667   -0.442759
  -0.222348    0.890334 -0.00143345     1.82531  0.00269681    0.425947    -1.67733
  -0.236334     0.89046   0.0383699     1.82531  -0.0720414    0.427157    -1.59823
  -0.815321     1.45262     1.56922     1.82531    -1.45679     1.53959   -0.443507
  -0.815379     1.46349      1.5711     1.82531    -1.46685     1.54412   -0.443062
  -0.213984    0.890388  -0.0252382     1.82531   0.0474385     0.42647    -1.72468
  -0.227971    0.890352   0.0145706     1.82531  -0.0274024     0.42612    -1.64548
  -0.815364     1.45672     1.56997     1.82531    -1.46057     1.54134   -0.443348
  -0.815355     1.46759     1.57172     1.82531    -1.47066     1.54574   -0.442874
  -0.219606    0.890341 -0.00923599     1.82531   0.0173731    0.426016    -1.69286
  -0.233244    0.890409   0.0295773     1.82531  -0.0555766    0.426666    -1.61566
  -0.815382     1.46109     1.57071     1.82531    -1.46462     1.54315   -0.443167
  -0.815305     1.47169     1.57229     1.82531    -1.47449     1.54732   -0.442674
  -0.211243    0.890427  -0.0330382     1.82531   0.0620624    0.426844    -1.74016
   -0.22488    0.890336  0.00577369     1.82531  -0.0108608    0.425973    -1.66298
  -0.815342     1.45432     1.56953     1.82531    -1.45835     1.54032   -0.443443
  -0.815372     1.46519     1.57136     1.82531    -1.46843      1.5448   -0.442986
  -0.216166    0.890365  -0.0190271     1.82531    0.035777    0.426244    -1.71234
  -0.230503    0.890374    0.021776     1.82531  -0.0409393    0.426336    -1.63115
  -0.815376     1.45869     1.57031     1.82531    -1.46239     1.54216   -0.443268
  -0.815334     1.46956       1.572     1.82531     -1.4725     1.54651    -0.44278
  -0.221789    0.890334 -0.00302337     1.82531  0.00568773    0.425953     -1.6805
  -0.235776     0.89045   0.0367804     1.82531  -0.0690679    0.427059    -1.60138
  -0.815311     1.45192     1.56908     1.82531    -1.45614     1.53928   -0.443534
   -0.81538     1.46306     1.57103     1.82531    -1.46645     1.54395   -0.443081
  -0.213425    0.890395   -0.026828     1.82531   0.0504213    0.426538    -1.72784
  -0.227063    0.890346   0.0119859     1.82531  -0.0225434    0.426064    -1.65062
  -0.815361     1.45629     1.56989     1.82531    -1.46017     1.54115   -0.443366
  -0.815361     1.46689     1.57162     1.82531    -1.47001     1.54547   -0.442907
  -0.219048    0.890344  -0.0108267     1.82531   0.0203644    0.426042    -1.69603
  -0.232336    0.890396   0.0269933     1.82531   -0.050731    0.426546    -1.62078
  -0.815381     1.46039      1.5706     1.82531    -1.46396     1.54286   -0.443197
  -0.815312     1.47126     1.57223     1.82531    -1.47409     1.54715   -0.442696
  -0.210335    0.890443  -0.0356218     1.82531      0.0669     0.42699    -1.74528
  -0.223972    0.890334  0.00318885     1.82531 -0.00599861    0.425954    -1.66813
  -0.815337     1.45388     1.56945     1.82531    -1.45795     1.54013    -0.44346
  -0.815376     1.46448     1.57125     1.82531    -1.46777     1.54452   -0.443018
  -0.215608     0.89037  -0.0206168     1.82531   0.0387629    0.426296     -1.7155
  -0.229595    0.890365   0.0191919     1.82531  -0.0360862    0.426249    -1.63629
  -0.815372     1.45798     1.57019     1.82531    -1.46174     1.54186   -0.443297
  -0.815342     1.46885      1.5719     1.82531    -1.47184     1.54623   -0.442814
   -0.22123    0.890335 -0.00461408     1.82531  0.00868002    0.425963    -1.68366
  -0.234868    0.890434   0.0341971     1.82531  -0.0642324    0.426908    -1.60649
  -0.815305     1.45148       1.569     1.82531    -1.45574     1.53909    -0.44355
  -0.815381     1.46235     1.57092     1.82531    -1.46579     1.54366   -0.443112
  -0.212517    0.890408  -0.0294119     1.82531   0.0552669    0.426658    -1.73297
  -0.226504    0.890343   0.0103957     1.82531  -0.0195534    0.426035    -1.65378
  -0.815355     1.45558     1.56976     1.82531    -1.45952     1.54085   -0.443394
  -0.815364     1.46645     1.57155     1.82531     -1.4696      1.5453   -0.442928
   -0.21814    0.890349  -0.0134109     1.82531    0.025223    0.426094    -1.70117
  -0.232127    0.890393   0.0263975     1.82531  -0.0496133    0.426519    -1.62197
   -0.81538     1.46022     1.57057     1.82531    -1.46381     1.54279   -0.443204
  -0.815322     1.47055     1.57213     1.82531    -1.47343     1.54689   -0.442731
  -0.209427    0.890459  -0.0382049     1.82531   0.0717331    0.427147     -1.7504