   -0.664604      1.28789      1.56852      1.80086     -1.29545      1.50496    -0.425563
   -0.664606      1.29841      1.57288      1.80086      -1.3048      1.51137    -0.423784
  -0.0433153      0.75629    -0.046283      1.80086    0.0574635     0.585743     -1.67726
  -0.0590247     0.756076   -0.0081663      1.80086    0.0101509     0.584702      -1.6258
  -0.0743455     0.756156    0.0290074      1.80086   -0.0360405     0.585091     -1.57556
   -0.664511      1.28118      1.56556      1.80086      -1.2895      1.50073     -0.42671
   -0.664626      1.29196      1.57025      1.80086     -1.29906      1.50747    -0.424873
   -0.664557      1.30274      1.57458      1.80086     -1.30868      1.51392    -0.423056
  -0.0496289     0.756168   -0.0309639      1.80086    0.0384692     0.585149      -1.6566
  -0.0649494     0.756073   0.00620916      1.80086  -0.00771798     0.584687     -1.60636
  -0.0806595     0.756271    0.0443273      1.80086   -0.0550405     0.585654     -1.55489
   -0.664579      1.28551      1.56748      1.80086     -1.29334      1.50348    -0.425968
   -0.664621      1.29602      1.57192      1.80086     -1.30268      1.50994    -0.424186
  -0.0555524     0.756097   -0.0165913      1.80086    0.0206208     0.584806     -1.63718
  -0.0712662     0.756117    0.0215359      1.80086   -0.0267631     0.584901     -1.58565
   -0.664616      1.28958      1.56924      1.80086     -1.29695      1.50601    -0.425277
   -0.664588      1.30036      1.57365      1.80086     -1.30655      1.51252    -0.423456
  -0.0461581     0.756229   -0.0393853      1.80086    0.0489157     0.585447     -1.66796
  -0.0614769      0.75607  -0.00221636      1.80086   0.00275518      0.58467     -1.61775
  -0.0771891     0.756202     0.035907      1.80086   -0.0446018     0.585315     -1.56624
   -0.664546      1.28313      1.56643      1.80086     -1.29123      1.50197    -0.426375
   -0.664627      1.29364      1.57094      1.80086     -1.30056       1.5085    -0.424588
    -0.66453      1.30442      1.57522      1.80086     -1.31018       1.5149    -0.422774
  -0.0520805     0.756133   -0.0250155      1.80086    0.0310848     0.584982     -1.64857
  -0.0677941     0.756087    0.0131113      1.80086   -0.0162963     0.584754     -1.59703
  -0.0831097     0.756329    0.0502724      1.80086   -0.0624029     0.585936     -1.54688
   -0.664598       1.2872      1.56822      1.80086     -1.29483      1.50453    -0.425682
    -0.66461      1.29798      1.57271      1.80086     -1.30442      1.51111    -0.423857
   -0.042688     0.756304   -0.0478049      1.80086    0.0593483     0.585815     -1.67931
  -0.0580045     0.756081   -0.0106418      1.80086    0.0132276     0.584725     -1.62914
  -0.0737179     0.756147    0.0274846      1.80086   -0.0341501     0.585047     -1.57761
   -0.664503      1.28075      1.56536      1.80086     -1.28912      1.50045    -0.426784
   -0.664625      1.29153      1.57006      1.80086     -1.29868      1.50721    -0.424946
   -0.664567      1.30204      1.57431      1.80086     -1.30805      1.51351    -0.423173
  -0.0486091     0.756184   -0.0334384      1.80086    0.0415398     0.585229     -1.65994
  -0.0643217     0.756071   0.00468608      1.80086  -0.00582481     0.584679     -1.60842
    -0.07964     0.756249    0.0418536      1.80086   -0.0519751     0.585547     -1.55822
    -0.66457      1.28481      1.56718      1.80086     -1.29272      1.50303    -0.426088
   -0.664623      1.29559      1.57175      1.80086      -1.3023      1.50968    -0.424258
  -0.0549247     0.756103   -0.0181143      1.80086     0.022513     0.584833     -1.63924
  -0.0702461     0.756107    0.0190608      1.80086   -0.0236885      0.58485     -1.58899
   -0.664613      1.28915      1.56906      1.80086     -1.29656      1.50574     -0.42535
   -0.664595      1.29966      1.57338      1.80086     -1.30592      1.51211    -0.423574
  -0.0451384     0.756249   -0.0418594      1.80086    0.0519826     0.585547      -1.6713
  -0.0608492     0.756071  -0.00373951      1.80086   0.00464851     0.584675     -1.61981
  -0.0765616     0.756191    0.0343844      1.80086   -0.0427132     0.585262      -1.5683
   -0.664539       1.2827      1.56624      1.80086     -1.29085       1.5017    -0.426449
   -0.664627      1.29321      1.57077      1.80086     -1.30018      1.50824    -0.424661
   -0.664537      1.30399      1.57506      1.80086     -1.30979      1.51465    -0.422846
  -0.0514529     0.756142   -0.0265382      1.80086    0.0329755     0.585022     -1.65062
  -0.0671664     0.756083    0.0115882      1.80086   -0.0144035     0.584736     -1.59909
  -0.0824825     0.756314    0.0487507      1.80086   -0.0605191     0.585861     -1.54893
   -0.664594      1.28676      1.56803      1.80086     -1.29445      1.50426    -0.425755
   -0.664614      1.29728      1.57243      1.80086      -1.3038      1.51069    -0.423975
  -0.0420608      0.75632   -0.0493268      1.80086    0.0612326     0.585889     -1.68136
  -0.0573768     0.756084   -0.0121648      1.80086    0.0151203     0.584742      -1.6312
  -0.0730903     0.756139    0.0259618      1.80086   -0.0322596     0.585006     -1.57967
   -0.664494      1.28032      1.56517      1.80086     -1.28874      1.50017    -0.426858
   -0.664622      1.29083      1.56977      1.80086     -1.29806      1.50678    -0.425064
   -0.664573      1.30161      1.57414      1.80086     -1.30766      1.51326    -0.423246
  -0.0479816     0.756195   -0.0349609      1.80086    0.0434286     0.585282     -1.66199
  -0.0636939      0.75607   0.00316288      1.80086  -0.00393144     0.584673     -1.61048
  -0.0790126     0.756237    0.0403314      1.80086   -0.0500882     0.585484     -1.56028
   -0.664564      1.28438      1.56699      1.80086     -1.29234      1.50276    -0.426161
   -0.664624      1.29516      1.57157      1.80086     -1.30191      1.50942    -0.424331
   -0.664507      1.30567       1.5757      1.80086      -1.3113      1.51562    -0.422564
  -0.0539046     0.756113   -0.0205896      1.80086    0.0255879     0.584881     -1.64259
  -0.0696184     0.756101    0.0175377      1.80086   -0.0217964     0.584822     -1.59105
   -0.664611      1.28872      1.56887      1.80086     -1.29618      1.50548    -0.425423
   -0.664599      1.29923      1.57321      1.80086     -1.30554      1.51185    -0.423646
  -0.0445111     0.756263   -0.0433816      1.80086    0.0538689     0.585613     -1.67335
  -0.0602214     0.756072  -0.00526266      1.80086   0.00654179     0.584682     -1.62187
  -0.0755418     0.756174      0.03191      1.80086    -0.039643     0.585179     -1.57164
   -0.664531      1.28227      1.56605      1.80086     -1.29047      1.50142    -0.426523
   -0.664627      1.29278      1.57059      1.80086     -1.29979      1.50798    -0.424734
   -0.664544      1.30356       1.5749      1.80086     -1.30941       1.5144    -0.422918
  -0.0504329     0.756156   -0.0290131      1.80086    0.0360479     0.585091     -1.65396
  -0.0661462     0.756078   0.00911274      1.80086   -0.0113269      0.58471     -1.60244
  -0.0818553     0.756299    0.0472289      1.80086   -0.0586347     0.585787     -1.55098
   -0.664586      1.28606      1.56773      1.80086     -1.29383      1.50382    -0.425874
   -0.664617      1.29685      1.57225      1.80086     -1.30341      1.51043    -0.424047
  -0.0414337     0.756335   -0.0508486      1.80086    0.0631163     0.585965     -1.68341
  -0.0567491     0.756088   -0.0136879      1.80086    0.0170131     0.584762     -1.63326
  -0.0720703     0.756126    0.0234868      1.80086   -0.0291861     0.584945     -1.58301
    -0.66462       1.2904      1.56959      1.80086     -1.29767      1.50651    -0.425137
   -0.664581      1.30091      1.57387      1.80086     -1.30704      1.51285    -0.423363
  -0.0473542     0.756206   -0.0364832      1.80086    0.0453169     0.585336     -1.66405
  -0.0626737     0.756069  0.000687279      1.80086 -0.000854176     0.584668     -1.61383
  -0.0783852     0.756224    0.0388091      1.80086   -0.0482009     0.585424     -1.56233
   -0.664554      1.28368      1.56668      1.80086     -1.29172      1.50232    -0.426281
   -0.664626      1.29446      1.57128      1.80086     -1.30129        1.509    -0.424449
   -0.664515      1.30524      1.57554      1.80086     -1.31092      1.51538    -0.422636
   -0.053277     0.756119   -0.0221124      1.80086    0.0274794     0.584913     -1.64464
  -0.0685983     0.756092    0.0150625      1.80086    -0.018721     0.584782     -1.59439
   -0.664605      1.28802      1.56857      1.80086     -1.29556      1.50504    -0.425542
   -0.664603       1.2988      1.57304      1.80086     -1.30515       1.5116    -0.423719
  -0.0438838     0.756277   -0.0449036      1.80086    0.0557547      0.58568      -1.6754
  -0.0592012     0.756075  -0.00773805      1.80086   0.00961861     0.584698     -1.62522
  -0.0749143     0.756164    0.0303874      1.80086   -0.0377534     0.585132     -1.57369
   -0.664519      1.28157      1.56573      1.80086     -1.28985      1.50098    -0.426643
   -0.664626      1.29208       1.5703      1.80086     -1.29917      1.50755    -0.424852
   -0.664551      1.30313      1.57473      1.80086     -1.30902      1.51415     -0.42299
  -0.0498054     0.756165   -0.0305356      1.80086    0.0379377     0.585136     -1.65602
  -0.0655184     0.756075   0.00758973      1.80086  -0.00943396     0.584697      -1.6045
  -0.0808359     0.756275    0.0447553      1.80086   -0.0555708     0.585673     -1.55431
   -0.664581      1.28563      1.56754      1.80086     -1.29345      1.50355    -0.425948
   -0.664619      1.29641      1.57208      1.80086     -1.30303      1.51017     -0.42412
  -0.0557289     0.756096   -0.0161632      1.80086    0.0200889     0.584799     -1.63661
  -0.0714427     0.756119     0.021964      1.80086   -0.0272948      0.58491     -1.58507
   -0.664618      1.28997      1.56941      1.80086     -1.29729      1.50625     -0.42521
   -0.664586      1.30048       1.5737      1.80086     -1.30665      1.51259    -0.423435
  -0.0463344     0.756225   -0.0389575      1.80086    0.0483852      0.58543     -1.66738
  -0.0620459     0.756069 -0.000835821      1.80086   0.00103911     0.584668     -1.61589
  -0.0773655     0.756205     0.036335      1.80086   -0.0451327     0.585331     -1.56567
   -0.664552      1.28352      1.56661      1.80086     -1.29158      1.50222    -0.426309
   -0.664626       1.2943      1.57122      1.80086     -1.30115       1.5089    -0.424477
   -0.664528      1.30454      1.57527      1.80086     -1.31029      1.51497    -0.422754
  -0.0522569     0.756131   -0.0245874      1.80086    0.0305532     0.584971     -1.64799
  -0.0679706     0.756088    0.0135395      1.80086   -0.0168284      0.58476     -1.59645
  -0.0836782     0.756344    0.0516517      1.80086     -0.06411     0.586007     -1.54502
   -0.664601      1.28759      1.56838      1.80086     -1.29518      1.50477    -0.425616
   -0.664607      1.29837      1.57286      1.80086     -1.30477      1.51134    -0.423791