   -0.24701     1.84447     1.57139     1.38187    -1.83994     1.52057   -0.411767
    0.24147      1.3441  -0.0182878     1.38187   0.0441071    0.416021    -1.35633
  -0.247006     1.84781      1.5696     1.38187    -1.84292     1.51828   -0.411124
   0.238038      1.3441   0.0143626     1.38187   -0.034648    0.415871    -1.28038
  -0.247001     1.84251     1.57242     1.38187    -1.83819      1.5219   -0.412122
  -0.246979     1.85116     1.56776     1.38187    -1.84589     1.51594   -0.410433
  -0.247011     1.84585     1.57065     1.38187    -1.84117     1.51963   -0.411507
   0.240049      1.3441 -0.00477409     1.38187   0.0115211    0.415656    -1.32491
  -0.246985     1.84055     1.57343     1.38187    -1.83643     1.52322   -0.412462
  -0.246996     1.84942     1.56872     1.38187    -1.84435     1.51716   -0.410798
  -0.247008     1.84389     1.57169     1.38187    -1.83942     1.52097   -0.411873
  -0.247007     1.84746     1.56979     1.38187     -1.8426     1.51852   -0.411194
   0.238401      1.3441   0.0109049     1.38187  -0.0263111    0.415768    -1.28842
  -0.246999     1.84216      1.5726     1.38187    -1.83787     1.52214   -0.412185
  -0.246983      1.8508     1.56796     1.38187    -1.84558     1.51619   -0.410509
  -0.247011      1.8455     1.57084     1.38187    -1.84086     1.51987   -0.411574
   0.240413      1.3441 -0.00823347     1.38187   0.0198677    0.415708    -1.33296
  -0.246979     1.83997     1.57372     1.38187    -1.83592      1.5236   -0.412558
     -0.247     1.84884     1.56904     1.38187    -1.84383     1.51756   -0.410916
  -0.247007     1.84354     1.57188     1.38187    -1.83911     1.52121   -0.411938
  -0.247009     1.84688      1.5701     1.38187    -1.84209     1.51892   -0.411308
   0.238765      1.3441  0.00744417     1.38187  -0.0179631    0.415694    -1.29647
  -0.246995     1.84158      1.5729     1.38187    -1.83736     1.52253   -0.412286
  -0.246987     1.85045     1.56816     1.38187    -1.84526     1.51644   -0.410583
   -0.24701     1.84492     1.57115     1.38187    -1.84034     1.52027   -0.411683
   0.240776      1.3441  -0.0116955     1.38187    0.028218    0.415789    -1.34101
  -0.246975     1.83962      1.5739     1.38187     -1.8356     1.52384   -0.412617
  -0.247002     1.84849     1.56923     1.38187    -1.84352     1.51781   -0.410988
  -0.247005     1.84319     1.57206     1.38187    -1.83879     1.52145   -0.412002
   -0.24701     1.84653     1.57029     1.38187    -1.84177     1.51916   -0.411376
   0.239356      1.3441  0.00181928     1.38187 -0.00439027    0.415633    -1.30956
  -0.246992     1.84123     1.57308     1.38187    -1.83704     1.52277   -0.412347
  -0.246992     1.84987     1.56847     1.38187    -1.84475     1.51684   -0.410704
   -0.24701     1.84457     1.57133     1.38187    -1.84003     1.52051   -0.411749
    0.24114      1.3441  -0.0151517     1.38187   0.0365505    0.415898    -1.34905
  -0.247004     1.84813     1.56942     1.38187     -1.8432     1.51805    -0.41106
   0.237708      1.3441   0.0174987     1.38187  -0.0422059    0.415988    -1.27309
  -0.247002     1.84261     1.57236     1.38187    -1.83828     1.52184   -0.412105
  -0.246975     1.85148     1.56758     1.38187    -1.84618     1.51571   -0.410364
  -0.247011     1.84595      1.5706     1.38187    -1.84126     1.51956   -0.411488
    0.23972      1.3441 -0.00163877     1.38187  0.00395506    0.415632    -1.31761
  -0.246986     1.84065     1.57338     1.38187    -1.83652     1.52315   -0.412445
  -0.246995     1.84952     1.56867     1.38187    -1.84444     1.51709   -0.410778
  -0.247008     1.84399     1.57164     1.38187    -1.83951      1.5209   -0.411855