   -0.542011      1.05179      -1.5789       1.9561      1.08154      1.38991      2.35983
   -0.541901      1.04048     -1.57103       1.9561        1.073      1.37972      2.36547
   -0.541995      1.02944     -1.56299       1.9561      1.06468      1.36958      2.37109
    -1.18422        0.529    -0.084244       1.9561    0.0693878     0.659207     -2.78024
    -1.20662     0.528376   -0.0434045       1.9561    0.0357854     0.657837     -2.74079
     -1.2285     0.528153  -0.00352788       1.9561   0.00290975     0.657346     -2.70221
    -1.25095     0.528318    0.0373743       1.9561   -0.0308163     0.657709     -2.66264
    -1.27335     0.528883    0.0782262       1.9561   -0.0644428      0.65895     -2.62317
    -1.91885      1.02778      1.56175       1.9561     -1.06342      1.36803     -1.48637
    -1.91897      1.03881      1.56983       1.9561     -1.07174      1.37819     -1.48072
    -1.91889      1.05012      1.57776       1.9561     -1.08028      1.38842     -1.47507
   -0.542175      1.05855     -1.58344       1.9561      1.08666      1.39591      2.35652
   -0.541945      1.04752     -1.57597       1.9561      1.07832      1.38609      2.36194
   -0.541914      1.03621     -1.56796       1.9561      1.06978      1.37582      2.36763
   -0.542093       1.0249     -1.55958       1.9561      1.06125      1.36534      2.37345
    -1.19322     0.528701   -0.0678369       1.9561    0.0559003     0.658551      -2.7644
    -1.21508     0.528245   -0.0279888       1.9561    0.0230806     0.657548     -2.72588
    -1.23753     0.528171    0.0129173       1.9561   -0.0106531     0.657386      -2.6863
     -1.2594     0.528484    0.0527856       1.9561   -0.0435121     0.658074     -2.64774
    -1.28178     0.529199     0.093604       1.9561   -0.0770728     0.659644     -2.60834
    -1.91866      1.02073       1.5564       1.9561     -1.05811      1.36143     -1.49005
    -1.91892      1.03204      1.56492       1.9561     -1.06664      1.37198     -1.48417
    -1.91896      1.04335      1.57306       1.9561     -1.07517      1.38233     -1.47843
    -1.91881      1.05439      1.58066       1.9561     -1.08351      1.39222     -1.47297
   -0.542063      1.05429     -1.58059       1.9561      1.08344      1.39214       2.3586
   -0.541908      1.04298      -1.5728       1.9561      1.07489      1.38199      2.36421
   -0.541956      1.03194     -1.56485       1.9561      1.06656      1.37189      2.36981
   -0.542216      1.02063     -1.55632       1.9561      1.05804      1.36134      2.37569
    -1.17928     0.529191   -0.0932555       1.9561    0.0767871     0.659627     -2.78893
    -1.20166      0.52848   -0.0524356       1.9561    0.0432242     0.658065     -2.74952
     -1.2241     0.528167   -0.0115454       1.9561   0.00952202     0.657377     -2.70997
    -1.24599     0.528247    0.0283383       1.9561   -0.0233685     0.657553     -2.67138
    -1.26841     0.528724    0.0692062       1.9561   -0.0570264     0.658601     -2.63187
    -1.91879      1.02528      1.55987       1.9561     -1.06154      1.36569     -1.48767
    -1.91896      1.03631      1.56803       1.9561     -1.06985      1.37591     -1.48199
    -1.91893      1.04762      1.57604       1.9561     -1.07839      1.38618      -1.4763
    -1.91869      1.05893      1.58369       1.9561     -1.08695      1.39624     -1.47075
   -0.541976      1.04974      -1.5775       1.9561         1.08      1.38808      2.36084
   -0.541903      1.03871     -1.56976       1.9561      1.07167      1.37811      2.36636
   -0.542035       1.0274     -1.56147       1.9561      1.06314      1.36767      2.37215
    -1.18827     0.528857   -0.0768579       1.9561    0.0633184     0.658894     -2.77311
    -1.21012     0.528315   -0.0370245       1.9561    0.0305283     0.657703     -2.73462
    -1.23257     0.528153   0.00387728       1.9561  -0.00319767     0.657346     -2.69505
    -1.25501     0.528391    0.0447748       1.9561   -0.0369141     0.657869     -2.65548
    -1.27684     0.529007    0.0845934       1.9561   -0.0696746     0.659222     -2.61702
    -1.91858      1.01851      1.55469       1.9561     -1.05644      1.35934     -1.49122
    -1.91888      1.02954      1.56307       1.9561     -1.06475      1.36967     -1.48546
    -1.91897      1.04085       1.5713       1.9561     -1.07328      1.38006     -1.47969
    -1.91886      1.05189      1.57897       1.9561     -1.08162         1.39      -1.4742
   -0.542125      1.05679     -1.58227       1.9561      1.08533      1.39435      2.35738
   -0.541924      1.04548     -1.57455       1.9561      1.07677      1.38425      2.36296
   -0.541931      1.03416     -1.56647       1.9561      1.06824      1.37394      2.36867
    -0.54214      1.02313     -1.55824       1.9561      1.05992      1.36369      2.37438
    -1.17491     0.529377    -0.101243       1.9561    0.0833397     0.660035     -2.79662
    -1.19671     0.528603   -0.0614636       1.9561    0.0506563     0.658335     -2.75825
    -1.21914     0.528202   -0.0205841       1.9561    0.0169756     0.657454     -2.71872
    -1.24103     0.528196    0.0193002       1.9561   -0.0159167      0.65744     -2.68012
    -1.26346     0.528584    0.0601816       1.9561    -0.049601     0.658294     -2.64059
    -1.28583     0.529371     0.100982       1.9561   -0.0831256     0.660021     -2.60123
    -1.91872      1.02278      1.55797       1.9561     -1.05965      1.36335     -1.48898
    -1.91894      1.03409      1.56642       1.9561     -1.06818      1.37387     -1.48312
    -1.91895      1.04512       1.5743       1.9561     -1.07651      1.38393     -1.47755
    -1.91876      1.05643      1.58203       1.9561     -1.08506      1.39404     -1.47197
    -0.54202      1.05224     -1.57921       1.9561      1.08189      1.39031      2.35961
   -0.541902      1.04121     -1.57155       1.9561      1.07355      1.38038       2.3651
   -0.541988       1.0299     -1.56333       1.9561      1.06502         1.37      2.37086
   -0.542276      1.01887     -1.55496       1.9561      1.05671      1.35967      2.37662
    -1.18333     0.529033   -0.0858734       1.9561    0.0707262     0.659279     -2.78181
    -1.20516     0.528405   -0.0460583       1.9561    0.0379717       0.6579     -2.74336
     -1.2276     0.528154    -0.005162       1.9561   0.00425749     0.657349      -2.7038
    -1.25005     0.528304    0.0357413       1.9561   -0.0294706     0.657678     -2.66422
     -1.2719     0.528834    0.0755769       1.9561   -0.0622651     0.658843     -2.62572
    -1.91883      1.02704       1.5612       1.9561     -1.06287      1.36734     -1.48675
    -1.91897      1.03835      1.56951       1.9561      -1.0714      1.37778     -1.48095
     -1.9189      1.04967      1.57745       1.9561     -1.07994      1.38801     -1.47529
    -1.91863       1.0607      1.58485       1.9561     -1.08829      1.39779      -1.4699
   -0.542188      1.05901     -1.58374       1.9561      1.08701      1.39631       2.3563
   -0.541951      1.04798     -1.57629       1.9561      1.07866       1.3865      2.36171
   -0.541911      1.03666     -1.56829       1.9561      1.07012      1.37623       2.3674
   -0.542075      1.02563     -1.56014       1.9561      1.06181      1.36603      2.37307
    -1.19176     0.528745   -0.0704882       1.9561    0.0580811     0.658648     -2.76696
    -1.21418     0.528256   -0.0296221       1.9561     0.024427     0.657573     -2.72746
    -1.23607     0.528164    0.0102615       1.9561  -0.00846295      0.65737     -2.68887
    -1.25851     0.528464    0.0511529       1.9561   -0.0421676      0.65803     -2.64931
    -1.28089     0.529163     0.091976       1.9561   -0.0757366     0.659564      -2.6099
    -1.91865      1.02028      1.55605       1.9561     -1.05777        1.361     -1.49029
    -1.91891      1.03159      1.56458       1.9561      -1.0663      1.37156      -1.4844
    -1.91897      1.04262      1.57255       1.9561     -1.07462      1.38166      -1.4788
    -1.91882      1.05393      1.58035       1.9561     -1.08317      1.39182     -1.47319
   -0.542073      1.05474      -1.5809       1.9561      1.08378      1.39254      2.35838
   -0.541911      1.04371     -1.57331       1.9561      1.07544      1.38265      2.36384
   -0.541951       1.0324     -1.56518       1.9561       1.0669      1.37231      2.36957
   -0.542202      1.02108     -1.55667       1.9561      1.05838      1.36176      2.37545
    -1.17839     0.529228    -0.094884       1.9561    0.0781235     0.659707      -2.7905
    -1.20021     0.528514   -0.0550885       1.9561    0.0454086      0.65814     -2.75209
    -1.22264     0.528175   -0.0142013       1.9561    0.0117123     0.657395     -2.71254
    -1.24509     0.528236    0.0267049       1.9561   -0.0220219      0.65753     -2.67296
    -1.26695     0.528681    0.0665555       1.9561   -0.0548459     0.658506     -2.63443
    -1.28931      0.52953     0.107338       1.9561   -0.0883355     0.660368     -2.59511
    -1.91878      1.02482      1.55953       1.9561      -1.0612      1.36527      -1.4879
    -1.91896      1.03585       1.5677       1.9561     -1.06951      1.37549     -1.48222
    -1.91893      1.04717      1.57573       1.9561     -1.07805      1.38577     -1.47653
    -1.91871       1.0582      1.58321       1.9561     -1.08639      1.39559     -1.47111
   -0.541988      1.05048     -1.57801       1.9561      1.08055      1.38874      2.36048
   -0.541902      1.03916     -1.57009       1.9561      1.07201      1.37852      2.36613
    -0.54202      1.02813     -1.56201       1.9561      1.06369      1.36836      2.37177
    -1.18682     0.528907   -0.0795074       1.9561     0.065496     0.659003     -2.77567
    -1.20922      0.52833   -0.0386581       1.9561    0.0318746     0.657735      -2.7362
    -1.23167     0.528152   0.00224328       1.9561  -0.00185003     0.657344     -2.69663
    -1.25355     0.528363    0.0421208       1.9561   -0.0347275     0.657808     -2.65805
    -1.27595     0.528974    0.0829638       1.9561   -0.0683359      0.65915      -2.6186
    -1.91887      1.02909      1.56273       1.9561     -1.06441      1.36925     -1.48569
    -1.91897       1.0404      1.57097       1.9561     -1.07294      1.37965     -1.47992
    -1.91887      1.05143      1.57866       1.9561     -1.08128      1.38959     -1.47442
   -0.542137      1.05724     -1.58257       1.9561      1.08567      1.39475      2.35716
   -0.541928      1.04593     -1.57487       1.9561      1.07711      1.38465      2.36273
   -0.541924       1.0349     -1.56701       1.9561      1.06879      1.37461       2.3683
   -0.542128      1.02358     -1.55858       1.9561      1.06026      1.36411      2.37414
    -1.17346     0.529442    -0.103889       1.9561    0.0855086     0.660177     -2.79917
    -1.19582     0.528627   -0.0630953       1.9561    0.0519992     0.658388     -2.75982
    -1.21768     0.528216   -0.0232403       1.9561    0.0191657     0.657484     -2.72129
    -1.24013     0.528188    0.0176672       1.9561   -0.0145701     0.657424      -2.6817
    -1.26256     0.528561    0.0585496       1.9561   -0.0482577     0.658243     -2.64217
    -1.28438     0.529308    0.0983369       1.9561    -0.080956     0.659882     -2.60378
    -1.91871      1.02232      1.55762       1.9561     -1.05931      1.36293     -1.48921
    -1.91893      1.03335      1.56588       1.9561     -1.06763      1.37319      -1.4835
    -1.91896      1.04467      1.57399       1.9561     -1.07616      1.38352     -1.47778
    -1.91878       1.0557      1.58154       1.9561      -1.0845      1.39339     -1.47233
   -0.542034      1.05298     -1.57971       1.9561      1.08244      1.39097      2.35925
   -0.541903      1.04166     -1.57187       1.9561      1.07389      1.38079      2.36487
    -0.54198      1.03035     -1.56367       1.9561      1.06536      1.37042      2.37063
    -0.54226      1.01932     -1.55531       1.9561      1.05705       1.3601      2.37638
    -1.18188     0.529088   -0.0885216       1.9561    0.0729009     0.659401     -2.78436
    -1.20427     0.528423   -0.0476907       1.9561    0.0393164      0.65794     -2.74494
    -1.22671     0.528157  -0.00679648       1.9561    0.0056055     0.657355     -2.70538
    -1.24859     0.528282    0.0330863       1.9561   -0.0272823      0.65763     -2.66678
    -1.27101     0.528805     0.073946       1.9561   -0.0609243     0.658779      -2.6273
    -1.91882      1.02659      1.56086       1.9561     -1.06253      1.36692     -1.48699
    -1.91897       1.0379      1.56918       1.9561     -1.07106      1.37737     -1.48118
    -1.91891      1.04893      1.57695       1.9561     -1.07939      1.38736     -1.47565
    -1.91865      1.06025      1.58456       1.9561     -1.08795       1.3974     -1.47012
   -0.542211      1.05974     -1.58422       1.9561      1.08756      1.39695      2.35595
   -0.541957      1.04843      -1.5766       1.9561        1.079       1.3869      2.36149
   -0.541909      1.03711     -1.56861       1.9561      1.07046      1.37665      2.36717
   -0.542064      1.02608     -1.56048       1.9561      1.06215      1.36645      2.37284
    -1.19087     0.528773   -0.0721184       1.9561    0.0594217     0.658709     -2.76854
    -1.21328     0.528268   -0.0312557       1.9561    0.0257737     0.657599     -2.72904
    -1.23517      0.52816   0.00862718       1.9561  -0.00711507     0.657362     -2.69045
    -1.25761     0.528444    0.0495204       1.9561   -0.0408231     0.657987     -2.65089
    -1.27944     0.529105    0.0893286       1.9561   -0.0735633     0.659438     -2.61246
    -1.91863      1.01982       1.5557       1.9561     -1.05743      1.36058     -1.49053
     -1.9189      1.03085      1.56404       1.9561     -1.06574      1.37088     -1.48478
    -1.91897      1.04217      1.57223       1.9561     -1.07428      1.38125     -1.47903
    -1.91883      1.05348      1.58005       1.9561     -1.08282      1.39142     -1.47341
   -0.542084      1.05519      -1.5812       1.9561      1.08412      1.39294      2.35816
   -0.541914      1.04416     -1.57363       1.9561      1.07578      1.38306      2.36362
   -0.541942      1.03313     -1.56572       1.9561      1.06746      1.37299       2.3692
   -0.542179      1.02182     -1.55724       1.9561      1.05893      1.36245      2.37506
     -1.1775     0.529265   -0.0965122       1.9561    0.0794594     0.659789     -2.79207
    -1.19931     0.528536   -0.0567207       1.9561    0.0467524     0.658188     -2.75367
    -1.22175     0.528181   -0.0158354       1.9561    0.0130598     0.657408     -2.71412
    -1.24364      0.52822    0.0240493       1.9561   -0.0198324     0.657494     -2.67553
    -1.26606     0.528655    0.0649239       1.9561   -0.0535035      0.65845     -2.63601
    -1.28842     0.529488     0.105711       1.9561   -0.0870025     0.660277     -2.59667
    -1.91876      1.02409      1.55897       1.9561     -1.06064      1.36459     -1.48829
    -1.91895       1.0354      1.56738       1.9561     -1.06917      1.37508     -1.48245
    -1.91894      1.04672      1.57541       1.9561     -1.07771      1.38536     -1.47675
    -1.91872      1.05775      1.58291       1.9561     -1.08605       1.3952     -1.47133
   -0.541995      1.05093     -1.57831       1.9561      1.08089      1.38914      2.36025
   -0.541901       1.0399     -1.57061       1.9561      1.07256      1.37919      2.36576
   -0.542011      1.02858     -1.56235       1.9561      1.06403      1.36878      2.37154
    -1.18592     0.528938   -0.0811375       1.9561    0.0668356     0.659072     -2.77724
    -1.20833     0.528345   -0.0402911       1.9561    0.0332202     0.657769     -2.73778
    -1.23021     0.528151 -0.000412107       1.9561  0.000340015     0.657342      -2.6992
    -1.25266     0.528347    0.0404878       1.9561    -0.033382     0.657773     -2.65963
     -1.2745     0.528922    0.0803146       1.9561   -0.0661592     0.659037     -2.62115
    -1.91886      1.02864      1.56239       1.9561     -1.06407      1.36883     -1.48592
    -1.91897      1.03967      1.57045       1.9561     -1.07239      1.37898     -1.48029
    -1.91888       1.0507      1.57816       1.9561     -1.08072      1.38894     -1.47478
    -0.54215      1.05769     -1.58287       1.9561      1.08601      1.39515      2.35694
   -0.541936      1.04666     -1.57538       1.9561      1.07767      1.38532      2.36237
    -0.54192      1.03535     -1.56734       1.9561      1.06913      1.37503      2.36807
   -0.542115      1.02403     -1.55893       1.9561       1.0606      1.36453       2.3739
    -1.17257     0.529483    -0.105515       1.9561    0.0868419     0.660266     -2.80074
    -1.19436     0.528668   -0.0657474       1.9561    0.0541813     0.658478     -2.76239
    -1.21679     0.528225    -0.024874       1.9561    0.0205126     0.657505     -2.72287
    -1.23924     0.528182    0.0160325       1.9561   -0.0132221      0.65741     -2.68328
    -1.26111     0.528525    0.0558966       1.9561   -0.0460737     0.658163     -2.64473
    -1.28348      0.52927    0.0967082       1.9561   -0.0796199     0.659799     -2.60535
    -1.91869      1.02159      1.55706       1.9561     -1.05876      1.36224      -1.4896
    -1.91893       1.0329      1.56555       1.9561     -1.06729      1.37278     -1.48373
    -1.91896      1.04393      1.57347       1.9561     -1.07561      1.38285     -1.47814
    -1.91879      1.05525      1.58124       1.9561     -1.08416      1.39298     -1.47255
   -0.542044      1.05343     -1.58001       1.9561      1.08278      1.39137      2.35903
   -0.541904      1.04211     -1.57219       1.9561      1.07424       1.3812      2.36464
   -0.541969      1.03108     -1.56421       1.9561      1.06591       1.3711      2.37025
   -0.542245      1.01977     -1.55566       1.9561      1.05739      1.36053      2.37614
    -1.18098     0.529123   -0.0901506       1.9561    0.0742384     0.659477     -2.78593
    -1.20337     0.528442   -0.0493232       1.9561     0.040661     0.657981     -2.74652
    -1.22525     0.528162  -0.00945234       1.9561   0.00779585     0.657366     -2.70795
     -1.2477     0.528269    0.0314523       1.9561   -0.0259354     0.657602     -2.66837
    -1.27011     0.528776    0.0723156       1.9561   -0.0595836     0.658716     -2.62887
     -1.9188      1.02585      1.56031       1.9561     -1.06197      1.36624     -1.48737
    -1.91897      1.03717      1.56865       1.9561      -1.0705       1.3767     -1.48155
    -1.91892      1.04848      1.57664       1.9561     -1.07904      1.38695     -1.47588
    -1.91867      1.05951      1.58407       1.9561     -1.08739      1.39675     -1.47047
   -0.542225      1.06019     -1.58452       1.9561       1.0879      1.39735      2.35573
   -0.541963      1.04888     -1.57691       1.9561      1.07935      1.38731      2.36127
   -0.541906      1.03785     -1.56914       1.9561      1.07102      1.37732      2.36679
   -0.542048      1.02682     -1.56103       1.9561       1.0627      1.36713      2.37245
    -1.18997     0.528801   -0.0737492       1.9561    0.0607627     0.658771     -2.77011
    -1.21183     0.528289   -0.0339108       1.9561    0.0279621     0.657645     -2.73161
    -1.23427     0.528157   0.00699341       1.9561  -0.00576766     0.657355     -2.69203
    -1.25616     0.528414    0.0468667       1.9561   -0.0386373      0.65792     -2.65346
    -1.27855     0.529071    0.0876992       1.9561   -0.0722253     0.659363     -2.61403
    -1.91861      1.01909      1.55514       1.9561     -1.05688      1.35988     -1.49092
    -1.91889       1.0304      1.56371       1.9561      -1.0654      1.37046     -1.48501
    -1.91897      1.04172      1.57191       1.9561     -1.07394      1.38084     -1.47925
    -1.91884      1.05275      1.57955       1.9561     -1.08227      1.39076     -1.47377
   -0.542102      1.05593     -1.58169       1.9561      1.08468      1.39359       2.3578
   -0.541917      1.04461     -1.57395       1.9561      1.07612      1.38347      2.36339
   -0.541937      1.03358     -1.56605       1.9561       1.0678       1.3734      2.36897
   -0.542165      1.02227     -1.55758       1.9561      1.05927      1.36288      2.37483
    -1.17605     0.529327   -0.0991577       1.9561    0.0816295     0.659925     -2.79461
    -1.19842     0.528558   -0.0583533       1.9561    0.0480963     0.658237     -2.75524
    -1.22085     0.528188   -0.0174694       1.9561    0.0144073     0.657423     -2.71571
    -1.24274     0.528211    0.0224158       1.9561   -0.0184856     0.657474     -2.67711
    -1.26516      0.52863    0.0632918       1.9561   -0.0521606     0.658395     -2.63758
    -1.28697     0.529422     0.103067       1.9561   -0.0848348     0.660132     -2.59922
    -1.91875      1.02364      1.55863       1.9561      -1.0603      1.36416     -1.48852
    -1.91895      1.03467      1.56684       1.9561     -1.06862       1.3744     -1.48283
    -1.91894      1.04598       1.5749       1.9561     -1.07716       1.3847     -1.47712
    -1.91874      1.05701      1.58242       1.9561      -1.0855      1.39455     -1.47169
   -0.542009      1.05166     -1.57882       1.9561      1.08145       1.3898      2.35989
   -0.541901      1.04035     -1.57093       1.9561       1.0729       1.3796      2.36553
   -0.542003      1.02903     -1.56269       1.9561      1.06437       1.3692       2.3713
    -1.18503      0.52897   -0.0827669       1.9561    0.0681744     0.659142     -2.77881
    -1.20687     0.528371   -0.0429449       1.9561    0.0354068     0.657827     -2.74035
    -1.22931     0.528152  -0.00204682       1.9561   0.00168825     0.657344     -2.70078
     -1.2512     0.528322    0.0378332       1.9561   -0.0311945     0.657718     -2.66219
    -1.27361     0.528891    0.0786846       1.9561   -0.0648196     0.658969     -2.62272
    -1.91885       1.0279      1.56184       1.9561     -1.06352      1.36814      -1.4863
    -1.91897      1.03893      1.56992       1.9561     -1.07184      1.37831     -1.48066
    -1.91889      1.05025      1.57785       1.9561     -1.08038      1.38853       -1.475
   -0.542171      1.05843     -1.58336       1.9561      1.08657       1.3958      2.35658
    -0.54194      1.04711     -1.57569       1.9561      1.07801      1.38572      2.36214
   -0.541917       1.0358     -1.56766       1.9561      1.06947      1.37544      2.36783
   -0.542096      1.02477     -1.55948       1.9561      1.06116      1.36522      2.37352
    -1.17167     0.529525    -0.107142       1.9561    0.0881752     0.660357      -2.8023
    -1.19347     0.528694   -0.0673779       1.9561    0.0555228     0.658535     -2.76396
    -1.21589     0.528235   -0.0265075       1.9561    0.0218594     0.657527     -2.72445
    -1.23778     0.528172    0.0133768       1.9561   -0.0110321     0.657389     -2.68585
    -1.26021     0.528503    0.0542643       1.9561   -0.0447297     0.658116     -2.64631
    -1.28259     0.529232    0.0950803       1.9561   -0.0782843     0.659717     -2.60691
    -1.91867      1.02114      1.55672       1.9561     -1.05842      1.36181     -1.48984
    -1.91892      1.03217      1.56501       1.9561     -1.06673       1.3721      -1.4841
    -1.91896      1.04348      1.57315       1.9561     -1.07527      1.38244     -1.47837
     -1.9188       1.0548      1.58093       1.9561     -1.08382      1.39258     -1.47277
   -0.542054      1.05388     -1.58032       1.9561      1.08313      1.39177       2.3588
   -0.541907      1.04285     -1.57271       1.9561      1.07479      1.38187      2.36427
   -0.541962      1.03153     -1.56454       1.9561      1.06625      1.37151      2.37002
    -0.54223      1.02022     -1.55601       1.9561      1.05773      1.36095       2.3759
    -1.18009     0.529159   -0.0917789       1.9561    0.0755751     0.659555      -2.7875
    -1.20192     0.528474   -0.0519768       1.9561    0.0428464     0.658052     -2.74908
    -1.22435     0.528166    -0.011086       1.9561   0.00914313     0.657375     -2.70953
     -1.2468     0.528257    0.0298189       1.9561    -0.024589     0.657576     -2.66995
    -1.26866     0.528731    0.0696647       1.9561   -0.0574036     0.658617     -2.63143
    -1.91879       1.0254      1.55996       1.9561     -1.06163      1.36581      -1.4876
    -1.91896      1.03672      1.56833       1.9561     -1.07016      1.37628     -1.48178
    -1.91893      1.04775      1.57613       1.9561     -1.07849      1.38629     -1.47624
    -1.91868      1.05906      1.58377       1.9561     -1.08705      1.39635     -1.47069
    -0.54224      1.06064     -1.58482       1.9561      1.08825      1.39775      2.35551
   -0.541974      1.04961     -1.57741       1.9561       1.0799      1.38797       2.3609
   -0.541904       1.0383     -1.56947       1.9561      1.07136      1.37773      2.36656
   -0.542044      1.02699     -1.56116       1.9561      1.06283      1.36729      2.37237
    -1.18852     0.528849   -0.0763993       1.9561    0.0629415     0.658876     -2.77267
    -1.21093     0.528302   -0.0355438       1.9561     0.029308     0.657674     -2.73319
    -1.23338     0.528155   0.00535893       1.9561  -0.00441965      0.65735     -2.69361
    -1.25526     0.528396    0.0452342       1.9561   -0.0372926      0.65788     -2.65504
    -1.27765     0.529037    0.0860701       1.9561   -0.0708874     0.659288      -2.6156
    -1.91859      1.01864      1.55479       1.9561     -1.05654      1.35946     -1.49115
    -1.91889      1.02995      1.56337       1.9561     -1.06506      1.37005     -1.48525
    -1.91897      1.04098      1.57138       1.9561     -1.07338      1.38018     -1.47962
    -1.91885       1.0523      1.57925       1.9561     -1.08193      1.39036     -1.47399
   -0.542114      1.05638     -1.58199       1.9561      1.08502      1.39399      2.35758
   -0.541921      1.04507     -1.57426       1.9561      1.07646      1.38388      2.36316
   -0.541935      1.03375     -1.56617       1.9561      1.06793      1.37356      2.36888
    -0.54216      1.02244     -1.55771       1.9561       1.0594      1.36304      2.37474
    -1.17571     0.529342   -0.0997682       1.9561    0.0821302     0.659957      -2.7952
    -1.19696     0.528596   -0.0610049       1.9561    0.0502788      0.65832     -2.75781
    -1.21939       0.5282   -0.0201255       1.9561    0.0165975     0.657449     -2.71828
    -1.24184     0.528203    0.0207819       1.9561   -0.0171384     0.657456     -2.67869
    -1.26427     0.528605    0.0616599       1.9561   -0.0508177     0.658341     -2.63916
    -1.28663     0.529407     0.102457       1.9561   -0.0843348       0.6601     -2.59981
    -1.91873      1.02319      1.55828       1.9561     -1.05996      1.36374     -1.48876
    -1.91895       1.0345      1.56672       1.9561     -1.06849      1.37425     -1.48291
    -1.91895      1.04525      1.57439       1.9561      -1.0766      1.38404     -1.47749
    -1.91875      1.05656      1.58212       1.9561     -1.08515      1.39415     -1.47191