   -0.306844      0.79307    -0.012667      1.78612    0.0169239     0.562506     -1.86594
   -0.321896     0.793119    0.0256772      1.78612   -0.0342947     0.562782     -1.81076
   -0.905507       1.3292      1.56888      1.78612     -1.33496      1.51783    -0.661785
   -0.905508      1.33966      1.57261      1.78612     -1.34445      1.52356    -0.660436
   -0.297844     0.793179   -0.0355915      1.78612    0.0475179     0.563119      -1.8989
   -0.312895     0.793055   0.00274801      1.78612   -0.0036717     0.562421     -1.84375
   -0.327569     0.793213    0.0401286      1.78612   -0.0535632     0.563309        -1.79
   -0.905422      1.32279      1.56642      1.78612     -1.32917      1.51418    -0.662611
   -0.905528      1.33325      1.57036      1.78612     -1.33862      1.52008    -0.661263
   -0.905458      1.34397      1.57405      1.78612     -1.34837      1.52583    -0.659878
   -0.303518     0.793098   -0.0211393      1.78612    0.0282381     0.562664     -1.87813
    -0.31857     0.793083    0.0172049      1.78612   -0.0229845     0.562581     -1.82294
   -0.905483      1.32683      1.56799      1.78612     -1.33282      1.51649     -0.66209
   -0.905522      1.33756      1.57189      1.78612     -1.34254      1.52243    -0.660707
    -0.29452     0.793245   -0.0440604      1.78612    0.0587988     0.563492     -1.91105
   -0.309569     0.793058  -0.00572476      1.78612   0.00764936     0.562435     -1.85595
   -0.324244     0.793153    0.0316593      1.78612   -0.0422751     0.562972     -1.80216
   -0.905519      1.33088       1.5695      1.78612     -1.33648      1.51877    -0.661569
   -0.905489       1.3416      1.57327      1.78612     -1.34621      1.52459    -0.660185
   -0.300192      0.79314   -0.0296107      1.78612    0.0395431     0.562903     -1.89031
   -0.315244     0.793062   0.00873256      1.78612   -0.0116676     0.562459     -1.83514
   -0.330292     0.793272    0.0470653      1.78612   -0.0627974     0.563644     -1.78005
   -0.905451      1.32446      1.56708      1.78612     -1.33068      1.51514    -0.662395
   -0.905529      1.33519      1.57105      1.78612     -1.34038      1.52114    -0.661013
   -0.905431      1.34564       1.5746      1.78612      -1.3499       1.5267    -0.659661
   -0.306243     0.793074   -0.0141986      1.78612    0.0189697     0.562528     -1.86814
   -0.320919     0.793107    0.0231882      1.78612   -0.0309729     0.562715     -1.81434
   -0.905504      1.32877      1.56872      1.78612     -1.33457      1.51759    -0.661839
   -0.905511      1.33923      1.57246      1.78612     -1.34406      1.52333    -0.660491
   -0.296868     0.793197   -0.0380803      1.78612    0.0508346      0.56322     -1.90247
   -0.311918     0.793054  0.000258863      1.78612 -0.000345739     0.562417     -1.84733
   -0.326968     0.793201    0.0385975      1.78612   -0.0515235     0.563242      -1.7922
   -0.905409      1.32209      1.56615      1.78612     -1.32854      1.51377    -0.662701
   -0.905527      1.33282      1.57021      1.78612     -1.33823      1.51984    -0.661319
   -0.905465      1.34354      1.57391      1.78612     -1.34798      1.52561    -0.659934
   -0.302917     0.793105   -0.0226702      1.78612    0.0302817     0.562702     -1.88033
   -0.317593     0.793076    0.0147159      1.78612   -0.0196603     0.562537     -1.82653
   -0.905478       1.3264      1.56782      1.78612     -1.33243      1.51625    -0.662145
   -0.905525      1.33686      1.57164      1.78612      -1.3419      1.52205    -0.660797
   -0.293919     0.793258   -0.0455912      1.78612    0.0608363     0.563568     -1.91325
   -0.308591     0.793061  -0.00821471      1.78612    0.0109761     0.562454     -1.85953
   -0.323643     0.793144    0.0301273      1.78612   -0.0402319      0.56292     -1.80436
   -0.905516      1.33045      1.56934      1.78612     -1.33609      1.51853    -0.661624
   -0.905494      1.34117      1.57312      1.78612     -1.34582      1.52436     -0.66024
   -0.299591      0.79315   -0.0311416      1.78612     0.041585     0.562954     -1.89251
   -0.314643      0.79306    0.0072006      1.78612   -0.0096209     0.562445     -1.83734
   -0.329315      0.79325    0.0445778      1.78612   -0.0594873     0.563518     -1.78362
   -0.905444      1.32403      1.56691      1.78612     -1.33029      1.51489     -0.66245
   -0.905529      1.33449      1.57081      1.78612     -1.33975      1.52076    -0.661103
   -0.905439      1.34522      1.57446      1.78612     -1.34951      1.52648    -0.659716
   -0.305641     0.793079   -0.0157302      1.78612    0.0210153     0.562554     -1.87035
   -0.320317       0.7931    0.0216564      1.78612   -0.0289281     0.562677     -1.81654
   -0.905497      1.32808      1.56846      1.78612     -1.33394       1.5172    -0.661929
   -0.905514       1.3388      1.57232      1.78612     -1.34367       1.5231    -0.660547
   -0.296267     0.793208   -0.0396113      1.78612    0.0528743     0.563286     -1.90467
   -0.311316     0.793055  -0.00127298      1.78612   0.00170109     0.562418     -1.84954
   -0.325991     0.793182    0.0361093      1.78612   -0.0482078     0.563139     -1.79577
   -0.905526      1.33239      1.57005      1.78612     -1.33785      1.51961    -0.661374
   -0.905474      1.34285      1.57368      1.78612     -1.34735      1.52524    -0.660024
   -0.302316     0.793112   -0.0242024      1.78612    0.0323269     0.562741     -1.88253
   -0.316991     0.793072    0.0131839      1.78612    -0.017614     0.562513     -1.82873
   -0.905469      1.32571      1.56756      1.78612      -1.3318      1.51585    -0.662235
   -0.905526      1.33643      1.57149      1.78612     -1.34151      1.52182    -0.660852
   -0.292942     0.793281   -0.0480788      1.78612     0.064146     0.563697     -1.91682
    -0.30799     0.793064  -0.00974682      1.78612     0.013023     0.562469     -1.86174
   -0.323042     0.793135    0.0285965      1.78612   -0.0381898      0.56287     -1.80656
   -0.905514      1.33002      1.56918      1.78612      -1.3357      1.51829    -0.661679
   -0.905501      1.34048      1.57289      1.78612     -1.34519      1.52399     -0.66033
    -0.29899     0.793159   -0.0326727      1.78612    0.0436268     0.563008     -1.89471
   -0.314041     0.793058   0.00566846      1.78612  -0.00757384     0.562434     -1.83955
   -0.328714     0.793236    0.0430467      1.78612   -0.0574491     0.563443     -1.78581
   -0.905437      1.32361      1.56674      1.78612     -1.32991      1.51465    -0.662506
   -0.905529      1.33406      1.57065      1.78612     -1.33936      1.52053    -0.661158
   -0.905446      1.34479      1.57432      1.78612     -1.34912      1.52626    -0.659772
   -0.304664     0.793087   -0.0182192      1.78612    0.0243393     0.562601     -1.87393
   -0.319716     0.793094    0.0201247      1.78612   -0.0268832     0.562641     -1.81874
    -0.90549      1.32738      1.56819      1.78612     -1.33332       1.5168    -0.662019
   -0.905517      1.33837      1.57217      1.78612     -1.34328      1.52287    -0.660602
   -0.295666     0.793221   -0.0411425      1.78612    0.0549138     0.563355     -1.90687
   -0.310715     0.793055  -0.00280502      1.78612   0.00374818     0.562421     -1.85174
    -0.32539     0.793172    0.0345779      1.78612   -0.0461666     0.563079     -1.79797
   -0.905523      1.33169       1.5698      1.78612     -1.33722      1.51922    -0.661464
    -0.90548      1.34242      1.57354      1.78612     -1.34696      1.52502    -0.660079
   -0.301338     0.793124   -0.0266912      1.78612    0.0356481     0.562812     -1.88611
    -0.31639     0.793068    0.0116527      1.78612   -0.0155687     0.562492     -1.83093
   -0.905463      1.32528      1.56739      1.78612     -1.33142      1.51561     -0.66229
   -0.905527        1.336      1.57134      1.78612     -1.34113      1.52159    -0.660908
   -0.307013     0.793069   -0.0122364      1.78612    0.0163487       0.5625     -1.86532
   -0.322441     0.793126    0.0270652      1.78612   -0.0361468     0.562823     -1.80876
   -0.905511      1.32959      1.56902      1.78612     -1.33531      1.51805    -0.661734
   -0.905505      1.34005      1.57274      1.78612      -1.3448      1.52376    -0.660386
   -0.298013     0.793176   -0.0351617      1.78612     0.046945     0.563102     -1.89828
   -0.313064     0.793055   0.00317916      1.78612  -0.00424779     0.562422     -1.84313
   -0.328113     0.793224    0.0415159      1.78612   -0.0554108     0.563372     -1.78801
   -0.905429      1.32318      1.56658      1.78612     -1.32952       1.5144    -0.662561
   -0.905529      1.33363       1.5705      1.78612     -1.33898      1.52029    -0.661213
   -0.905452      1.34436      1.57418      1.78612     -1.34873      1.52603    -0.659828
   -0.303687     0.793097   -0.0207088      1.78612    0.0276633     0.562654     -1.87751
   -0.318739     0.793085    0.0176354      1.78612   -0.0235593     0.562589     -1.82232
   -0.905488      1.32722      1.56813      1.78612     -1.33317      1.51671     -0.66204
    -0.90552      1.33795      1.57202      1.78612     -1.34289      1.52264    -0.660657
   -0.294689     0.793241     -0.04363      1.78612    0.0582259     0.563471     -1.91044
   -0.309738     0.793057  -0.00529468      1.78612   0.00707473     0.562432     -1.85533
   -0.324413     0.793155    0.0320895      1.78612   -0.0428487     0.562987     -1.80154
   -0.905522      1.33153      1.56974      1.78612     -1.33707      1.51913    -0.661484
   -0.905488      1.34172      1.57331      1.78612     -1.34632      1.52465    -0.660169
   -0.300737     0.793133    -0.028223      1.78612    0.0376919     0.562858     -1.88831
   -0.315789     0.793064      0.01012      1.78612   -0.0135212     0.562473     -1.83314
   -0.330085     0.793267    0.0465388      1.78612   -0.0620969     0.563616      -1.7808
   -0.905452      1.32458      1.56712      1.78612     -1.33079      1.51521     -0.66238
   -0.905529      1.33531       1.5711      1.78612     -1.34049      1.52121    -0.660998
   -0.905424      1.34603      1.57472      1.78612     -1.35026       1.5269    -0.659611
   -0.306412     0.793073   -0.0137675      1.78612    0.0183939     0.562522     -1.86752
   -0.321463     0.793114    0.0245767      1.78612   -0.0328261     0.562752     -1.81234