  -0.354743    0.882248 -0.00250804     1.87971  0.00522604    0.379646    -1.79548
  -0.354743    0.882248 -0.00250804     1.87971    -3.13637   -0.379646     1.34611
  -0.959974     1.46615     1.57091     1.87971    -1.47103     1.53914   -0.516134
  -0.959974     1.46615     1.57091     1.87971    -4.61263    -1.53914     2.62546
  -0.360146    0.882261   0.0124569     1.87971  -0.0259489     0.37978    -1.76242
  -0.360146    0.882261   0.0124569     1.87971    -3.16754    -0.37978     1.37917
  -0.959949     1.45953     1.56984     1.87971    -1.46504     1.53613   -0.516422
  -0.959949     1.45953     1.56984     1.87971    -4.60663    -1.53613     2.62517
  -0.959957     1.47032     1.57151     1.87971    -1.47483     1.54098   -0.515938
  -0.959957     1.47032     1.57151     1.87971    -4.61642    -1.54098     2.62565
  -0.351576    0.882259  -0.0112787     1.87971    0.023496    0.379755    -1.81486
  -0.351576    0.882259  -0.0112787     1.87971     -3.1181   -0.379755     1.32674
  -0.959972      1.4637     1.57053     1.87971    -1.46881     1.53804   -0.516243
  -0.959972      1.4637     1.57053     1.87971    -4.61041    -1.53804     2.62535
  -0.356979    0.882249  0.00368634     1.87971 -0.00768062    0.379652    -1.78179
  -0.356979    0.882249  0.00368634     1.87971    -3.14927   -0.379652      1.3598
  -0.959969     1.46815     1.57121     1.87971    -1.47285     1.54003   -0.516041
  -0.959969     1.46815     1.57121     1.87971    -4.61445    -1.54003     2.62555
   -0.34841    0.882283  -0.0200493     1.87971   0.0417484    0.380003    -1.83421
   -0.34841    0.882283  -0.0200493     1.87971    -3.09984   -0.380003     1.30738
   -0.36274    0.882282   0.0196411     1.87971  -0.0408989    0.379988    -1.74657
   -0.36274    0.882282   0.0196411     1.87971    -3.18249   -0.379988     1.39503
  -0.959962     1.46126     1.57013     1.87971     -1.4666     1.53693   -0.516349
  -0.959962     1.46126     1.57013     1.87971    -4.60819    -1.53693     2.62524
  -0.354171    0.882249 -0.00409365     1.87971  0.00852969    0.379655    -1.79898
  -0.354171    0.882249 -0.00409365     1.87971    -3.13306   -0.379655     1.34261
  -0.959974      1.4657     1.57084     1.87971    -1.47063     1.53894   -0.516154
  -0.959974      1.4657     1.57084     1.87971    -4.61222    -1.53894     2.62544
  -0.359574    0.882258   0.0108717     1.87971  -0.0226481    0.379747    -1.76592
  -0.359574    0.882258   0.0108717     1.87971    -3.16424   -0.379747     1.37567
  -0.959945     1.45909     1.56977     1.87971    -1.46464     1.53592    -0.51644
  -0.959945     1.45909     1.56977     1.87971    -4.60624    -1.53592     2.62515
   -0.95996     1.46988     1.57145     1.87971    -1.47443     1.54078   -0.515959
   -0.95996     1.46988     1.57145     1.87971    -4.61602    -1.54078     2.62563
  -0.351004    0.882262  -0.0128646     1.87971   0.0267981    0.379789    -1.81836
  -0.351004    0.882262  -0.0128646     1.87971    -3.11479   -0.379789     1.32323
  -0.959971     1.46326     1.57046     1.87971    -1.46841     1.53784   -0.516263
  -0.959971     1.46326     1.57046     1.87971    -4.61001    -1.53784     2.62533
  -0.356407    0.882248  0.00209972     1.87971 -0.00437481    0.379644     -1.7853
  -0.356407    0.882248  0.00209972     1.87971    -3.14597   -0.379644     1.35629
  -0.959971     1.46743      1.5711     1.87971     -1.4722     1.53971   -0.516075
  -0.959971     1.46743      1.5711     1.87971    -4.61379    -1.53971     2.62552
  -0.347837    0.882289  -0.0216343     1.87971   0.0450438    0.380063    -1.83771
  -0.347837    0.882289  -0.0216343     1.87971    -3.09655   -0.380063     1.30388
   -0.36181    0.882273   0.0170648     1.87971  -0.0355399    0.379903    -1.75225
   -0.36181    0.882273   0.0170648     1.87971    -3.17713   -0.379903     1.38934
  -0.959959     1.46081     1.57006     1.87971     -1.4662     1.53672   -0.516368
  -0.959959     1.46081     1.57006     1.87971    -4.60779    -1.53672     2.62522
  -0.959944     1.47188     1.57173     1.87971    -1.47625     1.54165   -0.515862
  -0.959944     1.47188     1.57173     1.87971    -4.61785    -1.54165     2.62573
   -0.35324    0.882252 -0.00667018     1.87971   0.0138975     0.37968    -1.80468
   -0.35324    0.882252 -0.00667018     1.87971     -3.1277    -0.37968     1.33692
  -0.959974     1.46499     1.57073     1.87971    -1.46998     1.53862   -0.516186
  -0.959974     1.46499     1.57073     1.87971    -4.61157    -1.53862     2.62541
  -0.359001    0.882255  0.00928605     1.87971  -0.0193458    0.379718    -1.76942
  -0.359001    0.882255  0.00928605     1.87971    -3.16094   -0.379718     1.37217
  -0.959963     1.46943     1.57139     1.87971    -1.47402     1.54059    -0.51598
  -0.959963     1.46943     1.57139     1.87971    -4.61562    -1.54059     2.62561
  -0.350431    0.882266  -0.0144506     1.87971   0.0300997    0.379829    -1.82186
  -0.350431    0.882266  -0.0144506     1.87971    -3.11149   -0.379829     1.31973
  -0.959969     1.46282     1.57039     1.87971    -1.46801     1.53764   -0.516282
  -0.959969     1.46282     1.57039     1.87971    -4.60961    -1.53764     2.62531
  -0.355834    0.882247 0.000515044     1.87971 -0.00107294     0.37964     -1.7888
  -0.355834    0.882247 0.000515044     1.87971    -3.14267    -0.37964     1.35279
  -0.959973     1.46699     1.57103     1.87971     -1.4718     1.53951   -0.516095
  -0.959973     1.46699     1.57103     1.87971    -4.61339    -1.53951      2.6255
  -0.347265    0.882295  -0.0232205     1.87971   0.0483409    0.380127    -1.84121
  -0.347265    0.882295  -0.0232205     1.87971    -3.09325   -0.380127     1.30039
  -0.361237    0.882269   0.0154794     1.87971  -0.0322406    0.379856    -1.75575
  -0.361237    0.882269   0.0154794     1.87971    -3.17383   -0.379856     1.38584
  -0.959956     1.46037     1.56999     1.87971     -1.4658     1.53652   -0.516387
  -0.959956     1.46037     1.56999     1.87971     -4.6074    -1.53652     2.62521
   -0.95995     1.47116     1.57163     1.87971     -1.4756     1.54134   -0.515897
   -0.95995     1.47116     1.57163     1.87971    -4.61719    -1.54134      2.6257
  -0.352668    0.882254 -0.00825664     1.87971   0.0172022    0.379701    -1.80818
  -0.352668    0.882254 -0.00825664     1.87971    -3.12439   -0.379701     1.33341
  -0.959974     1.46454     1.57066     1.87971    -1.46958     1.53842   -0.516206
  -0.959974     1.46454     1.57066     1.87971    -4.61117    -1.53842     2.62539
  -0.358429    0.882253  0.00770032     1.87971  -0.0160429    0.379693    -1.77293
  -0.358429    0.882253  0.00770032     1.87971    -3.15764   -0.379693     1.36867
  -0.959965     1.46899     1.57133     1.87971    -1.47362      1.5404   -0.516001
  -0.959965     1.46899     1.57133     1.87971    -4.61521     -1.5404     2.62559
  -0.349501    0.882273  -0.0170273     1.87971   0.0354622    0.379902    -1.82755
  -0.349501    0.882273  -0.0170273     1.87971    -3.10613   -0.379902     1.31405
  -0.363832    0.882293   0.0226637     1.87971  -0.0471833    0.380104     -1.7399
  -0.363832    0.882293   0.0226637     1.87971    -3.18878   -0.380104     1.40169
  -0.959968     1.46238     1.57032     1.87971    -1.46761     1.53744   -0.516301
  -0.959968     1.46238     1.57032     1.87971    -4.60921    -1.53744     2.62529
  -0.354904    0.882248 -0.00206196     1.87971  0.00429659    0.379644    -1.79449
  -0.354904    0.882248 -0.00206196     1.87971     -3.1373   -0.379644      1.3471
  -0.959974     1.46627     1.57093     1.87971    -1.47115     1.53919   -0.516128
  -0.959974     1.46627     1.57093     1.87971    -4.61274    -1.53919     2.62546
  -0.360665    0.882265   0.0138947     1.87971  -0.0289422    0.379814    -1.75925
  -0.360665    0.882265   0.0138947     1.87971    -3.17053   -0.379814     1.38235
  -0.959952     1.45993     1.56991     1.87971     -1.4654     1.53632   -0.516405
  -0.959952     1.45993     1.56991     1.87971      -4.607    -1.53632     2.62519
  -0.959952       1.471      1.5716     1.87971    -1.47545     1.54127   -0.515905
  -0.959952       1.471      1.5716     1.87971    -4.61704    -1.54127     2.62569
  -0.352095    0.882256 -0.00984132     1.87971   0.0205028    0.379727    -1.81168
  -0.352095    0.882256 -0.00984132     1.87971    -3.12109   -0.379727     1.32991
  -0.959973     1.46383     1.57055     1.87971    -1.46893      1.5381   -0.516238
  -0.959973     1.46383     1.57055     1.87971    -4.61052     -1.5381     2.62535
  -0.357498     0.88225  0.00512379     1.87971  -0.0106755    0.379664    -1.77862
  -0.357498     0.88225  0.00512379     1.87971    -3.15227   -0.379664     1.36298
  -0.959968     1.46827     1.57122     1.87971    -1.47297     1.54008   -0.516035
  -0.959968     1.46827     1.57122     1.87971    -4.61456    -1.54008     2.62556
  -0.348571    0.882281  -0.0196039     1.87971   0.0408221    0.379987    -1.83323
  -0.348571    0.882281  -0.0196039     1.87971    -3.10077   -0.379987     1.30836
  -0.362901    0.882283   0.0200879     1.87971  -0.0418281    0.380005    -1.74558
  -0.362901    0.882283   0.0200879     1.87971    -3.18342   -0.380005     1.39601
  -0.959964     1.46166      1.5702     1.87971    -1.46696     1.53711   -0.516332
  -0.959964     1.46166      1.5702     1.87971    -4.60856    -1.53711     2.62526
  -0.353974    0.882249 -0.00463939     1.87971  0.00966671     0.37966    -1.80019
  -0.353974    0.882249 -0.00463939     1.87971    -3.13193    -0.37966      1.3414