   -1.06723     1.64597     1.57023     1.58797    -1.64597     1.57152   -0.996961
   -1.06723     1.64597     1.57023     1.58797    -4.78756    -1.57152     2.14463
   -1.06725     1.63981       1.571     1.58797     -1.6398     1.57218   -0.997024
   -1.06725     1.63981       1.571     1.58797    -4.78139    -1.57218     2.14457
  -0.536442     1.10163  0.00197411     1.58797 -0.00403136    0.451989    -2.04962
  -0.536442     1.10163  0.00197411     1.58797    -3.14562   -0.451989     1.09197
   -1.06724     1.64379     1.57051     1.58797    -1.64378     1.57177   -0.996993
   -1.06724     1.64379     1.57051     1.58797    -4.78538    -1.57177      2.1446
   -1.06724     1.63788     1.57121     1.58797    -1.63786     1.57236   -0.997027
   -1.06724     1.63788     1.57121     1.58797    -4.77945    -1.57236     2.14457
  -0.533993     1.10164 -0.00871867     1.58797   0.0178037     0.45206    -2.07165
  -0.533993     1.10164 -0.00871867     1.58797    -3.12379    -0.45206     1.06994
   -1.06725      1.6416     1.57079     1.58797    -1.64159       1.572   -0.997015
   -1.06725      1.6416     1.57079     1.58797    -4.78319      -1.572     2.14458
  -0.538171     1.10164  0.00952452     1.58797  -0.0194485    0.452074    -2.03407
  -0.538171     1.10164  0.00952452     1.58797    -3.16104   -0.452074     1.10752
   -1.06724     1.64533     1.57031     1.58797    -1.64533     1.57159   -0.996972
   -1.06724     1.64533     1.57031     1.58797    -4.78692    -1.57159     2.14462
   -1.06724     1.63942     1.57104     1.58797    -1.63941     1.57222   -0.997026
   -1.06724     1.63942     1.57104     1.58797      -4.781    -1.57222     2.14457
  -0.535722     1.10163 -0.00116831     1.58797  0.00238614    0.451987    -2.05609
  -0.535722     1.10163 -0.00116831     1.58797    -3.13921   -0.451987      1.0855
   -1.06724     1.64339     1.57056     1.58797    -1.64339     1.57181   -0.996998
   -1.06724     1.64339     1.57056     1.58797    -4.78498    -1.57181     2.14459
   -1.06723     1.63724     1.57128     1.58797    -1.63722     1.57242   -0.997027
   -1.06723     1.63724     1.57128     1.58797    -4.77881    -1.57242     2.14457
   -0.53355     1.10164  -0.0106516     1.58797   0.0217495    0.452096    -2.07563
   -0.53355     1.10164  -0.0106516     1.58797    -3.11984   -0.452096     1.06596
   -1.06725     1.64121     1.57083     1.58797     -1.6412     1.57204   -0.997017
   -1.06725     1.64121     1.57083     1.58797    -4.78279    -1.57204     2.14458
  -0.537728     1.10164  0.00759161     1.58797  -0.0155023    0.452042    -2.03805
  -0.537728     1.10164  0.00759161     1.58797    -3.15709   -0.452042     1.10354
   -1.06724     1.64494     1.57036     1.58797    -1.64493     1.57164   -0.996977
   -1.06724     1.64494     1.57036     1.58797    -4.78653    -1.57164     2.14462
   -1.06724     1.63902     1.57109     1.58797    -1.63901     1.57226   -0.997027
   -1.06724     1.63902     1.57109     1.58797     -4.7806    -1.57226     2.14457
  -0.535279     1.10163 -0.00310075     1.58797  0.00633254    0.451995    -2.06008
  -0.535279     1.10163 -0.00310075     1.58797    -3.13526   -0.451995     1.08152
   -1.06725     1.64275     1.57065     1.58797    -1.64274     1.57188   -0.997005
   -1.06725     1.64275     1.57065     1.58797    -4.78434    -1.57188     2.14459
  -0.539458     1.10164   0.0151418     1.58797  -0.0309124    0.452209     -2.0225
  -0.539458     1.10164   0.0151418     1.58797    -3.17251   -0.452209     1.11909
   -1.06723     1.63684     1.57132     1.58797    -1.63682     1.57246   -0.997026
   -1.06723     1.63684     1.57132     1.58797    -4.77841    -1.57246     2.14457
   -0.53283     1.10164  -0.0137925     1.58797   0.0281597    0.452171     -2.0821
   -0.53283     1.10164  -0.0137925     1.58797    -3.11343   -0.452171      1.0595
   -1.06725     1.64081     1.57088     1.58797     -1.6408     1.57208    -0.99702
   -1.06725     1.64081     1.57088     1.58797    -4.78239    -1.57208     2.14457
  -0.537286     1.10164  0.00565934     1.58797  -0.0115569    0.452017    -2.04203
  -0.537286     1.10164  0.00565934     1.58797    -3.15315   -0.452017     1.09956
   -1.06724     1.64454     1.57042     1.58797    -1.64454     1.57168   -0.996983
   -1.06724     1.64454     1.57042     1.58797    -4.78613    -1.57168     2.14461
   -1.06724     1.63838     1.57116     1.58797    -1.63837     1.57232   -0.997027
   -1.06724     1.63838     1.57116     1.58797    -4.77996    -1.57232     2.14457
  -0.534837     1.10163 -0.00503355     1.58797   0.0102795     0.45201    -2.06406
  -0.534837     1.10163 -0.00503355     1.58797    -3.13131    -0.45201     1.07753
   -1.06725     1.64211     1.57072     1.58797     -1.6421     1.57195    -0.99701
   -1.06725     1.64211     1.57072     1.58797    -4.78369    -1.57195     2.14458
  -0.539015     1.10164   0.0132083     1.58797  -0.0269674    0.452155    -2.02648
  -0.539015     1.10164   0.0132083     1.58797    -3.16856   -0.452155     1.11511
   -1.06723     1.64608     1.57021     1.58797    -1.64608      1.5715   -0.996959
   -1.06723     1.64608     1.57021     1.58797    -4.78768     -1.5715     2.14463
  -0.532387     1.10165  -0.0157251     1.58797   0.0321028    0.452226    -2.08607
  -0.532387     1.10165  -0.0157251     1.58797    -3.10949   -0.452226     1.05552
   -1.06725     1.64017     1.57096     1.58797    -1.64016     1.57215   -0.997023
   -1.06725     1.64017     1.57096     1.58797    -4.78175    -1.57215     2.14457
  -0.536566     1.10163  0.00251633     1.58797 -0.00513868    0.451992     -2.0485
  -0.536566     1.10163  0.00251633     1.58797    -3.14673   -0.451992     1.09309
   -1.06724     1.64415     1.57047     1.58797    -1.64414     1.57173   -0.996989
   -1.06724     1.64415     1.57047     1.58797    -4.78573    -1.57173      2.1446
   -1.06724     1.63823     1.57117     1.58797    -1.63822     1.57233   -0.997027
   -1.06724     1.63823     1.57117     1.58797    -4.77981    -1.57233     2.14457
  -0.534117     1.10164 -0.00817513     1.58797    0.016694    0.452051    -2.07053
  -0.534117     1.10164 -0.00817513     1.58797     -3.1249   -0.452051     1.07106
   -1.06725     1.64196     1.57074     1.58797    -1.64195     1.57196   -0.997012
   -1.06725     1.64196     1.57074     1.58797    -4.78355    -1.57196     2.14458
  -0.538296     1.10164   0.0100673     1.58797  -0.0205566    0.452084    -2.03295
  -0.538296     1.10164   0.0100673     1.58797    -3.16215   -0.452084     1.10864