   -0.872035     0.854546  7.70092e-05      1.97842 -0.000190947     0.308629     -2.32778
   -0.872035     0.854546  7.70092e-05      1.97842     -3.14178    -0.308629     0.813816
    -1.49665      1.44934      1.56999      1.97842     -1.45952      1.52202    -0.976975
    -1.49665      1.44934      1.56999      1.97842     -4.60111     -1.52202      2.16462
    -1.49664      1.46044      1.57177      1.97842     -1.46903      1.52801    -0.976321
    -1.49664      1.46044      1.57177      1.97842     -4.61062     -1.52801      2.16527
   -0.863012     0.854598   -0.0234207      1.97842    0.0580838     0.309201      -2.3897
   -0.863012     0.854598   -0.0234207      1.97842     -3.08351    -0.309201     0.751893
   -0.878101      0.85457    0.0158747      1.97842   -0.0393963     0.308892     -2.28612
   -0.878101      0.85457    0.0158747      1.97842     -3.18099    -0.308892     0.855474
    -1.49667      1.45363      1.57072      1.97842     -1.46318      1.52437    -0.976729
    -1.49667      1.45363      1.57072      1.97842     -4.60478     -1.52437      2.16486
   -0.868701     0.854553  -0.00860679      1.97842    0.0213688     0.308706     -2.35068
   -0.868701     0.854553  -0.00860679      1.97842     -3.12022    -0.308706     0.790908
    -1.49663      1.44683      1.56954      1.97842     -1.45738      1.52061    -0.977114
    -1.49663      1.44683      1.56954      1.97842     -4.59897     -1.52061      2.16448
    -1.49666      1.45821      1.57144      1.97842     -1.46711      1.52683    -0.976458
    -1.49666      1.45821      1.57144      1.97842      -4.6087     -1.52683      2.16514
   -0.874767      0.85455   0.00719154      1.97842   -0.0178554     0.308683     -2.30901
   -0.874767      0.85455   0.00719154      1.97842     -3.15945    -0.308683     0.832585
    -1.49666      1.45112       1.5703      1.97842     -1.46103        1.523    -0.976874
    -1.49666      1.45112       1.5703      1.97842     -4.60263       -1.523      2.16472
   -0.865744     0.854571   -0.0163073      1.97842    0.0404691     0.308907     -2.37098
   -0.865744     0.854571   -0.0163073      1.97842     -3.10112    -0.308907     0.770612
   -0.880455     0.854592    0.0220056      1.97842    -0.054582     0.309135     -2.26998
   -0.880455     0.854592    0.0220056      1.97842     -3.19617    -0.309135     0.871611
    -1.49667      1.45569      1.57105      1.97842     -1.46495      1.52549    -0.976608
    -1.49667      1.45569      1.57105      1.97842     -4.60654     -1.52549      2.16498
   -0.871432     0.854546  -0.00149149      1.97842    0.0037039     0.308631     -2.33191
   -0.871432     0.854546  -0.00149149      1.97842     -3.13789    -0.308631     0.809678
    -1.49665       1.4486      1.56986      1.97842     -1.45889      1.52161    -0.977016
    -1.49665       1.4486      1.56986      1.97842     -4.60048     -1.52161      2.16458
    -1.49664      1.45998      1.57171      1.97842     -1.46864      1.52777    -0.976349
    -1.49664      1.45998      1.57171      1.97842     -4.61023     -1.52777      2.16524
    -0.86241     0.854605   -0.0249904      1.97842    0.0619659     0.309281     -2.39383
    -0.86241     0.854605   -0.0249904      1.97842     -3.07963    -0.309281     0.747768
   -0.877121     0.854563    0.0133231      1.97842   -0.0330696     0.308814     -2.29284
   -0.877121     0.854563    0.0133231      1.97842     -3.17466    -0.308814     0.848751
    -1.49667      1.45318      1.57065      1.97842     -1.46279      1.52413    -0.976756
    -1.49667      1.45318      1.57065      1.97842     -4.60439     -1.52413      2.16484
   -0.868098     0.854556   -0.0101755      1.97842    0.0252617     0.308737     -2.35482
   -0.868098     0.854556   -0.0101755      1.97842     -3.11633    -0.308737     0.786772
    -1.49666      1.45747      1.57133      1.97842     -1.46647      1.52644    -0.976502
    -1.49666      1.45747      1.57133      1.97842     -4.60807     -1.52644      2.16509
   -0.874164     0.854549   0.00562221      1.97842   -0.0139596     0.308662     -2.31315
   -0.874164     0.854549   0.00562221      1.97842     -3.15555    -0.308662     0.828446
    -1.49666      1.45066      1.57022      1.97842     -1.46065      1.52275      -0.9769
    -1.49666      1.45066      1.57022      1.97842     -4.60224     -1.52275      2.16469
   -0.864764     0.854579    -0.018859      1.97842    0.0467919        0.309      -2.3777
   -0.864764     0.854579    -0.018859      1.97842      -3.0948       -0.309     0.763893
   -0.879853     0.854585    0.0204368      1.97842   -0.0506986     0.309065     -2.27411
   -0.879853     0.854585    0.0204368      1.97842     -3.19229    -0.309065     0.867485
    -1.49667      1.45495      1.57094      1.97842     -1.46431      1.52509    -0.976652
    -1.49667      1.45495      1.57094      1.97842     -4.60591     -1.52509      2.16494
    -0.87083     0.854547  -0.00306314      1.97842   0.00760645     0.308639     -2.33606
    -0.87083     0.854547  -0.00306314      1.97842     -3.13399    -0.308639     0.805531
    -1.49664      1.44815      1.56978      1.97842      -1.4585      1.52135    -0.977041
    -1.49664      1.44815      1.56978      1.97842      -4.6001     -1.52135      2.16455
    -1.49665      1.45953      1.57164      1.97842     -1.46825      1.52753    -0.976377
    -1.49665      1.45953      1.57164      1.97842     -4.60984     -1.52753      2.16522
   -0.876519     0.854559    0.0117532      1.97842   -0.0291756     0.308773     -2.29698
   -0.876519     0.854559    0.0117532      1.97842     -3.17077    -0.308773     0.844613
    -1.49667      1.45272      1.57057      1.97842     -1.46241      1.52388    -0.976782
    -1.49667      1.45272      1.57057      1.97842       -4.604     -1.52388      2.16481
   -0.867495     0.854559   -0.0117462      1.97842    0.0291588     0.308773     -2.35896
   -0.867495     0.854559   -0.0117462      1.97842     -3.11243    -0.308773     0.782631
    -1.49666      1.45701      1.57126      1.97842     -1.46608       1.5262     -0.97653
    -1.49666      1.45701      1.57126      1.97842     -4.60768      -1.5262      2.16506
   -0.873184     0.854546   0.00307029      1.97842  -0.00762365     0.308639     -2.31988
   -0.873184     0.854546   0.00307029      1.97842     -3.14922    -0.308639     0.821713
    -1.49666      1.45021      1.57015      1.97842     -1.46026       1.5225    -0.976926
    -1.49666      1.45021      1.57015      1.97842     -4.60185      -1.5225      2.16467
   -0.864161     0.854585   -0.0204288      1.97842    0.0506793     0.309065     -2.38183
   -0.864161     0.854585   -0.0204288      1.97842     -3.09091    -0.309065     0.759762
   -0.878873     0.854576     0.017886      1.97842   -0.0443809     0.308963     -2.28082
   -0.878873     0.854576     0.017886      1.97842     -3.18597    -0.308963     0.860771
    -1.49667       1.4545      1.57086      1.97842     -1.46393      1.52484    -0.976679
    -1.49667       1.4545      1.57086      1.97842     -4.60552     -1.52484      2.16491
    -0.86985     0.854549  -0.00561351      1.97842    0.0139386     0.308662     -2.34279
    -0.86985     0.854549  -0.00561351      1.97842     -3.12765    -0.308662     0.798803
    -1.49664      1.44769       1.5697      1.97842     -1.45812       1.5211    -0.977067
    -1.49664      1.44769       1.5697      1.97842     -4.59971      -1.5211      2.16453
    -1.49665      1.45879      1.57153      1.97842     -1.46761      1.52714    -0.976422
    -1.49665      1.45879      1.57153      1.97842      -4.6092     -1.52714      2.16517
   -0.875916     0.854556    0.0101833      1.97842   -0.0252805     0.308737     -2.30112
   -0.875916     0.854556    0.0101833      1.97842     -3.16687    -0.308737     0.840474
    -1.49667      1.45198      1.57045      1.97842     -1.46177      1.52347    -0.976825
    -1.49667      1.45198      1.57045      1.97842     -4.60337     -1.52347      2.16477
   -0.866893     0.854563   -0.0133154      1.97842    0.0330511     0.308814      -2.3631
   -0.866893     0.854563   -0.0133154      1.97842     -3.10854    -0.308814     0.778495
   -0.881604     0.854605    0.0249968      1.97842   -0.0619811     0.309281     -2.26212
   -0.881604     0.854605    0.0249968      1.97842     -3.20357    -0.309281     0.879474
    -1.49666      1.45656      1.57119      1.97842     -1.46569      1.52595    -0.976557
    -1.49666      1.45656      1.57119      1.97842     -4.60729     -1.52595      2.16504
   -0.872582     0.854546   0.00150037      1.97842  -0.00372539     0.308631     -2.32402
   -0.872582     0.854546   0.00150037      1.97842     -3.14532    -0.308631     0.817571
    -1.49666      1.44975      1.57007      1.97842     -1.45987      1.52224    -0.976952
    -1.49666      1.44975      1.57007      1.97842     -4.60146     -1.52224      2.16464
    -1.49664      1.46085      1.57183      1.97842     -1.46939      1.52823    -0.976296
    -1.49664      1.46085      1.57183      1.97842     -4.61098     -1.52823       2.1653
   -0.863559     0.854592    -0.021998      1.97842    0.0545638     0.309134     -2.38596
   -0.863559     0.854592    -0.021998      1.97842     -3.08703    -0.309134     0.755634
    -0.87827     0.854571    0.0163155      1.97842   -0.0404888     0.308907     -2.28496
    -0.87827     0.854571    0.0163155      1.97842     -3.18208    -0.308907     0.856635
    -1.49667      1.45404      1.57079      1.97842     -1.46354       1.5246    -0.976705
    -1.49667      1.45404      1.57079      1.97842     -4.60513      -1.5246      2.16489
   -0.869247      0.85455  -0.00718349      1.97842     0.017836     0.308683     -2.34693
   -0.869247      0.85455  -0.00718349      1.97842     -3.12376    -0.308683     0.794662
    -1.49664      1.44724      1.56962      1.97842     -1.45773      1.52084    -0.977092
    -1.49664      1.44724      1.56962      1.97842     -4.59933     -1.52084       2.1645
    -1.49665      1.45862      1.57151      1.97842     -1.46746      1.52705    -0.976433
    -1.49665      1.45862      1.57151      1.97842     -4.60906     -1.52705      2.16516
   -0.874936     0.854551    0.0076322      1.97842   -0.0189493      0.30869     -2.30785
   -0.874936     0.854551    0.0076322      1.97842     -3.16054     -0.30869     0.833747
    -1.49666      1.45153      1.57037      1.97842     -1.46139      1.52322    -0.976851
    -1.49666      1.45153      1.57037      1.97842     -4.60298     -1.52322      2.16474
   -0.865913      0.85457   -0.0158665      1.97842    0.0393765     0.308892     -2.36982
   -0.865913      0.85457   -0.0158665      1.97842     -3.10222    -0.308892     0.771774
   -0.881002     0.854598    0.0234296      1.97842   -0.0581053     0.309202     -2.26624
   -0.881002     0.854598    0.0234296      1.97842      -3.1997    -0.309202     0.875356
    -1.49667       1.4561      1.57112      1.97842      -1.4653      1.52571    -0.976584
    -1.49667       1.4561      1.57112      1.97842     -4.60689     -1.52571      2.16501
   -0.871602     0.854546  -0.00105083      1.97842   0.00260968      0.30863     -2.33075
   -0.871602     0.854546  -0.00105083      1.97842     -3.13898     -0.30863      0.81084