   -1.87258     1.47845     1.56973     2.08013    -1.49063     1.52489     1.77646
   -1.87262      1.4901     1.57113     2.08013    -1.50015     1.53177     1.77694
   -1.21763    0.865123   -0.038021     2.08013    0.147045    0.198785    0.184307
   -1.23256    0.864985 0.000494838     2.08013 -0.00192878    0.196476     0.34045
   -1.24787    0.865138   0.0399961     2.08013   -0.154552    0.199029    0.500424
   -1.87262     1.48313     1.57034     2.08013    -1.49444     1.52769     1.77664
   -1.87259      1.4945     1.57156     2.08013    -1.50378     1.53429     1.77714
    -1.2234    0.865036  -0.0231297     2.08013   0.0899067    0.197334    0.244217
   -1.23871    0.865011   0.0163776     2.08013   -0.063755    0.196906    0.405232
   -1.87254     1.47588     1.56937     2.08013    -1.48855     1.52333     1.77636
   -1.87263     1.48753     1.57085     2.08013    -1.49803     1.53028     1.77683
   -1.87253     1.49889     1.57194     2.08013    -1.50743     1.53676     1.77736
   -1.22956     0.86499 -0.00724924     2.08013   0.0282548     0.19656    0.308825
   -1.24449    0.865079   0.0312693     2.08013   -0.121246    0.198041    0.465494
    -1.8726     1.48056     1.57001     2.08013    -1.49234     1.52616     1.77654
   -1.87261     1.49192     1.57132     2.08013    -1.50165     1.53282     1.77702
   -1.22002    0.865082  -0.0318571     2.08013    0.123501      0.1981    0.208999
   -1.23533    0.864991  0.00764763     2.08013  -0.0298057     0.19657    0.369658
   -1.87263     1.48495     1.57056     2.08013    -1.49592     1.52877     1.77672
   -1.87257      1.4966     1.57175     2.08013    -1.50553     1.53548     1.77724
   -1.22618    0.865009  -0.0159786     2.08013   0.0622071    0.196886    0.273248
    -1.2411    0.865034    0.022542     2.08013  -0.0876345    0.197291    0.430259
   -1.87257     1.47798     1.56967     2.08013    -1.49026     1.52461     1.77644
   -1.87263     1.48935     1.57105     2.08013    -1.49952     1.53134     1.77691
   -1.21664    0.865143  -0.0405835     2.08013    0.156782    0.199104    0.174094
   -1.23195    0.864985 -0.00108349     2.08013  0.00422465    0.196478    0.334002
   -1.24726    0.865126   0.0384181     2.08013   -0.148555    0.198833    0.494134
   -1.87261     1.48238     1.57024     2.08013    -1.49382     1.52724     1.77661
    -1.8726     1.49403     1.57152     2.08013    -1.50339     1.53402     1.77712
   -1.22279    0.865043  -0.0247072     2.08013   0.0959981    0.197454    0.237832
   -1.23772    0.865003   0.0138122     2.08013  -0.0537916    0.196782    0.394791
   -1.87254     1.47541      1.5693     2.08013    -1.48818     1.52304     1.77635
   -1.87263     1.48677     1.57077     2.08013    -1.49741     1.52984     1.77679
   -1.87254     1.49842     1.57191     2.08013    -1.50704      1.5365     1.77733
   -1.22856    0.864994  -0.0098139     2.08013   0.0382413    0.196631    0.298361
   -1.24387    0.865069   0.0296924     2.08013   -0.115193    0.197887    0.459148
    -1.8726     1.48009     1.56995     2.08013    -1.49197     1.52588     1.77652
   -1.87262     1.49145     1.57127     2.08013    -1.50126     1.53255       1.777
   -1.21941    0.865092   -0.033435     2.08013    0.129543    0.198264    0.202663
   -1.23472    0.864989  0.00606954     2.08013  -0.0236581    0.196535    0.363217
   -1.87262     1.48449      1.5705     2.08013    -1.49554     1.52849      1.7767
   -1.87258     1.49585     1.57169     2.08013     -1.5049     1.53505     1.77721
   -1.22518    0.865018  -0.0185435     2.08013   0.0721568    0.197028    0.262821
   -1.24049    0.865027   0.0209645     2.08013  -0.0815331    0.197181    0.423864
   -1.87256     1.47723     1.56956     2.08013    -1.48965     1.52415     1.77641
   -1.87263     1.48888       1.571     2.08013    -1.49914     1.53107     1.77689
   -1.21603    0.865155  -0.0421606     2.08013    0.162758    0.199311    0.167825
   -1.23134    0.864986 -0.00266135     2.08013   0.0103759    0.196488    0.327558
   -1.24626    0.865108   0.0358546     2.08013   -0.138789     0.19853     0.48389
   -1.87261     1.48191     1.57018     2.08013    -1.49344     1.52697     1.77659
    -1.8726     1.49356     1.57147     2.08013    -1.50301     1.53376      1.7771
   -1.22218    0.865051  -0.0262858     2.08013    0.102086    0.197583    0.231451
   -1.23711    0.864999   0.0122354     2.08013  -0.0476618    0.196717    0.388368
   -1.87253     1.47494     1.56924     2.08013     -1.4878     1.52276     1.77633
   -1.87263     1.48631     1.57071     2.08013    -1.49703     1.52956     1.77677
   -1.87255     1.49796     1.57187     2.08013    -1.50666     1.53624     1.77731
   -1.22795    0.864997  -0.0113915     2.08013   0.0443803    0.196685    0.291928
   -1.24288    0.865055   0.0271276     2.08013   -0.105328    0.197655    0.448806
   -1.87259     1.47934     1.56985     2.08013    -1.49135     1.52542     1.77649
   -1.87262      1.4907     1.57119     2.08013    -1.50064     1.53212     1.77697
    -1.2188    0.865102   -0.035013     2.08013    0.135576    0.198436    0.196336
   -1.23373    0.864986  0.00350404     2.08013  -0.0136599    0.196496    0.352741
   -1.24903    0.865162   0.0430028     2.08013   -0.165943    0.199425    0.512375
   -1.87262     1.48373     1.57041     2.08013    -1.49492     1.52805     1.77667
   -1.87258     1.49538     1.57164     2.08013    -1.50451     1.53479     1.77718
   -1.22457    0.865024  -0.0201218     2.08013   0.0782718    0.197126    0.256412
   -1.23988    0.865021   0.0193852     2.08013  -0.0754179    0.197079    0.417455
   -1.87256     1.47676      1.5695     2.08013    -1.48927     1.52387     1.77639
   -1.87263     1.48841     1.57095     2.08013    -1.49876      1.5308     1.77686
   -1.23034    0.864988 -0.00522721     2.08013   0.0203767     0.19652    0.317079
   -1.24565    0.865097   0.0342776     2.08013   -0.132765    0.198355    0.477573
   -1.87261     1.48145     1.57012     2.08013    -1.49306     1.52669     1.77657
   -1.87261     1.49281      1.5714     2.08013    -1.50238     1.53333     1.77706
   -1.22119    0.865065  -0.0288506     2.08013    0.111958    0.197809    0.221101
    -1.2365    0.864996    0.010656     2.08013  -0.0415178    0.196658     0.38193
   -1.87263     1.48584     1.57066     2.08013    -1.49665     1.52929     1.77675
   -1.87256      1.4972      1.5718     2.08013    -1.50603     1.53581     1.77727
   -1.22734    0.865001  -0.0129704     2.08013   0.0505208    0.196746    0.285494
   -1.24227    0.865047   0.0255497     2.08013  -0.0992471    0.197522    0.442431
   -1.87258     1.47858     1.56975     2.08013    -1.49074     1.52497     1.77646
   -1.87262     1.49023     1.57114     2.08013    -1.50025     1.53185     1.77695
   -1.21781     0.86512  -0.0375761     2.08013    0.145352    0.198732    0.186084
   -1.23311    0.864985  0.00192535     2.08013 -0.00750579    0.196482    0.346293
   -1.24804    0.865141   0.0404394     2.08013   -0.156234    0.199085    0.502189
   -1.87262     1.48326     1.57035     2.08013    -1.49454     1.52777     1.77665
   -1.87259     1.49492      1.5716     2.08013    -1.50413     1.53453     1.77716
   -1.22396     0.86503  -0.0216999     2.08013   0.0843792    0.197231    0.250011
   -1.23889    0.865012     0.01682     2.08013  -0.0654717     0.19693    0.407031
   -1.87255      1.4763     1.56943     2.08013    -1.48889     1.52358     1.77638
   -1.87263     1.48766     1.57087     2.08013    -1.49814     1.53035     1.77683
   -1.22973    0.864989 -0.00680447     2.08013   0.0265222    0.196551     0.31064
   -1.24504    0.865087   0.0327002     2.08013    -0.12673    0.198186    0.471245
    -1.8726     1.48069     1.57003     2.08013    -1.49245     1.52624     1.77654
   -1.87261     1.49234     1.57136     2.08013    -1.50199     1.53306     1.77704
   -1.22058    0.865074  -0.0304278     2.08013    0.118018    0.197958    0.214748
   -1.23589    0.864993  0.00907803     2.08013  -0.0353758    0.196609    0.375494
   -1.87263     1.48508     1.57057     2.08013    -1.49603     1.52885     1.77672
   -1.87257     1.49674     1.57176     2.08013    -1.50564     1.53555     1.77725
   -1.22635    0.865008   -0.015535     2.08013    0.060485    0.196863    0.275052
   -1.24166     0.86504   0.0239723     2.08013  -0.0931603    0.197397    0.436051
   -1.87258     1.47841     1.56972     2.08013     -1.4906     1.52486     1.77646
   -1.87262     1.49006     1.57113     2.08013    -1.50011     1.53175     1.77694