    0.191751     0.605128   -0.0331319      2.09674    0.0442222     0.440361     -1.37825
    0.171713     0.604998   0.00547837      2.09674   -0.0073171     0.439874     -1.31991
    0.151166     0.605242    0.0450707      2.09674   -0.0601198     0.440786     -1.26012
    0.131168     0.605845    0.0836234      2.09674    -0.111182     0.443042     -1.20226
   -0.508254      1.15342      1.56649      2.09674     -1.20647      1.36238    0.0462996
   -0.508291      1.16481      1.57264      2.09674     -1.21405      1.37271    0.0502529
   -0.508133       1.1765      1.57859      2.09674     -1.22191      1.38306    0.0542342
    0.857374      1.16857     -1.57459      2.09674      1.21656      1.37606     -2.70792
      0.8574      1.15717     -1.56856      2.09674      1.20896      1.36581     -2.70399
    0.857227      1.14548       -1.562      2.09674      1.20125      1.35506     -2.69988
    0.204543       0.6054   -0.0577846      2.09674    0.0770127     0.441382     -1.41539
    0.184004     0.605035   -0.0182043      2.09674    0.0243103     0.440012     -1.35571
    0.163451      0.60505    0.0213981      2.09674   -0.0285725      0.44007     -1.29584
    0.143427     0.605432    0.0599869      2.09674   -0.0799337       0.4415     -1.23768
   -0.508137      1.14643      1.56254      2.09674     -1.20187      1.35593    0.0438371
   -0.508291      1.15782      1.56891      2.09674     -1.20939       1.3664    0.0478371
   -0.508251      1.16951      1.57508      2.09674      -1.2172       1.3769     0.051862
    0.857265      1.17556     -1.57812      2.09674      1.22127      1.38223      -2.7103
    0.857406      1.16416      -1.5723      2.09674      1.21361      1.37212     -2.70641
    0.857355      1.15247     -1.56597      2.09674      1.20585      1.36152     -2.70235
    0.216804       0.6058   -0.0814241      2.09674     0.108284     0.442878     -1.45083
     0.19629     0.605208   -0.0418788      2.09674    0.0558726      0.44066     -1.39145
    0.176255     0.604996  -0.00327326      2.09674   0.00437225     0.439865     -1.33314
    0.155704     0.605155    0.0363249      2.09674   -0.0484766     0.440462     -1.27331
    0.135184     0.605694    0.0758799      2.09674    -0.100968     0.442482     -1.21384
   -0.508219      1.15083      1.56505      2.09674     -1.20477      1.36001    0.0453934
   -0.508299      1.16252      1.57143      2.09674     -1.21252      1.37065     0.049464
   -0.508185      1.17392       1.5773      2.09674     -1.22016      1.38079    0.0533605
    0.857342      1.17115     -1.57591      2.09674       1.2183      1.37835      -2.7088
     0.85741      1.15946      -1.5698      2.09674      1.21048      1.36789     -2.70479
    0.857283      1.14807     -1.56348      2.09674      1.20294      1.35746      -2.7008
    0.208563     0.605516   -0.0655355      2.09674    0.0872877     0.441817     -1.42703
    0.188545     0.605083   -0.0269541      2.09674    0.0359853     0.440192     -1.36893
    0.167992     0.605014    0.0126476      2.09674   -0.0168914     0.439934     -1.30907
    0.147962     0.605314    0.0512459      2.09674     -0.06833     0.441058     -1.25082
   -0.508075      1.14384      1.56105      2.09674     -1.20017      1.35353    0.0429197
   -0.508273      1.15524       1.5675      2.09674     -1.20768      1.36405    0.0469374
   -0.508277      1.16693      1.57374      2.09674     -1.21546       1.3746    0.0509791
   -0.508083      1.17862      1.57962      2.09674     -1.22334      1.38491    0.0549472
    0.857207      1.17814     -1.57939      2.09674      1.22302      1.38449     -2.71117
    0.857391      1.16675     -1.57365      2.09674      1.21534      1.37444      -2.7073
    0.857383      1.15506      -1.5674      2.09674      1.20756      1.36388     -2.70325
    0.857175      1.14337     -1.56078      2.09674      1.19986      1.35309     -2.69913
    0.200827     0.605306   -0.0506233      2.09674     0.067503     0.441029     -1.40462
    0.180797     0.605012   -0.0120244      2.09674    0.0160596     0.439927     -1.34637
    0.160244     0.605087    0.0275769      2.09674   -0.0368156     0.440207     -1.28651
    0.139714     0.605543    0.0671451      2.09674   -0.0894186     0.441914     -1.22693
   -0.508174      1.14825      1.56359      2.09674     -1.20307      1.35762    0.0444824
   -0.508298      1.15994      1.57005      2.09674      -1.2108      1.36832    0.0485713
   -0.508227      1.17134        1.576      2.09674     -1.21842      1.37852    0.0524835
      0.8573      1.17374     -1.57721      2.09674      1.22004      1.38063     -2.70968
    0.857412      1.16205     -1.57118      2.09674       1.2122      1.37022     -2.70568
    0.857328      1.15065     -1.56495      2.09674      1.20465      1.35984     -2.70171
    0.213094     0.605665    -0.074271      2.09674    0.0988433     0.442372     -1.44013
    0.193085      0.60515   -0.0357022      2.09674    0.0476472     0.440442     -1.38213
    0.172534     0.604997   0.00389612      2.09674  -0.00520379     0.439867      -1.3223
    0.152499     0.605214    0.0425016      2.09674   -0.0567013     0.440684     -1.26399
    0.131986     0.605813    0.0820455      2.09674    -0.109102     0.442924     -1.20462
   -0.508245      1.15266      1.56607      2.09674     -1.20597      1.36169    0.0460336
   -0.508293      1.16435       1.5724      2.09674     -1.21374      1.37229    0.0500924
   -0.508143      1.17604      1.57836      2.09674     -1.22159      1.38265    0.0540765
    0.857369      1.16904     -1.57483      2.09674      1.21688      1.37648     -2.70808
    0.857402      1.15764     -1.56881      2.09674      1.20927      1.36623     -2.70415
    0.857238      1.14595     -1.56227      2.09674      1.20155      1.35549     -2.70005
    0.205362     0.605423   -0.0593644      2.09674    0.0791085     0.441466     -1.41777
    0.184825     0.605042    -0.019786      2.09674    0.0264214     0.440039      -1.3581
    0.164785     0.605038    0.0188272      2.09674   -0.0251414     0.440022     -1.29973
    0.144247     0.605409     0.058407      2.09674   -0.0778381     0.441415     -1.24005
   -0.508119      1.14567      1.56211      2.09674     -1.20137      1.35523    0.0435681
   -0.508288      1.15736      1.56866      2.09674     -1.20908      1.36598    0.0476747
    -0.50826      1.16875      1.57469      2.09674     -1.21669      1.37622    0.0516031
    0.857249      1.17632      -1.5785      2.09674      1.22178       1.3829     -2.71055
    0.857404      1.16463     -1.57254      2.09674      1.21393      1.37254     -2.70657
    0.857364      1.15323     -1.56639      2.09674      1.20635      1.36221     -2.70262
    0.217622     0.605832   -0.0830019      2.09674     0.110363     0.442995     -1.45319
    0.197623     0.605235   -0.0444484      2.09674    0.0592922     0.440761     -1.39532
    0.177076     0.604998  -0.00485517      2.09674   0.00648514     0.439871     -1.33553
    0.156525     0.605141    0.0347437      2.09674   -0.0463698     0.440411     -1.27569
    0.136514     0.605648     0.073314      2.09674   -0.0975782     0.442308     -1.21768
   -0.508212      1.15037      1.56479      2.09674     -1.20446      1.35958    0.0452289
     -0.5083      1.16176      1.57103      2.09674     -1.21201      1.36997    0.0492021
   -0.508193      1.17345      1.57707      2.09674     -1.21985      1.38038    0.0532021
    0.857335      1.17162     -1.57615      2.09674      1.21861      1.37877     -2.70896
    0.857411      1.16022     -1.57021      2.09674      1.21099      1.36858     -2.70505
    0.857292      1.14853     -1.56375      2.09674      1.20325      1.35789     -2.70096
    0.209895     0.605558   -0.0681027      2.09674    0.0906866     0.441973     -1.43089
    0.189366     0.605094   -0.0285356      2.09674    0.0380945     0.440232     -1.37132
    0.169326     0.605007    0.0100765      2.09674   -0.0134581     0.439907     -1.31295
    0.148782     0.605294    0.0496652      2.09674   -0.0662292     0.440985      -1.2532
   -0.508055      1.14308      1.56061      2.09674     -1.19967      1.35282    0.0426492
   -0.508268      1.15477      1.56724      2.09674     -1.20737      1.36362    0.0467744
    -0.50828      1.16646       1.5735      2.09674     -1.21515      1.37418    0.0508191
   -0.508101      1.17786      1.57925      2.09674     -1.22282      1.38425    0.0546919
    0.857188       1.1789     -1.57976      2.09674      1.22353      1.38516     -2.71142
    0.857387      1.16721     -1.57389      2.09674      1.21565      1.37485     -2.70746
    0.857387      1.15552     -1.56765      2.09674      1.20787      1.36431     -2.70342
    0.857194      1.14413     -1.56122      2.09674      1.20036       1.3538      -2.6994
    0.201647     0.605326   -0.0522038      2.09674    0.0696031     0.441103       -1.407
    0.181618     0.605017   -0.0136066      2.09674    0.0181722     0.439945     -1.34876
    0.161065     0.605077    0.0259953      2.09674   -0.0347062     0.440169      -1.2889
    0.140533     0.605517    0.0655661      2.09674   -0.0873279     0.441819      -1.2293
   -0.508165      1.14778      1.56332      2.09674     -1.20276      1.35719    0.0443178
   -0.508296      1.15918      1.56965      2.09674     -1.21029      1.36763    0.0483083
   -0.508233      1.17087      1.57577      2.09674     -1.21811       1.3781    0.0523243
    0.857292       1.1742     -1.57745      2.09674      1.22035      1.38104     -2.70984
    0.857411      1.16281     -1.57158      2.09674      1.21271      1.37091     -2.70594
    0.857336      1.15112     -1.56521      2.09674      1.20495      1.36027     -2.70187
    0.214425     0.605712   -0.0768367      2.09674     0.102232     0.442548     -1.44397
    0.193906     0.605164   -0.0372836      2.09674    0.0497539     0.440495     -1.38452
    0.173868     0.604995     0.001325      2.09674   -0.0017696     0.439861     -1.32619
     0.15332     0.605198    0.0409203      2.09674   -0.0545964     0.440624     -1.26638
    0.132805     0.605782    0.0804672      2.09674    -0.107022     0.442807     -1.20698
   -0.508239      1.15219      1.56581      2.09674     -1.20566      1.36126    0.0458699
   -0.508295      1.16388      1.57215      2.09674     -1.21342      1.37187    0.0499318
   -0.508158      1.17528      1.57798      2.09674     -1.22108      1.38199    0.0538197
     0.85736       1.1698     -1.57522      2.09674      1.21739      1.37715     -2.70834
    0.857405      1.15811     -1.56907      2.09674      1.20958      1.36666     -2.70432
    0.857255      1.14671     -1.56271      2.09674      1.20205       1.3562     -2.70032
    0.206182     0.605446   -0.0609447      2.09674    0.0812043     0.441553     -1.42014
    0.185646      0.60505    -0.021368      2.09674    0.0285328     0.440069     -1.36049
    0.165606     0.605031    0.0172452      2.09674   -0.0230296     0.439996     -1.30212
    0.145579     0.605374    0.0558386      2.09674   -0.0744296     0.441281     -1.24391
   -0.508108       1.1452      1.56184      2.09674     -1.20106       1.3548    0.0434024
   -0.508283       1.1566      1.56824      2.09674     -1.20858      1.36529    0.0474107
   -0.508264      1.16829      1.57445      2.09674     -1.21637      1.37581    0.0514435
    0.857239      1.17679     -1.57873      2.09674       1.2221      1.38331     -2.71071
      0.8574      1.16539     -1.57294      2.09674      1.21443      1.37322     -2.70683
    0.857369       1.1537     -1.56665      2.09674      1.20666      1.36264     -2.70278
    0.857137      1.14201     -1.55998      2.09674      1.19897      1.35182     -2.69865
    0.218951     0.605885   -0.0855658      2.09674      0.11374     0.443192     -1.45702
    0.198444     0.605252   -0.0460294      2.09674    0.0613954     0.440826      -1.3977
    0.178411     0.605002  -0.00742659      2.09674   0.00991951     0.439886     -1.33942
    0.157859      0.60512    0.0321737      2.09674   -0.0429446     0.440333     -1.27957
    0.137333      0.60562    0.0717349      2.09674   -0.0954909     0.442204     -1.22005
   -0.508199      1.14961      1.56436      2.09674     -1.20396      1.35888    0.0449615
     -0.5083       1.1613      1.57078      2.09674      -1.2117      1.36955     0.049041
   -0.508201      1.17299      1.57684      2.09674     -1.21953      1.37997    0.0530438
    0.857323      1.17238     -1.57653      2.09674      1.21912      1.37944     -2.70922
    0.857412      1.16069     -1.57046      2.09674       1.2113        1.369     -2.70521
    0.857301        1.149     -1.56401      2.09674      1.20356      1.35832     -2.70113
    0.210714     0.605585    -0.069682      2.09674    0.0927763     0.442072     -1.43325
      0.1907     0.605112   -0.0311062      2.09674     0.041522     0.440302      -1.3752
    0.170147     0.605004   0.00849463      2.09674   -0.0113455     0.439894     -1.31535
    0.149602     0.605276    0.0480848      2.09674   -0.0641283     0.440914     -1.25558
   -0.508042      1.14262      1.56034      2.09674     -1.19937      1.35239    0.0424826
   -0.508264      1.15431      1.56698      2.09674     -1.20706       1.3632     0.046611
   -0.508286       1.1657      1.57311      2.09674     -1.21464       1.3735    0.0505587
   -0.508112      1.17739      1.57903      2.09674     -1.22251      1.38384    0.0545344
    0.857176      1.17937     -1.57999      2.09674      1.22385      1.38556     -2.71158
    0.857383      1.16768     -1.57413      2.09674      1.21597      1.37527     -2.70762
    0.857394      1.15628     -1.56807      2.09674      1.20837        1.365     -2.70368
    0.857206      1.14459     -1.56149      2.09674      1.20066      1.35423     -2.69957
     0.20298     0.605359   -0.0547721      2.09674    0.0730141     0.441228     -1.41086
    0.182439     0.605023   -0.0151885      2.09674    0.0202844     0.439966     -1.35115
    0.162399     0.605061    0.0234243      2.09674   -0.0312762     0.440111     -1.29278
    0.141865     0.605477    0.0629987      2.09674   -0.0839265     0.441669     -1.23315
   -0.508155      1.14732      1.56305      2.09674     -1.20245      1.35676    0.0441525
   -0.508295      1.15871      1.56939      2.09674     -1.20998      1.36721    0.0481462
   -0.508244      1.17011      1.57538      2.09674      -1.2176      1.37743     0.052066
    0.857277      1.17496     -1.57782      2.09674      1.22087      1.38171     -2.71009
    0.857409      1.16327     -1.57183      2.09674      1.21302      1.37132      -2.7061
    0.857347      1.15187     -1.56563      2.09674      1.20545      1.36097     -2.70214
    0.215243     0.605742   -0.0784151      2.09674     0.104315     0.442659     -1.44633
    0.195239     0.605188   -0.0398533      2.09674    0.0531762     0.440585     -1.38839
     0.17469     0.604995 -0.000257254      2.09674  0.000343809     0.439861     -1.32858
     0.15414     0.605183    0.0393396      2.09674   -0.0524917     0.440566     -1.26876
    0.134135     0.605732     0.077902      2.09674    -0.103638     0.442623     -1.21082
   -0.508228      1.15143      1.56538      2.09674     -1.20516      1.36056    0.0456034
   -0.508297      1.16312      1.57175      2.09674     -1.21292      1.37119    0.0496703
   -0.508168      1.17481      1.57775      2.09674     -1.22076      1.38158    0.0536619
    0.857354      1.17026     -1.57546      2.09674       1.2177      1.37756      -2.7085
    0.857408      1.15886     -1.56947      2.09674      1.21008      1.36735     -2.70458
    0.857265      1.14717     -1.56297      2.09674      1.20236      1.35663     -2.70048
    0.207514     0.605485    -0.063512      2.09674    0.0846072     0.441698       -1.424
     0.18698     0.605064   -0.0239386      2.09674    0.0319628     0.440122     -1.36437
    0.166427     0.605025    0.0156636      2.09674   -0.0209182     0.439973     -1.30451
    0.146399     0.605353    0.0542586      2.09674   -0.0723319     0.441202     -1.24629
    -0.50809      1.14444       1.5614      2.09674     -1.20056      1.35409    0.0431328
    -0.50828      1.15613      1.56799      2.09674     -1.20827      1.36486    0.0472479
   -0.508269      1.16782      1.57421      2.09674     -1.21606      1.37539    0.0512839
   -0.508068      1.17922      1.57992      2.09674     -1.22374      1.38543    0.0551486
    0.857221      1.17755      -1.5791      2.09674      1.22261      1.38397     -2.71097
    0.857397      1.16586     -1.57319      2.09674      1.21475      1.37364     -2.70699
    0.857375      1.15417     -1.56691      2.09674      1.20697      1.36307     -2.70294
    0.857158      1.14277     -1.56043      2.09674      1.19947      1.35253     -2.69892
    0.199264      0.60527   -0.0476099      2.09674    0.0634972     0.440894     -1.40008
    0.179232     0.605005  -0.00900884      2.09674    0.0120326     0.439898     -1.34181
    0.158679     0.605108    0.0305921      2.09674   -0.0408362     0.440287     -1.28196
    0.138664     0.605576    0.0691687      2.09674   -0.0920968     0.442039      -1.2239
   -0.508191      1.14914      1.56409      2.09674     -1.20365      1.35845    0.0447971
   -0.508299      1.16054      1.57037      2.09674      -1.2112      1.36886    0.0487783
   -0.508209      1.17252       1.5766      2.09674     -1.21922      1.37956    0.0528852
    0.857316      1.17285     -1.57677      2.09674      1.21944      1.37985     -2.70938
    0.857412      1.16116     -1.57071      2.09674      1.21161      1.36942     -2.70537
    0.857314      1.14976     -1.56444      2.09674      1.20406      1.35902      -2.7014
    0.211533     0.605612   -0.0712608      2.09674    0.0948645     0.442173     -1.43562
     0.19152     0.605124   -0.0326873      2.09674    0.0436297     0.440348     -1.37758
    0.170969     0.605001    0.0069122      2.09674  -0.00923212     0.439882     -1.31774
    0.150935     0.605246    0.0455154      2.09674   -0.0607113     0.440805     -1.25945
    0.130427     0.605874    0.0850536      2.09674    -0.113065     0.443152     -1.20013
   -0.508029      1.14215      1.56007      2.09674     -1.19906      1.35195    0.0423159
   -0.508255      1.15355      1.56656      2.09674     -1.20656       1.3625    0.0463454
   -0.508289      1.16524      1.57286      2.09674     -1.21433      1.37309    0.0503985
    -0.50813      1.17664      1.57865      2.09674     -1.22199      1.38317    0.0542784
    0.857164      1.17984     -1.58022      2.09674      1.22416      1.38597     -2.71174
    0.857375      1.16844     -1.57452      2.09674      1.21648      1.37594     -2.70788
    0.857397      1.15675     -1.56833      2.09674      1.20868      1.36543     -2.70384
    0.857224      1.14535     -1.56193      2.09674      1.20116      1.35494     -2.69984
      0.2038      0.60538   -0.0563523      2.09674    0.0751119     0.441308     -1.41324
    0.183773     0.605033   -0.0177594      2.09674    0.0237163     0.440005     -1.35504
     0.16322     0.605053    0.0218427      2.09674   -0.0291658     0.440078     -1.29517
    0.142684     0.605453    0.0614191      2.09674   -0.0818329     0.441579     -1.23553
   -0.508139      1.14656      1.56262      2.09674     -1.20195      1.35606    0.0438839
   -0.508293      1.15825      1.56914      2.09674     -1.20967      1.36679    0.0479841
   -0.508249      1.16964      1.57514      2.09674     -1.21728      1.37701    0.0519068
    0.857268      1.17543     -1.57806      2.09674      1.22118      1.38212     -2.71025
    0.857408      1.16374     -1.57208      2.09674      1.21333      1.37174     -2.70626
    0.857349      1.15205     -1.56573      2.09674      1.20557      1.36113      -2.7022
    0.216062     0.605772   -0.0799932      2.09674     0.106397     0.442773     -1.44869
    0.195546     0.605193   -0.0404458      2.09674    0.0539651     0.440607     -1.38929
    0.175511     0.604995  -0.00183918      2.09674   0.00245677     0.439862     -1.33097
    0.155474     0.605159    0.0367695      2.09674   -0.0490687     0.440477     -1.27264
    0.134954     0.605703    0.0763233      2.09674    -0.101554     0.442512     -1.21318
   -0.508221      1.15096      1.56512      2.09674     -1.20485      1.36013    0.0454394
   -0.508298      1.16265       1.5715      2.09674     -1.21261      1.37077    0.0495097
   -0.508182      1.17405      1.57737      2.09674     -1.22025      1.38091    0.0534049
    0.857348      1.17073      -1.5757      2.09674      1.21801      1.37798     -2.70866
    0.857409      1.15933     -1.56973      2.09674      1.21039      1.36777     -2.70474
    0.857275      1.14764     -1.56324      2.09674      1.20267      1.35706     -2.70065
    0.208333      0.60551   -0.0650916      2.09674    0.0866998      0.44179     -1.42637
    0.188314      0.60508   -0.0265093      2.09674     0.035392     0.440181     -1.36826
    0.167761     0.605016    0.0130923      2.09674   -0.0174851     0.439939      -1.3084
    0.147219     0.605332    0.0526782      2.09674   -0.0702328     0.441125     -1.24867
   -0.508078      1.14397      1.56113      2.09674     -1.20026      1.35365    0.0429663
   -0.508276      1.15566      1.56773      2.09674     -1.20796      1.36444    0.0470851
   -0.508276      1.16706      1.57381      2.09674     -1.21555      1.37472     0.051024
    -0.50808      1.17875      1.57969      2.09674     -1.22343      1.38502    0.0549916
    0.857217      1.17772     -1.57919      2.09674      1.22273      1.38412     -2.71102
    0.857394      1.16632     -1.57343      2.09674      1.21506      1.37406     -2.70715
    0.857382      1.15492     -1.56733      2.09674      1.20747      1.36376     -2.70321
    0.857171      1.14324      -1.5607      2.09674      1.19977      1.35296     -2.69908
    0.200084     0.605289   -0.0491906      2.09674    0.0655988     0.440963     -1.40246
    0.180566     0.605011   -0.0115798      2.09674     0.015466     0.439922      -1.3457
    0.160013      0.60509    0.0280216      2.09674   -0.0374087     0.440219     -1.28584
    0.139484      0.60555    0.0675891      2.09674   -0.0900064     0.441941     -1.22627
   -0.508177      1.14838      1.56366      2.09674     -1.20315      1.35775    0.0445291
   -0.508299      1.16007      1.57012      2.09674     -1.21089      1.36844    0.0486169
   -0.508221      1.17176      1.57622      2.09674     -1.21871      1.37889    0.0526274
    0.857313      1.17302     -1.57685      2.09674      1.21956         1.38     -2.70944
    0.857412      1.16192     -1.57111      2.09674      1.21211       1.3701     -2.70563
    0.857322      1.15022     -1.56471      2.09674      1.20437      1.35945     -2.70156
    0.212864     0.605657   -0.0738273      2.09674    0.0982569     0.442342     -1.43947
    0.192341     0.605137   -0.0342689      2.09674    0.0457375     0.440396     -1.37997
     0.17179     0.604998   0.00533053      2.09674  -0.00711965     0.439873     -1.32013
    0.152268     0.605219    0.0429465      2.09674   -0.0572933     0.440702     -1.26332
    0.131756     0.605822    0.0824891      2.09674    -0.109687     0.442957     -1.20396
   -0.508246      1.15279      1.56614      2.09674     -1.20606      1.36181    0.0460799