  -0.724606     1.08577   0.0110971     1.88853  -0.0588849    0.167594    -2.22426
  -0.717106     1.08578  -0.0170455     1.88853   0.0902988    0.168007    -2.37698
  -0.721835     1.08577 0.000698924     1.88853 -0.00371279    0.167292    -2.28074
  -0.726877     1.08579   0.0196167     1.88853   -0.103821    0.168238    -2.17825
  -0.719063     1.08577 -0.00970101     1.88853   0.0514926    0.167522    -2.33725
  -0.724105     1.08577  0.00921738     1.88853   -0.048929      0.1675    -2.23445
  -0.716605     1.08579  -0.0189263     1.88853    0.100195    0.168172    -2.38711
  -0.728834     1.08581   0.0269572     1.88853   -0.142188    0.169075    -2.13897
  -0.721334     1.08577 -0.00118226     1.88853  0.00628169    0.167294    -2.29097
  -0.726062     1.08578   0.0165594     1.88853  -0.0877368    0.167966    -2.19472
  -0.718562     1.08577  -0.0115808     1.88853   0.0614459    0.167621    -2.34744
  -0.723604     1.08577  0.00733638     1.88853  -0.0389561    0.167423    -2.24466
   -0.71579     1.08579  -0.0219793     1.88853    0.116213    0.168479    -2.40351
  -0.728333      1.0858    0.025077     1.88853   -0.132399    0.168835    -2.14899
  -0.720833     1.08577 -0.00306213     1.88853   0.0162678    0.167313    -2.30119
  -0.725561     1.08578   0.0146809     1.88853  -0.0778296    0.167821    -2.20487
  -0.718061     1.08578  -0.0134627     1.88853   0.0713968    0.167737    -2.35763
   -0.72279     1.08577  0.00428075     1.88853  -0.0227386    0.167336    -2.26126
  -0.715289      1.0858    -0.02386     1.88853    0.126049     0.16869    -2.41358
  -0.727832      1.0858   0.0231999     1.88853   -0.122598    0.168614    -2.15903
  -0.720018     1.08577 -0.00611991     1.88853   0.0325029    0.167383    -2.31781
   -0.72506     1.08578   0.0128002     1.88853  -0.0678941    0.167694    -2.21504
  -0.717247     1.08578  -0.0165182     1.88853   0.0875208    0.167963    -2.37413
  -0.722289     1.08577  0.00240195     1.88853  -0.0127601    0.167305    -2.27148
  -0.714788      1.0858  -0.0257396     1.88853    0.135853    0.168918    -2.42362
  -0.727018     1.08579   0.0201439     1.88853   -0.106589    0.168289    -2.17542
   -0.71983     1.08577 -0.00682288     1.88853    0.036233    0.167406    -2.32163