   0.375624     1.24953 -0.00975892     1.84345    0.188229   0.0495048     1.75534
   0.371277     1.24953   0.0139315     1.84345   -0.265448    0.050406      2.2116
   0.373537     1.24953  0.00161594     1.84345  -0.0315354   0.0486446     1.97634
   0.376084     1.24953  -0.0122682     1.84345    0.235008   0.0500117     1.70828
   0.371738     1.24953   0.0114219     1.84345   -0.219335    0.049829     2.16521
   0.374285     1.24953 -0.00246167     1.84345   0.0480232   0.0486764     1.89634
   0.376833     1.24953  -0.0163468     1.84345    0.308751   0.0510642     1.63409
   0.372198     1.24953  0.00891384     1.84345   -0.172267   0.0493589     2.11787
   0.374746     1.24953 -0.00497296     1.84345   0.0967799   0.0488525     1.84731
   0.370399     1.24954   0.0187172     1.84345   -0.350089   0.0518004     2.29676
   0.377293     1.24954  -0.0188566     1.84345    0.352485   0.0518465     1.59009
   0.372947     1.24953  0.00483352     1.84345  -0.0940791   0.0488391     2.03924
   0.375206     1.24953 -0.00748259     1.84345     0.14504   0.0491421     1.79877
    0.37086     1.24953   0.0162088     1.84345   -0.306303   0.0510233      2.2527
   0.373119     1.24953  0.00389335     1.84345  -0.0758592   0.0487621     2.02091