    -1.12293      1.45206      1.57003      1.62648     -1.45228      1.56344     -1.00481
    -1.12291      1.46212      1.57191      1.62648     -1.46222      1.56587     -1.00452
   -0.578074     0.931823  -0.00454313      1.62648   0.00662126     0.583306     -2.09419
    -1.12286      1.44604      1.56874      1.62648     -1.44635      1.56184     -1.00495
    -1.12294      1.45585      1.57078      1.62648     -1.45603       1.5644     -1.00471
    -0.57058     0.931883   -0.0288414      1.62648    0.0420078     0.583836     -2.13072
   -0.583112     0.931832    0.0117933      1.62648   -0.0171857     0.583384     -2.06961
    -1.12291      1.44984      1.56957      1.62648     -1.45009      1.56286     -1.00486
    -1.12293       1.4599      1.57153      1.62648     -1.46003      1.56536     -1.00459
   -0.575305     0.931835   -0.0135241      1.62648    0.0197077     0.583412      -2.1077
   -0.587837     0.931876    0.0271142      1.62648   -0.0394948     0.583773     -2.04658
    -1.12294      1.45388       1.5704      1.62648     -1.45408      1.56391     -1.00476
    -1.12289      1.46369      1.57218      1.62648     -1.46378      1.56622     -1.00446
   -0.580343     0.931822   0.00281465      1.62648  -0.00410194     0.583298     -2.08312
    -1.12288      1.44761      1.56909      1.62648     -1.44789      1.56227     -1.00491
    -1.12294      1.45767      1.57112      1.62648     -1.45783      1.56484     -1.00466
   -0.572536     0.931859   -0.0225018      1.62648    0.0327822     0.583624     -2.12119
   -0.585068     0.931846    0.0181344      1.62648   -0.0264227     0.583508     -2.06008
    -1.12293      1.45166      1.56995      1.62648     -1.45189      1.56334     -1.00482
    -1.12292      1.46147       1.5718      1.62648     -1.46158      1.56572     -1.00454
   -0.577574     0.931824  -0.00616604      1.62648   0.00898637     0.583318     -2.09663
   -0.589792     0.931904    0.0334518      1.62648   -0.0487122     0.584024     -2.03707
    -1.12294      1.45545       1.5707      1.62648     -1.45563       1.5643     -1.00472
    -1.12287      1.46551      1.57247      1.62648     -1.46558      1.56661      -1.0044
    -0.57008      0.93189   -0.0304651      1.62648    0.0443696     0.583899     -2.13315
   -0.582299     0.931828   0.00915593      1.62648    -0.013343     0.583347     -2.07358
    -1.12291      1.44943      1.56948      1.62648     -1.44969      1.56276     -1.00487
    -1.12293      1.45924      1.57141      1.62648     -1.45938      1.56521     -1.00461
   -0.574804     0.931838   -0.0151463      1.62648    0.0220707     0.583443     -2.11014
   -0.587023     0.931866     0.024476      1.62648   -0.0356555     0.583684     -2.05055
    -1.12294      1.45323      1.57027      1.62648     -1.45344      1.56374     -1.00478
     -1.1229      1.46329      1.57211      1.62648     -1.46338      1.56613     -1.00448
   -0.579529     0.931822  0.000175178      1.62648 -0.000255161     0.583293     -2.08709
    -1.12288      1.44721        1.569      1.62648      -1.4475      1.56216     -1.00492
    -1.12294      1.45727      1.57105      1.62648     -1.45743      1.56474     -1.00467
   -0.572035     0.931864   -0.0241249      1.62648    0.0351448     0.583673     -2.12363
   -0.584567     0.931842    0.0165111      1.62648   -0.0240584     0.583471     -2.06252
    -1.12292        1.451      1.56981      1.62648     -1.45124      1.56317     -1.00484
    -1.12292      1.46106      1.57173      1.62648     -1.46118      1.56563     -1.00455
   -0.577073     0.931826  -0.00778961      1.62648    0.0113523     0.583332     -2.09907
   -0.589292     0.931896    0.0318286      1.62648   -0.0463521     0.583955     -2.03951
    -1.12294      1.45505      1.57063      1.62648     -1.45523       1.5642     -1.00473
    -1.12288      1.46486      1.57237      1.62648     -1.46493      1.56647     -1.00442
   -0.569266     0.931902   -0.0331011      1.62648    0.0482026     0.584009     -2.13711
   -0.581798     0.931826   0.00753188      1.62648   -0.0109765      0.58333     -2.07602
     -1.1229      1.44878      1.56935      1.62648     -1.44905      1.56258     -1.00489
    -1.12294      1.45884      1.57134      1.62648     -1.45898      1.56512     -1.00462
   -0.574304     0.931842   -0.0167693      1.62648    0.0244349     0.583477     -2.11258
   -0.586523      0.93186    0.0228503      1.62648   -0.0332892     0.583634     -2.05299
    -1.12293      1.45282      1.57019      1.62648     -1.45304      1.56364     -1.00479
     -1.1229      1.46263        1.572      1.62648     -1.46273      1.56598      -1.0045
   -0.579029     0.931822  -0.00144869      1.62648   0.00211149     0.583294     -2.08953
    -1.12287      1.44681      1.56892      1.62648      -1.4471      1.56205     -1.00493
    -1.12294      1.45662      1.57093      1.62648     -1.45679      1.56458     -1.00469
   -0.571534      0.93187   -0.0257481      1.62648    0.0375071     0.583726     -2.12607
   -0.584067     0.931838    0.0148878      1.62648    -0.021694     0.583438     -2.06496
    -1.12292       1.4506      1.56973      1.62648     -1.45084      1.56307     -1.00485
    -1.12292      1.46066      1.57166      1.62648     -1.46078      1.56554     -1.00456
   -0.576259      0.93183   -0.0104292      1.62648    0.0151986     0.583364     -2.10304
   -0.588791     0.931889    0.0302063      1.62648   -0.0439929     0.583889     -2.04194
    -1.12294      1.45465      1.57055      1.62648     -1.45484       1.5641     -1.00474
    -1.12288      1.46445       1.5723      1.62648     -1.46453      1.56638     -1.00443
   -0.568766     0.931911   -0.0347253      1.62648    0.0505637     0.584081     -2.13955
   -0.581297     0.931824   0.00590682      1.62648  -0.00860831     0.583316     -2.07847
    -1.12289      1.44838      1.56926      1.62648     -1.44865      1.56248      -1.0049
    -1.12294      1.45844      1.57126      1.62648     -1.45859      1.56502     -1.00463
    -0.57349     0.931849   -0.0194089      1.62648     0.028279     0.583539     -2.11654
   -0.586022     0.931855    0.0212292      1.62648   -0.0309292     0.583587     -2.05543
    -1.12293      1.45242       1.5701      1.62648     -1.45264      1.56354      -1.0048
    -1.12291      1.46223      1.57193      1.62648     -1.46234      1.56589     -1.00451
   -0.578528     0.931822  -0.00307226      1.62648   0.00447767     0.583299     -2.09197
    -1.12286      1.44616      1.56877      1.62648     -1.44646      1.56187     -1.00494
    -1.12294      1.45622      1.57085      1.62648     -1.45639      1.56449      -1.0047
   -0.571034     0.931877   -0.0273703      1.62648    0.0398676     0.583782     -2.12851
   -0.583253     0.931833     0.012249      1.62648   -0.0178497     0.583391     -2.06893
    -1.12291       1.4502      1.56965      1.62648     -1.45045      1.56296     -1.00486
    -1.12293      1.46001      1.57155      1.62648     -1.46014      1.56539     -1.00459
   -0.575446     0.931834   -0.0130664      1.62648    0.0190409     0.583404     -2.10701
   -0.587978     0.931878    0.0275683      1.62648   -0.0401554     0.583789      -2.0459
    -1.12294      1.45374      1.57037      1.62648     -1.45394      1.56387     -1.00477
    -1.12289       1.4638       1.5722      1.62648     -1.46389      1.56624     -1.00446
   -0.580484     0.931822   0.00326973      1.62648  -0.00476517       0.5833     -2.08243
    -1.12289      1.44773      1.56912      1.62648     -1.44801       1.5623     -1.00491
    -1.12294      1.45779      1.57114      1.62648     -1.45794      1.56487     -1.00465
   -0.572989     0.931854   -0.0210308      1.62648    0.0306406     0.583582     -2.11898
   -0.585522      0.93185     0.019605      1.62648   -0.0285642     0.583544     -2.05787