   -0.371859     0.941433   -0.0292671       1.8599    0.0707442     0.341256     -1.98347
   -0.385123     0.941374    0.0107633       1.8599   -0.0260587     0.340456     -1.88193
   -0.979334      1.52602      1.57039       1.8599     -1.52799      1.55765    -0.647432
   -0.979343      1.53702      1.57104       1.8599     -1.53835       1.5614    -0.647299
   -0.376988      0.94138   -0.0137902       1.8599    0.0333821     0.340536     -1.94428
   -0.390592     0.941424    0.0272659       1.8599   -0.0659228     0.341134     -1.84011
   -0.979358      1.53017      1.57068       1.8599     -1.53189       1.5591    -0.647396
   -0.979301      1.54117      1.57119       1.8599     -1.54228      1.56273    -0.647218
   -0.382457     0.941366   0.00271469       1.8599  -0.00657383     0.340339     -1.90237
   -0.979308      1.52359       1.5702       1.8599     -1.52572      1.55678    -0.647446
   -0.979357      1.53459      1.57093       1.8599     -1.53605       1.5606    -0.647339
   -0.373982     0.941407   -0.0228615       1.8599    0.0553009     0.340896     -1.96727
   -0.387586     0.941392    0.0181949       1.8599   -0.0440306     0.340689     -1.86308
   -0.979349      1.52801      1.57054       1.8599     -1.52986      1.55836    -0.647417
   -0.979329      1.53874      1.57111       1.8599     -1.53998      1.56196    -0.647268
   -0.379451     0.941369  -0.00635743       1.8599    0.0153947     0.340375     -1.92541
   -0.392714     0.941455    0.0336708       1.8599   -0.0813393     0.341555     -1.82393
   -0.979361      1.53216       1.5708       1.8599     -1.53376      1.55979    -0.647373
   -0.371316     0.941441   -0.0309075       1.8599    0.0746934     0.341362     -1.98761
    -0.38458     0.941372   0.00912285       1.8599   -0.0220886     0.340421     -1.88609
    -0.97933      1.52558      1.57036       1.8599     -1.52758      1.55749    -0.647435
   -0.979348      1.53631      1.57101       1.8599     -1.53768      1.56117    -0.647312
   -0.376444     0.941384     -0.01543       1.8599    0.0373477     0.340588     -1.94844
   -0.389708     0.941413    0.0246009       1.8599   -0.0594971     0.340985     -1.84685
   -0.979357      1.52973      1.57065       1.8599     -1.53147      1.55895    -0.647401
   -0.979307      1.54073      1.57118       1.8599     -1.54187      1.56259    -0.647228
   -0.381573     0.941365  4.88758e-05       1.8599 -0.000118108     0.340331     -1.90914
   -0.979302      1.52315      1.57017       1.8599     -1.52531      1.55662    -0.647447
   -0.979359      1.53388      1.57089       1.8599     -1.53538      1.56036     -0.64735
   -0.373439     0.941413   -0.0245026       1.8599    0.0592605      0.34098     -1.97142
   -0.386702     0.941384    0.0155295       1.8599   -0.0375877     0.340592     -1.86983
   -0.979344       1.5273      1.57049       1.8599     -1.52919       1.5581    -0.647422
   -0.979333       1.5383      1.57109       1.8599     -1.53956      1.56181    -0.647276
   -0.378567     0.941372  -0.00902358       1.8599    0.0218488     0.340419     -1.93218
   -0.392171     0.941446    0.0320309       1.8599   -0.0773957     0.341439     -1.82807
   -0.979361      1.53172      1.57077       1.8599     -1.53335      1.55964    -0.647378
   -0.370433     0.941454   -0.0335716       1.8599    0.0811012     0.341548     -1.99434
   -0.384036      0.94137    0.0074825       1.8599   -0.0181179     0.340391     -1.89026
   -0.979322      1.52487      1.57031       1.8599     -1.52691      1.55724    -0.647439
   -0.979351      1.53587      1.57099       1.8599     -1.53726      1.56102    -0.647319
   -0.375561     0.941391   -0.0180953       1.8599    0.0437905     0.340685     -1.95519
   -0.389165     0.941407    0.0229608       1.8599   -0.0555399     0.340901       -1.851
   -0.979355      1.52929      1.57062       1.8599     -1.53106       1.5588    -0.647405
   -0.979315      1.54001      1.57115       1.8599     -1.54119      1.56236    -0.647243
    -0.38103     0.941366  -0.00159049       1.8599   0.00385193     0.340334      -1.9133
   -0.979296      1.52271      1.57013       1.8599      -1.5249      1.55646    -0.647449
    -0.97936      1.53344      1.57087       1.8599     -1.53497      1.56022    -0.647356
   -0.372895     0.941419    -0.026142       1.8599    0.0632142     0.341069     -1.97557
   -0.386159     0.941381    0.0138897       1.8599   -0.0336223     0.340539     -1.87399
   -0.979341      1.52686      1.57046       1.8599     -1.52878      1.55795    -0.647426
   -0.979339      1.53758      1.57106       1.8599     -1.53888      1.56158     -0.64729
   -0.378024     0.941374   -0.0106639       1.8599    0.0258187     0.340454     -1.93634
   -0.391627     0.941438     0.030391       1.8599   -0.0734498     0.341328     -1.83221
    -0.97936      1.53101      1.57073       1.8599     -1.53268      1.55939    -0.647387
   -0.979289        1.542      1.57121       1.8599     -1.54308      1.56299    -0.647199
    -0.36989     0.941463   -0.0352102       1.8599    0.0850389     0.341669     -1.99847
   -0.383153     0.941367   0.00481626       1.8599   -0.0116627     0.340356     -1.89703
   -0.979318      1.52443      1.57027       1.8599      -1.5265      1.55708    -0.647441
   -0.979353      1.53543      1.57097       1.8599     -1.53685      1.56088    -0.647326
   -0.375018     0.941396   -0.0197351       1.8599    0.0477523     0.340752     -1.95935
   -0.388282     0.941398    0.0202954       1.8599    -0.049105     0.340776     -1.85775
   -0.979353      1.52885      1.57059       1.8599     -1.53065      1.55865    -0.647409
    -0.97932      1.53957      1.57114       1.8599     -1.54077      1.56222    -0.647252
   -0.380487     0.941366   -0.0032303       1.8599   0.00782292     0.340342     -1.91747
    -0.97929      1.52228      1.57009       1.8599     -1.52449       1.5563    -0.647451
   -0.979361      1.53272      1.57083       1.8599     -1.53429      1.55998    -0.647366
   -0.372352     0.941426   -0.0277815       1.8599    0.0671657     0.341165     -1.97972
   -0.385616     0.941377    0.0122488       1.8599    -0.029653     0.340493     -1.87816
   -0.979335      1.52615       1.5704       1.8599     -1.52811       1.5577    -0.647431
   -0.979343      1.53714      1.57104       1.8599     -1.53847      1.56144    -0.647297
    -0.37748     0.941377   -0.0123038       1.8599    0.0297865     0.340495     -1.94051
   -0.390744     0.941426    0.0277261       1.8599   -0.0670317     0.341161     -1.83895
    -0.97936      1.53084      1.57072       1.8599     -1.53252      1.55934    -0.647389
   -0.979299      1.54129      1.57119       1.8599      -1.5424      1.56277    -0.647215
   -0.382949     0.941367   0.00420168       1.8599   -0.0101746      0.34035     -1.89859
   -0.979309      1.52372      1.57022       1.8599     -1.52583      1.55682    -0.647445
   -0.979356      1.53471      1.57093       1.8599     -1.53617      1.56064    -0.647337
   -0.374474     0.941401   -0.0213757       1.8599    0.0517141     0.340825     -1.96351
   -0.388078     0.941396    0.0196809       1.8599   -0.0476207      0.34075     -1.85931
   -0.979349      1.52814      1.57055       1.8599     -1.52998       1.5584    -0.647416
   -0.979328      1.53886      1.57111       1.8599     -1.54009        1.562    -0.647266
   -0.379264     0.941369  -0.00692147       1.8599    0.0167603     0.340383     -1.92684
   -0.392867     0.941457    0.0341319       1.8599   -0.0824474     0.341589     -1.82277
   -0.979361      1.53256      1.57082       1.8599     -1.53414      1.55992    -0.647368
   -0.371469     0.941438   -0.0304464       1.8599    0.0735836     0.341332     -1.98645
   -0.385072     0.941374     0.010609       1.8599   -0.0256852     0.340453     -1.88232