    -1.09731      1.46587      1.57041      1.48982     -1.46618      1.57889      -1.0723
    -1.09726      1.47529      1.57208      1.48982      -1.4757      1.57978     -1.07217
   -0.587558     0.978008   -0.0178958      1.48982    0.0237835     0.673974     -2.08136
    -0.59863     0.978022    0.0230692      1.48982    -0.030655     0.674101     -2.02701
    -1.09726      1.46024      1.56926      1.48982     -1.46048       1.5782     -1.07233
    -1.09731      1.46942      1.57108      1.48982     -1.46977      1.57926     -1.07226
   -0.591839     0.977989  -0.00205439      1.48982    0.0027309     0.673784     -2.06034
    -1.09729      1.46379         1.57      1.48982     -1.46407      1.57864     -1.07232
    -1.09728      1.47321      1.57174      1.48982      -1.4736      1.57961     -1.07221
   -0.585049     0.978035   -0.0271779      1.48982    0.0361106     0.674225     -2.09367
   -0.596121        0.978    0.0137866      1.48982   -0.0183235     0.673896     -2.03932
    -1.09731      1.46758      1.57074      1.48982     -1.46791      1.57907     -1.07229
    -1.09724      1.47676      1.57231      1.48982     -1.47719      1.57989     -1.07214
    -0.58933     0.977996   -0.0113386      1.48982    0.0150707     0.673859     -2.07266
   -0.600685     0.978047    0.0306737      1.48982   -0.0407504     0.674346     -2.01693
    -1.09727      1.46171      1.56957      1.48982     -1.46197      1.57839     -1.07233
     -1.0973      1.47113      1.57138      1.48982      -1.4715      1.57942     -1.07224
   -0.593611      0.97799   0.00450128      1.48982   -0.0059831     0.673794     -2.05164
     -1.0973      1.46549      1.57034      1.48982      -1.4658      1.57884      -1.0723
    -1.09727      1.47468      1.57198      1.48982     -1.47508      1.57973     -1.07218
   -0.586821     0.978015    -0.020624      1.48982    0.0274077     0.674037     -2.08498
   -0.598176     0.978017    0.0213919      1.48982   -0.0284274     0.674056     -2.02923
    -1.09725      1.45963      1.56913      1.48982     -1.45986      1.57812     -1.07233
    -1.09731      1.46905      1.57101      1.48982     -1.46939      1.57922     -1.07227
   -0.591386     0.977989  -0.00373441      1.48982   0.00496402      0.67379     -2.06257
    -1.09729      1.46341      1.56992      1.48982     -1.46369       1.5786     -1.07232
    -1.09729       1.4726      1.57163      1.48982     -1.47298      1.57956     -1.07222
   -0.584596     0.978041   -0.0288553      1.48982    0.0383373     0.674281     -2.09589
   -0.595667     0.977998    0.0121084      1.48982   -0.0160935      0.67387     -2.04155
    -1.09731      1.46696      1.57062      1.48982     -1.46729      1.57901     -1.07229
    -1.09724      1.47638      1.57225      1.48982     -1.47681      1.57987     -1.07215
   -0.588877     0.977999   -0.0130174      1.48982    0.0173017     0.673884     -2.07489
   -0.599948     0.978037    0.0279469      1.48982   -0.0371312      0.67425     -2.02054
    -1.09727      1.46133      1.56949      1.48982     -1.46158      1.57834     -1.07233
     -1.0973      1.47075      1.57131      1.48982     -1.47112      1.57939     -1.07225
   -0.593158     0.977989   0.00282353      1.48982  -0.00375301     0.673787     -2.05387
     -1.0973      1.46488      1.57022      1.48982     -1.46518      1.57877     -1.07231
    -1.09727       1.4743      1.57192      1.48982      -1.4747       1.5797     -1.07219
   -0.586367      0.97802   -0.0223016      1.48982    0.0296357      0.67408     -2.08721
   -0.597723     0.978013    0.0197135      1.48982    -0.026198     0.674015     -2.03146
    -1.09724      1.45925      1.56904      1.48982     -1.45947      1.57807     -1.07233
    -1.09731      1.46867      1.57094      1.48982     -1.46901      1.57918     -1.07227
   -0.590649     0.977991  -0.00646073      1.48982   0.00858778     0.673807     -2.06619
    -1.09729       1.4628       1.5698      1.48982     -1.46307      1.57852     -1.07232
    -1.09729      1.47222      1.57157      1.48982      -1.4726      1.57952     -1.07222
   -0.583858     0.978051   -0.0315836      1.48982    0.0419581      0.67438     -2.09951
   -0.595214     0.977995    0.0104292      1.48982   -0.0138619     0.673847     -2.04378
    -1.09731      1.46659      1.57055      1.48982     -1.46691      1.57897     -1.07229
    -1.09725      1.47577      1.57215      1.48982     -1.47619      1.57982     -1.07216
   -0.588139     0.978004   -0.0157452      1.48982    0.0209263     0.673931     -2.07851
   -0.599495     0.978032    0.0262678      1.48982   -0.0349022     0.674196     -2.02277
    -1.09727      1.46096      1.56941      1.48982      -1.4612      1.57829     -1.07233
     -1.0973      1.47014      1.57121      1.48982      -1.4705      1.57933     -1.07225
   -0.592704     0.977989    0.0011453      1.48982  -0.00152226     0.673783      -2.0561
     -1.0973      1.46451      1.57014      1.48982      -1.4648      1.57873     -1.07231
    -1.09728      1.47392      1.57186      1.48982     -1.47433      1.57967     -1.07219
   -0.585914     0.978024   -0.0239787      1.48982     0.031863     0.674127     -2.08943
   -0.596985     0.978006    0.0169857      1.48982   -0.0225741     0.673955     -2.03508
    -1.09723      1.45888      1.56896      1.48982     -1.45909      1.57801     -1.07233
    -1.09731      1.46829      1.57087      1.48982     -1.46863      1.57915     -1.07228
   -0.590195     0.977993  -0.00813967      1.48982    0.0108193     0.673822     -2.06842
    -1.09728      1.46243      1.56972      1.48982     -1.46269      1.57848     -1.07232
     -1.0973      1.47184      1.57151      1.48982     -1.47222      1.57949     -1.07223
   -0.583405     0.978058   -0.0332619      1.48982    0.0441848     0.674445     -2.10173
   -0.594476     0.977992   0.00770187      1.48982   -0.0102372     0.673817     -2.04739
    -1.09731      1.46621      1.57048      1.48982     -1.46653      1.57892      -1.0723
    -1.09726      1.47539       1.5721      1.48982     -1.47581      1.57979     -1.07217
   -0.587686     0.978007    -0.017425      1.48982    0.0231581     0.673964     -2.08074
   -0.599041     0.978026    0.0245907      1.48982   -0.0326754     0.674145     -2.02499
    -1.09726      1.46034      1.56928      1.48982     -1.46058      1.57821     -1.07233
    -1.09731      1.46976      1.57114      1.48982     -1.47012      1.57929     -1.07226
   -0.592251     0.977988 -0.000532925      1.48982  0.000708511     0.673782     -2.05832
     -1.0973      1.46413      1.57007      1.48982     -1.46442      1.57868     -1.07231
    -1.09728      1.47331      1.57175      1.48982     -1.47371      1.57962     -1.07221
   -0.585177     0.978033   -0.0267056      1.48982    0.0354836      0.67421     -2.09304
   -0.596248     0.978001    0.0142586      1.48982   -0.0189508     0.673904     -2.03869
    -1.09731      1.46745      1.57071      1.48982     -1.46778      1.57906     -1.07229
   -0.589458     0.977996   -0.0108675      1.48982    0.0144446     0.673853     -2.07204
   -0.600813     0.978049    0.0311435      1.48982   -0.0413739     0.674363     -2.01631
    -1.09728      1.46181      1.56959      1.48982     -1.46207       1.5784     -1.07233
     -1.0973      1.47123       1.5714      1.48982      -1.4716      1.57943     -1.07224
   -0.594023     0.977991   0.00602436      1.48982  -0.00800754     0.673804     -2.04962