    0.426552     0.689121   -0.0368486      2.13001    0.0737332      0.32361     -1.22515
    0.408515     0.688962  0.000908464      2.13001  -0.00182135     0.322617      -1.1424
    0.390017     0.689146     0.039631      2.13001   -0.0792743     0.323766     -1.05756
   -0.258356      1.26752      1.56844      2.13001     -1.31267      1.40976     0.297011
   -0.258357      1.27928      1.57302      2.13001     -1.32062      1.41955     0.299587
    0.438067     0.689397   -0.0609558      2.13001     0.121532     0.325329     -1.27755
    0.419579      0.68902   -0.0222512      2.13001    0.0445834     0.322979     -1.19322
    0.401078     0.688993    0.0164776      2.13001   -0.0330261     0.322815     -1.10822
    0.383048     0.689306    0.0542214      2.13001    -0.108232     0.324764     -1.02582
   -0.258263      1.26049      1.56553      2.13001     -1.30799      1.40377     0.295459
   -0.258379      1.27225      1.57033      2.13001     -1.31585      1.41373     0.298049
   -0.258307      1.28372      1.57465      2.13001     -1.32365      1.42317     0.300552
    0.430638     0.689203   -0.0454022      2.13001    0.0907507     0.324124      -1.2438
    0.412604     0.688969  -0.00764996      2.13001    0.0153383     0.322659     -1.16119
    0.394103     0.689075    0.0310768      2.13001   -0.0622212     0.323323     -1.07625
    -0.25833      1.26492      1.56738      2.13001     -1.31094      1.40756     0.296438
   -0.258373      1.27668      1.57204      2.13001     -1.31885      1.41741     0.299019
   -0.258225      1.28844      1.57633      2.13001      -1.3269      1.42699     0.301579
    0.423667     0.689073   -0.0308073      2.13001    0.0616836     0.323311     -1.21195
    0.405166     0.688969   0.00791952      2.13001   -0.0158781     0.322662     -1.12701
    0.387132     0.689206    0.0456712      2.13001   -0.0912843     0.324142      -1.0444
   -0.258211      1.25789      1.56442      2.13001     -1.30627      1.40154     0.294883
    -0.25837      1.26965       1.5693      2.13001      -1.3141      1.41155     0.297479
    -0.25834      1.28112       1.5737      2.13001     -1.32187      1.42105     0.299986
    0.434722     0.689303    -0.053953      2.13001     0.107702     0.324743     -1.26238
     0.41623     0.688989   -0.0152406      2.13001    0.0305492     0.322787     -1.17785
    0.398191     0.689021    0.0225206      2.13001   -0.0451219     0.322988     -1.09498
    0.379703     0.689401    0.0612241      2.13001     -0.12206     0.325352     -1.01066
   -0.258294      1.26232       1.5663      2.13001     -1.30921      1.40534     0.295865
    -0.25838      1.27408      1.57104      2.13001     -1.31709      1.41525     0.298451
   -0.258274      1.28585      1.57541      2.13001     -1.32511       1.4249     0.301015
    0.427753     0.689143   -0.0393621      2.13001    0.0787396      0.32375     -1.23064
    0.409255     0.688962 -0.000638694      2.13001   0.00128095     0.322617      -1.1458
    0.391218     0.689123    0.0371181      2.13001   -0.0742697     0.323625     -1.06304
   -0.258352      1.26705      1.56825      2.13001     -1.31236      1.40936     0.296908
   -0.258362      1.27852      1.57273      2.13001      -1.3201      1.41892      0.29942
    0.438805      0.68942   -0.0625001      2.13001     0.124574     0.325467     -1.28089
    0.420318     0.689028   -0.0237979      2.13001    0.0476772     0.323031     -1.19661
    0.402279     0.688984    0.0139627      2.13001   -0.0279889     0.322759     -1.11374
    0.383786     0.689287    0.0526769      2.13001    -0.105176     0.324644     -1.02917
   -0.258254      1.26002      1.56533      2.13001     -1.30768      1.40337     0.295355
   -0.258377      1.27148      1.57003      2.13001     -1.31533      1.41309     0.297882
   -0.258314      1.28325      1.57448      2.13001     -1.32332      1.42279      0.30045
    0.431838     0.689231   -0.0479141      2.13001     0.095737     0.324295     -1.24927
    0.413343     0.688971  -0.00919655      2.13001    0.0184384     0.322679     -1.16459
    0.394842     0.689064    0.0295306      2.13001   -0.0591337     0.323255     -1.07963
    0.376821     0.689492    0.0672589      2.13001    -0.133933     0.325916    -0.997635
   -0.258324      1.26445      1.56719      2.13001     -1.31062      1.40716     0.296335
   -0.258375      1.27621      1.57186      2.13001     -1.31853      1.41702     0.298917
    -0.25824      1.28768      1.57606      2.13001     -1.32637      1.42638     0.301413
    0.424405     0.689084   -0.0323543      2.13001    0.0647712     0.323383     -1.21534
    0.406367     0.688965    0.0054045      2.13001   -0.0108362     0.322638     -1.13253
    0.387871      0.68919    0.0441252      2.13001   -0.0882132      0.32404     -1.04777
   -0.258201      1.25742      1.56422      2.13001     -1.30596      1.40113     0.294778
   -0.258366      1.26889      1.56899      2.13001     -1.31359      1.41091     0.297311
   -0.258344      1.28065      1.57353      2.13001     -1.32155      1.42067     0.299884
     0.43546     0.689323    -0.055498      2.13001     0.110757     0.324866     -1.26573
    0.417431     0.688999   -0.0177553      2.13001    0.0355853     0.322848     -1.18337
     0.39893     0.689013    0.0209728      2.13001   -0.0420252     0.322939     -1.09837
    0.380903     0.689366    0.0587134      2.13001    -0.117108     0.325133     -1.01609
   -0.258286      1.26185       1.5661      2.13001     -1.30889      1.40494     0.295761
    -0.25838      1.27361      1.57086      2.13001     -1.31677      1.41486     0.298348
   -0.258287      1.28508      1.57514      2.13001     -1.32458      1.42428     0.300849
    0.428492     0.689158    -0.040908      2.13001    0.0818163     0.323841     -1.23401
    0.409994     0.688962  -0.00218531      2.13001   0.00438215      0.32262     -1.14919
    0.391956      0.68911    0.0355717      2.13001   -0.0711878     0.323543     -1.06642
   -0.258347      1.26658      1.56806      2.13001     -1.31204      1.40896     0.296804
   -0.258366      1.27805      1.57256      2.13001     -1.31978      1.41854     0.299317
    0.439543     0.689443   -0.0640454      2.13001     0.127616     0.325609     -1.28422
    0.421519     0.689043   -0.0263119      2.13001    0.0527036     0.323123     -1.20212
    0.403018      0.68898    0.0124157      2.13001   -0.0248893      0.32273     -1.11714
    0.384524     0.689268      0.05113      2.13001    -0.102112     0.324527     -1.03253
    -0.25824      1.25925        1.565      2.13001     -1.30717      1.40271     0.295185
   -0.258376      1.27101      1.56984      2.13001     -1.31502      1.41269     0.297779
   -0.258324      1.28248       1.5742      2.13001      -1.3228      1.42217     0.300284
    0.432577     0.689248   -0.0494605      2.13001    0.0988041     0.324405     -1.25263
    0.414082     0.688975   -0.0107442      2.13001    0.0215402     0.322701     -1.16798
    0.396043     0.689047    0.0270166      2.13001   -0.0541116     0.323151     -1.08513
    0.377559     0.689468    0.0657137      2.13001    -0.130897     0.325767     -1.00097
   -0.258318      1.26398      1.56699      2.13001     -1.31031      1.40676     0.296232
   -0.258377      1.27545      1.57157      2.13001     -1.31801      1.41639      0.29875
   -0.258249      1.28721       1.5759      2.13001     -1.32605        1.426     0.301311
    0.425606     0.689104   -0.0348673      2.13001    0.0697839     0.323506     -1.22083
    0.407106     0.688963   0.00385803      2.13001  -0.00773554     0.322627     -1.13592
    0.388609     0.689174    0.0425794      2.13001   -0.0851404     0.323942     -1.05113
   -0.258183      1.25665      1.56389      2.13001     -1.30545      1.40047     0.294609
   -0.258363      1.26842       1.5688      2.13001     -1.31327      1.41051     0.297208
   -0.258349      1.28018      1.57335      2.13001     -1.32123      1.42029     0.299782
     0.43666     0.689356   -0.0580099      2.13001      0.11572     0.325074     -1.27118
     0.41817     0.689005   -0.0193025      2.13001    0.0386827     0.322889     -1.18676
    0.400131     0.689002    0.0184595      2.13001   -0.0369946     0.322866     -1.10388
    0.381641     0.689345    0.0571684      2.13001    -0.114058     0.325003     -1.01943
   -0.258279      1.26138      1.56591      2.13001     -1.30858      1.40454     0.295657
    -0.25838      1.27285      1.57056      2.13001     -1.31626      1.41423     0.298181
   -0.258294      1.28461      1.57497      2.13001     -1.32426       1.4239     0.300747
     0.42923     0.689173   -0.0424543      2.13001    0.0848921     0.323935     -1.23738
    0.411195     0.688964  -0.00470078      2.13001   0.00942578     0.322633     -1.15472
    0.392695     0.689097    0.0340252      2.13001   -0.0681041     0.323464      -1.0698
    -0.25834      1.26582      1.56775      2.13001     -1.31153      1.40832     0.296636
   -0.258368      1.27758      1.57238      2.13001     -1.31946      1.41815     0.299215
   -0.258212      1.28905      1.57654      2.13001     -1.32732      1.42748      0.30171
    0.440742     0.689481   -0.0665559      2.13001     0.132553     0.325848     -1.28964
    0.422258     0.689053   -0.0278586      2.13001    0.0557945     0.323185      -1.2055
    0.403757     0.688975    0.0108689      2.13001   -0.0217897     0.322703     -1.12053
    0.385724     0.689239     0.048618      2.13001   -0.0971329     0.324344     -1.03799
    -0.25823      1.25878       1.5648      2.13001     -1.30686      1.40231     0.295081
   -0.258374      1.27054      1.56965      2.13001      -1.3147       1.4123     0.297675
   -0.258329      1.28201      1.57403      2.13001     -1.32248      1.42179     0.300181
    0.433315     0.689267   -0.0510057      2.13001     0.101867     0.324517     -1.25599
    0.414821     0.688979    -0.012291      2.13001    0.0246401     0.322727     -1.17138
    0.396782     0.689038    0.0254691      2.13001   -0.0510183     0.323092     -1.08852
    0.378297     0.689445      0.06417      2.13001    -0.127861     0.325621      -1.0043
   -0.258307      1.26322      1.56668      2.13001      -1.3098      1.40611     0.296063
   -0.258379      1.27498      1.57139      2.13001     -1.31769        1.416     0.298647
   -0.258263      1.28645      1.57563      2.13001     -1.32552      1.42539     0.301146
    0.426345     0.689117   -0.0364141      2.13001    0.0728674     0.323587     -1.22421
    0.407845     0.688962   0.00231048      2.13001   -0.0046326     0.322621     -1.13932
    0.389809      0.68915    0.0400664      2.13001   -0.0801409     0.323791     -1.05661
   -0.258359      1.26795      1.56861      2.13001     -1.31296      1.41012     0.297105
   -0.258356      1.27941      1.57307      2.13001     -1.32071      1.41966     0.299615
    0.437398     0.689378   -0.0595547      2.13001     0.118769     0.325206     -1.27452
    0.418909     0.689013   -0.0208489      2.13001    0.0417776     0.322935     -1.19015
     0.40087     0.688995    0.0169125      2.13001   -0.0338971     0.322826     -1.10727
    0.382379     0.689324    0.0556222      2.13001    -0.111002     0.324876     -1.02278
   -0.258265      1.26062      1.56558      2.13001     -1.30808      1.40388     0.295488
   -0.258379      1.27238      1.57038      2.13001     -1.31594      1.41384     0.298078
   -0.258301      1.28414       1.5748      2.13001     -1.32394      1.42352     0.300645
    0.429969     0.689189   -0.0440012      2.13001    0.0879672     0.324032     -1.24075
    0.411934     0.688966  -0.00624809      2.13001     0.012528     0.322645     -1.15811
    0.393896     0.689078    0.0315115      2.13001   -0.0630888     0.323344     -1.07529
   -0.258334      1.26535      1.56756      2.13001     -1.31122      1.40792     0.296532
   -0.258371      1.27711       1.5722      2.13001     -1.31914      1.41776     0.299112
   -0.258222      1.28858      1.57637      2.13001     -1.32699       1.4271     0.301607
    0.441018      0.68949   -0.0671338      2.13001     0.133688     0.325904     -1.29088
    0.422997     0.689063   -0.0294057      2.13001    0.0588848      0.32325     -1.20889
    0.404958      0.68897   0.00835437      2.13001   -0.0167498     0.322668     -1.12605
    0.386463     0.689222    0.0470721      2.13001   -0.0940657     0.324236     -1.04135
    -0.25822      1.25831       1.5646      2.13001     -1.30655       1.4019     0.294977
   -0.258372      1.27007      1.56947      2.13001     -1.31439      1.41191     0.297572
   -0.258332      1.28184      1.57396      2.13001     -1.32236      1.42164     0.300143
    0.434515     0.689297   -0.0535181      2.13001     0.106841     0.324709     -1.26144
    0.416022     0.688987   -0.0148057      2.13001    0.0296782     0.322777      -1.1769
    0.397521     0.689029    0.0239226      2.13001   -0.0479261     0.323036      -1.0919
    0.379035     0.689422    0.0626257      2.13001    -0.124821     0.325479     -1.00763
     -0.2583      1.26275      1.56648      2.13001     -1.30949      1.40571     0.295959
   -0.258379      1.27451      1.57121      2.13001     -1.31738      1.41561     0.298544
   -0.258267      1.28627      1.57556      2.13001      -1.3254      1.42524     0.301107