   -0.242112     0.661702    -0.037677      2.19052    0.0808643     0.290614     -1.80277
   -0.261438     0.661531   0.00132737      2.19052  -0.00285571     0.289544     -1.71109
   -0.280762     0.661727    0.0403298      2.19052   -0.0865254      0.29077     -1.61947
   -0.939516      1.22837      1.56311      2.19052     -1.29249      1.36851    -0.232194
   -0.939704      1.23995       1.5683      2.19052      -1.2995      1.37903    -0.229294
   -0.939703      1.25182      1.57325      2.19052     -1.30684      1.38957    -0.226352
   -0.230566     0.661978   -0.0609835      2.19052     0.130358     0.292341     -1.85702
   -0.249879     0.661589   -0.0219993      2.19052    0.0472943     0.289909       -1.766
   -0.268725     0.661562    0.0160346      2.19052   -0.0344848     0.289737     -1.67646
   -0.288043     0.661895    0.0550251      2.19052    -0.117763     0.291823     -1.58523
   -0.939611      1.23285      1.56516      2.19052     -1.29519       1.3726    -0.231069
   -0.939727      1.24472      1.57034      2.19052     -1.30243       1.3833    -0.228108
   -0.939652       1.2563      1.57503      2.19052     -1.30964      1.39348    -0.225249
   -0.237844     0.661789   -0.0462918      2.19052    0.0992269     0.291158     -1.82289
   -0.257166     0.661538  -0.00729299      2.19052    0.0156907     0.289583      -1.7314
   -0.276494     0.661652    0.0317136      2.19052   -0.0681146     0.290302     -1.63964
   -0.295317     0.662115    0.0697117      2.19052    -0.148718     0.293194     -1.55128
   -0.939677      1.23733      1.56715      2.19052      -1.2979      1.37666    -0.229949
   -0.939719       1.2492      1.57219      2.19052      -1.3052      1.38726       -0.227
   -0.939568      1.26107      1.57686      2.19052     -1.31265      1.39761    -0.224077
   -0.226303     0.662113   -0.0695902      2.19052     0.148464     0.293182     -1.87688
   -0.245609     0.661644   -0.0306178      2.19052    0.0657696     0.290251     -1.78624
   -0.264454     0.661538   0.00741494      2.19052   -0.0159525     0.289585     -1.69676
   -0.283776      0.66179    0.0464132      2.19052   -0.0994846     0.291167     -1.60527
   -0.939559      1.23023      1.56396      2.19052      -1.2936      1.37021    -0.231728
   -0.939718       1.2421      1.56922      2.19052     -1.30082      1.38096     -0.22876
   -0.939685      1.25368        1.574      2.19052     -1.30799      1.39119    -0.225895
    -0.23406     0.661881   -0.0539296      2.19052     0.115443     0.291733     -1.84066
   -0.252895     0.661562   -0.0159133      2.19052    0.0342246     0.289734     -1.75169
   -0.272224     0.661595    0.0230955      2.19052    -0.049646     0.289946     -1.65986
   -0.291536     0.661994    0.0620781      2.19052    -0.132666     0.292442     -1.56889
   -0.939646        1.235      1.56612      2.19052     -1.29649      1.37456    -0.230531
   -0.939727      1.24658      1.57111      2.19052     -1.30358      1.38494    -0.227649
   -0.939618      1.25845      1.57586      2.19052     -1.31099      1.39534    -0.224721
    -0.24134     0.661716   -0.0392342      2.19052    0.0841886     0.290704     -1.80641
   -0.260665     0.661531 -0.000231057      2.19052  0.000497454     0.289543     -1.71476
   -0.279508     0.661703    0.0377981      2.19052   -0.0811224     0.290621     -1.62539
   -0.939497       1.2276      1.56275      2.19052     -1.29203       1.3678    -0.232389
     -0.9397      1.23948      1.56809      2.19052     -1.29921       1.3786    -0.229413
   -0.939706      1.25135      1.57307      2.19052     -1.30654      1.38915    -0.226469
   -0.939527      1.26293      1.57756      2.19052     -1.31382       1.3992    -0.223623
   -0.229795     0.662001     -0.06254      2.19052      0.13364     0.292485     -1.86062
   -0.248624     0.661604   -0.0245321      2.19052    0.0527284     0.289998     -1.77195
   -0.267953     0.661556    0.0144765      2.19052   -0.0311364     0.289701     -1.68013
   -0.287271     0.661875    0.0534686      2.19052    -0.114466     0.291696     -1.58885
   -0.939602      1.23237      1.56494      2.19052      -1.2949      1.37217    -0.231188
   -0.939725      1.24395      1.57001      2.19052     -1.30196      1.38261    -0.228299
   -0.939659      1.25583      1.57484      2.19052     -1.30934      1.39307    -0.225366
   -0.237072     0.661806   -0.0478486      2.19052     0.102538     0.291268     -1.82652
   -0.256394     0.661541   -0.0088512      2.19052    0.0190423     0.289602     -1.73507
   -0.275239     0.661634    0.0291819      2.19052   -0.0626941     0.290186     -1.64557
   -0.294547     0.662089    0.0681561      2.19052    -0.145454     0.293034     -1.55487
   -0.939672      1.23685      1.56695      2.19052     -1.29761      1.37624    -0.230068
   -0.939722      1.24873        1.572      2.19052     -1.30491      1.38684    -0.227117
   -0.939583       1.2603      1.57657      2.19052     -1.31216      1.39694    -0.224266
   -0.225532      0.66214   -0.0711455      2.19052     0.151724     0.293346     -1.88046
   -0.244837     0.661656    -0.032175      2.19052    0.0691025     0.290324     -1.78989
   -0.263682     0.661535   0.00585672      2.19052   -0.0126005     0.289569     -1.70042
   -0.283005     0.661773     0.044856      2.19052   -0.0961708      0.29106      -1.6089
   -0.939548      1.22975      1.56375      2.19052     -1.29332      1.36977    -0.231848
   -0.939713      1.24133      1.56889      2.19052     -1.30035      1.38027    -0.228951
    -0.93969       1.2532      1.57381      2.19052      -1.3077      1.39078    -0.226012
   -0.232806     0.661914   -0.0564604      2.19052     0.120801     0.291943     -1.84654
   -0.252123     0.661568   -0.0174714      2.19052    0.0375723     0.289774     -1.75536
   -0.271452     0.661587    0.0215379      2.19052   -0.0463036     0.289893     -1.66352
   -0.290283     0.661957    0.0595488      2.19052    -0.127329     0.292212     -1.57475
   -0.939634      1.23423      1.56578      2.19052     -1.29602      1.37386    -0.230724
   -0.939727       1.2461      1.57091      2.19052     -1.30329      1.38452    -0.227766
   -0.939631      1.25768      1.57556      2.19052     -1.31051      1.39468     -0.22491
   -0.240568     0.661731   -0.0407917      2.19052    0.0875115     0.290798     -1.81005
    -0.25941     0.661532  -0.00276405      2.19052   0.00594747     0.289549     -1.72073
   -0.278737     0.661689     0.036241      2.19052   -0.0777962     0.290534     -1.62903
   -0.297556     0.662194    0.0742319      2.19052    -0.158182      0.29368      -1.5409
   -0.939692       1.2387      1.56776      2.19052     -1.29874      1.37791    -0.229605
   -0.939712      1.25058      1.57275      2.19052     -1.30606      1.38848    -0.226659
   -0.939538      1.26245      1.57738      2.19052     -1.31352      1.39879    -0.223739
   -0.228542      0.66204   -0.0650685      2.19052     0.138965     0.292727     -1.86646
   -0.247852     0.661613   -0.0260894      2.19052    0.0560677     0.290057     -1.77561
   -0.267181     0.661551    0.0129184      2.19052   -0.0277872     0.289669      -1.6838
   -0.286018     0.661843    0.0509384      2.19052      -0.1091     0.291498     -1.59473
   -0.939587       1.2316      1.56459      2.19052     -1.29443      1.37147    -0.231382
   -0.939724      1.24348      1.56981      2.19052     -1.30167      1.38219    -0.228417
   -0.939665      1.25535      1.57466      2.19052     -1.30904      1.39265    -0.225482
   -0.236301     0.661825   -0.0494054      2.19052     0.105846     0.291382     -1.83014
   -0.255139     0.661547   -0.0113837      2.19052    0.0244883     0.289641     -1.74103
   -0.274467     0.661623    0.0276236      2.19052   -0.0593556     0.290119     -1.64923
   -0.293776     0.662064    0.0666003      2.19052    -0.142185     0.292878     -1.55845
   -0.939666      1.23638      1.56674      2.19052     -1.29733      1.37581    -0.230186
   -0.939724      1.24795      1.57168      2.19052     -1.30443      1.38616    -0.227308
   -0.939593      1.25983      1.57639      2.19052     -1.31186      1.39654    -0.224383
   -0.224762     0.662167   -0.0727008      2.19052     0.154981     0.293513     -1.88403
   -0.243583     0.661676   -0.0347076      2.19052    0.0745196     0.290452     -1.79582
    -0.26291     0.661533   0.00429809      2.19052  -0.00924736     0.289557      -1.7041
   -0.282233     0.661756    0.0432985      2.19052   -0.0928542     0.290957     -1.61253
   -0.939537      1.22928      1.56353      2.19052     -1.29303      1.36934    -0.231967
    -0.93971      1.24085      1.56869      2.19052     -1.30006      1.37984     -0.22907
   -0.939695      1.25273      1.57362      2.19052      -1.3074      1.39036    -0.226129
   -0.232035     0.661936   -0.0580164      2.19052     0.124092     0.292076     -1.85015
   -0.251351     0.661575   -0.0190296      2.19052    0.0409189     0.289817     -1.75902
   -0.270197     0.661575    0.0190051      2.19052   -0.0408658     0.289816     -1.66948
    -0.28903     0.661922    0.0570193      2.19052    -0.121983      0.29199     -1.58061
   -0.939626      1.23375      1.56557      2.19052     -1.29573      1.37343    -0.230843
   -0.939727      1.24563      1.57072      2.19052     -1.30299       1.3841    -0.227884
   -0.939638      1.25721      1.57538      2.19052     -1.31021      1.39426    -0.225027
   -0.239314     0.661757   -0.0433228      2.19052    0.0929065     0.290958     -1.81596
   -0.258638     0.661534  -0.00432226      2.19052   0.00929997     0.289557      -1.7244
   -0.277965     0.661676    0.0346834      2.19052   -0.0744672     0.290451     -1.63268
   -0.296786     0.662166    0.0726763      2.19052    -0.154929      0.29351     -1.54447
   -0.939687      1.23823      1.56755      2.19052     -1.29845      1.37748    -0.229723
   -0.939716      1.24981      1.57244      2.19052     -1.30558       1.3878    -0.226849
   -0.939548      1.26198       1.5772      2.19052     -1.31322      1.39839    -0.223855
   -0.227772     0.662065   -0.0666239      2.19052     0.142236      0.29288     -1.87004
   -0.246598      0.66163   -0.0286219      2.19052     0.061495     0.290161     -1.78155
   -0.266409     0.661547      0.01136      2.19052   -0.0244368     0.289641     -1.68747
   -0.285247     0.661824    0.0493814      2.19052    -0.105794     0.291381     -1.59835
   -0.939578      1.23113      1.56438      2.19052     -1.29415      1.37103    -0.231501
   -0.939722        1.243      1.56961      2.19052     -1.30138      1.38176    -0.228535
   -0.939675      1.25458      1.57435      2.19052     -1.30856      1.39198    -0.225672
   -0.235048     0.661855   -0.0519359      2.19052     0.111217     0.291575     -1.83603
   -0.254367     0.661551   -0.0129425      2.19052    0.0278397      0.28967      -1.7447
   -0.273695     0.661613    0.0260661      2.19052   -0.0560171     0.290056     -1.65289
   -0.293005      0.66204    0.0650443      2.19052    -0.138913     0.292724     -1.56204
   -0.939659       1.2359      1.56653      2.19052     -1.29704      1.37538    -0.230305
   -0.939725      1.24748      1.57149      2.19052     -1.30414      1.38574    -0.227425
   -0.939602      1.25935      1.57621      2.19052     -1.31156      1.39613    -0.224499
   -0.223992     0.662194   -0.0742559      2.19052     0.158233     0.293683      -1.8876
   -0.242811     0.661689   -0.0362651      2.19052    0.0778483     0.290535     -1.79947
   -0.261655     0.661532   0.00176555      2.19052  -0.00379852     0.289545     -1.71006
   -0.280979     0.661731    0.0407673      2.19052   -0.0874587     0.290796     -1.61845
   -0.939519      1.22851      1.56317      2.19052     -1.29257      1.36863    -0.232161
   -0.939707      1.24038      1.56848      2.19052     -1.29977      1.37941    -0.229188
   -0.939699      1.25225      1.57343      2.19052     -1.30711      1.38995    -0.226246
   -0.231264     0.661958   -0.0595729      2.19052      0.12738     0.292213     -1.85375
   -0.250579     0.661582   -0.0205874      2.19052    0.0442638     0.289863     -1.76268
   -0.268942     0.661564    0.0164727      2.19052   -0.0354261     0.289748     -1.67543
   -0.288259     0.661901    0.0554624      2.19052    -0.118689     0.291859     -1.58422
   -0.939613      1.23298      1.56522      2.19052     -1.29527      1.37273    -0.231036
   -0.939727      1.24515      1.57052      2.19052      -1.3027      1.38368    -0.228001
   -0.939646      1.25673       1.5752      2.19052     -1.30991      1.39385    -0.225143
   -0.238543     0.661773     -0.04488      2.19052    0.0962225     0.291061      -1.8196
   -0.257383     0.661537  -0.00685474      2.19052    0.0147481     0.289578     -1.73037
   -0.276711     0.661655    0.0321519      2.19052   -0.0690525     0.290323     -1.63861
   -0.296015     0.662139    0.0711215      2.19052    -0.151673     0.293343     -1.54804
   -0.939682      1.23776      1.56734      2.19052     -1.29816      1.37705    -0.229842
   -0.939717      1.24963      1.57237      2.19052     -1.30547      1.38764    -0.226893
   -0.939558       1.2615      1.57702      2.19052     -1.31292      1.39798    -0.223972
   -0.226519     0.662106   -0.0691528      2.19052     0.147546     0.293137     -1.87587
   -0.245826     0.661641   -0.0301795      2.19052    0.0648311      0.29023     -1.78521
   -0.265154     0.661541    0.0088276      2.19052   -0.0189909     0.289602     -1.69343
   -0.283993     0.661795     0.046851      2.19052    -0.100416     0.291197     -1.60425
   -0.939568      1.23066      1.56416      2.19052     -1.29386       1.3706     -0.23162
   -0.939718      1.24223      1.56928      2.19052      -1.3009      1.38108    -0.228726
   -0.939677       1.2544      1.57428      2.19052     -1.30845      1.39183    -0.225716
   -0.233794     0.661888   -0.0544656      2.19052     0.116579     0.291777     -1.84191
   -0.253112      0.66156   -0.0154744      2.19052    0.0332817     0.289724     -1.75066
   -0.272441     0.661598    0.0235336      2.19052    -0.050586     0.289961     -1.65883
   -0.291753     0.662001    0.0625153      2.19052    -0.133587     0.292483     -1.56788
   -0.939653      1.23543      1.56632      2.19052     -1.29675      1.37495    -0.230423
   -0.939727      1.24671      1.57117      2.19052     -1.30366      1.38506    -0.227616
   -0.939615      1.25858      1.57591      2.19052     -1.31108      1.39546    -0.224688
   -0.242039     0.661703   -0.0378225      2.19052     0.081175     0.290622     -1.80311
   -0.261365     0.661532    0.0011816      2.19052  -0.00254209     0.289544     -1.71144
   -0.279725     0.661707    0.0382363      2.19052   -0.0820578     0.290646     -1.62436