  -0.325124     1.18314  -0.0253159      1.0229   0.0291119    0.935861     -1.8633
   -0.68548     1.53233     1.57022      1.0229    -1.53765     1.59034     -1.1736
  -0.685521     1.53899     1.57089      1.0229    -1.54369     1.58744    -1.17372
  -0.327905     1.18313 -0.00426894      1.0229  0.00490998     0.93557    -1.84377
   -0.68551      1.5349      1.5705      1.0229       -1.54     1.58924    -1.17366
  -0.685503     1.54173     1.57109      1.0229    -1.54614     1.58619    -1.17374
  -0.330686     1.18313   0.0167795      1.0229  -0.0192973    0.935693    -1.82423
  -0.685523     1.53765     1.57077      1.0229    -1.54248     1.58804    -1.17371
  -0.685468     1.54431     1.57125      1.0229    -1.54842     1.58498    -1.17373
  -0.326275     1.18313  -0.0166055      1.0229   0.0190974     0.93569    -1.85522
  -0.685495     1.53339     1.57034      1.0229    -1.53863     1.58989    -1.17363
  -0.685516     1.54022     1.57098      1.0229    -1.54479     1.58688    -1.17373
  -0.329056     1.18313  0.00444275      1.0229 -0.00510971    0.935571    -1.83568
  -0.685518     1.53614     1.57063      1.0229    -1.54112      1.5887    -1.17368
  -0.685491      1.5428     1.57116      1.0229    -1.54708     1.58569    -1.17374
  -0.324645     1.18315  -0.0289376      1.0229   0.0332749    0.935953    -1.86666
  -0.332022     1.18314   0.0268831      1.0229  -0.0309132    0.935899    -1.81485
  -0.685474     1.53188     1.57016      1.0229    -1.53725     1.59052    -1.17358
  -0.685522     1.53871     1.57086      1.0229    -1.54344     1.58756    -1.17372
  -0.327426     1.18313  -0.0078932      1.0229  0.00907829    0.935591    -1.84713
  -0.685508     1.53463     1.57048      1.0229    -1.53975     1.58936    -1.17365
  -0.685508     1.54129     1.57106      1.0229    -1.54574     1.58639    -1.17374
  -0.330391     1.18313     0.01455      1.0229  -0.0167336     0.93566     -1.8263
  -0.685522      1.5372     1.57073      1.0229    -1.54208     1.58824     -1.1737
  -0.685473     1.54403     1.57123      1.0229    -1.54818     1.58511    -1.17373
   -0.32598     1.18313  -0.0188352      1.0229   0.0216612    0.935727    -1.85729
  -0.685492     1.53312     1.57031      1.0229    -1.53838        1.59    -1.17362
  -0.685517     1.53995     1.57096      1.0229    -1.54455       1.587    -1.17373
  -0.328761     1.18313  0.00221315      1.0229 -0.00254536    0.935564    -1.83775
  -0.685517     1.53587      1.5706      1.0229    -1.54087     1.58882    -1.17368
  -0.685494     1.54252     1.57114      1.0229    -1.54684     1.58582    -1.17374
  -0.331727     1.18314   0.0246537      1.0229  -0.0283505    0.935846    -1.81692
  -0.685469     1.53161     1.57013      1.0229      -1.537     1.59064    -1.17358
  -0.685522     1.53844     1.57084      1.0229     -1.5432     1.58769    -1.17372
  -0.327131     1.18313  -0.0101241      1.0229   0.0116439    0.935609     -1.8492
  -0.685504     1.53419     1.57043      1.0229    -1.53935     1.58955    -1.17364
   -0.68551     1.54101     1.57104      1.0229     -1.5455     1.58652    -1.17374
  -0.330097     1.18313   0.0123193      1.0229  -0.0141683    0.935632    -1.82837
  -0.685521     1.53693     1.57071      1.0229    -1.54184     1.58836     -1.1737
  -0.685477     1.54376     1.57122      1.0229    -1.54794     1.58524    -1.17373
  -0.325501     1.18314  -0.0224585      1.0229    0.025827    0.935797    -1.86065
  -0.685488     1.53285     1.57028      1.0229    -1.53813     1.59012    -1.17361
  -0.685519     1.53951     1.57093      1.0229    -1.54415     1.58721    -1.17373
  -0.328467     1.18313 -1.7792e-05      1.0229   2.055e-05    0.935561    -1.83982
  -0.685514     1.53542     1.57056      1.0229    -1.54047     1.58902    -1.17367
  -0.685498     1.54225     1.57113      1.0229     -1.5466     1.58595    -1.17374
  -0.331248     1.18314   0.0210297      1.0229  -0.0241842    0.935768    -1.82028
  -0.685461     1.53117     1.57008      1.0229    -1.53659     1.59082    -1.17356
  -0.685523     1.53817     1.57082      1.0229    -1.54295     1.58781    -1.17371
  -0.685459     1.54483     1.57128      1.0229    -1.54888     1.58473    -1.17373
  -0.326837     1.18313  -0.0123534      1.0229   0.0142078    0.935633    -1.85127
  -0.685501     1.53391      1.5704      1.0229     -1.5391     1.58967    -1.17364
  -0.685512     1.54074     1.57102      1.0229    -1.54526     1.58664    -1.17373
  -0.329618     1.18313  0.00869519      1.0229  -0.0100005    0.935597    -1.83173
   -0.68552     1.53649     1.57066      1.0229    -1.54144     1.58855    -1.17369
  -0.685481     1.54349      1.5712      1.0229    -1.54769     1.58537    -1.17374
  -0.325207     1.18314  -0.0246879      1.0229   0.0283899    0.935846    -1.86272
  -0.685484     1.53257     1.57025      1.0229    -1.53788     1.59023     -1.1736
   -0.68552     1.53923     1.57091      1.0229    -1.54391     1.58733    -1.17372
  -0.327988     1.18313 -0.00364214      1.0229  0.00418908    0.935568    -1.84318
  -0.685511     1.53498     1.57051      1.0229    -1.54007     1.58921    -1.17366
  -0.685503     1.54181      1.5711      1.0229    -1.54621     1.58615    -1.17374
  -0.330769     1.18313   0.0174062      1.0229   -0.020018    0.935703    -1.82364
  -0.685523     1.53772     1.57078      1.0229    -1.54255     1.58801    -1.17371
  -0.685467     1.54438     1.57125      1.0229    -1.54848     1.58494    -1.17373
  -0.326358     1.18313  -0.0159787      1.0229   0.0183767    0.935681    -1.85463
  -0.685498     1.53364     1.57037      1.0229    -1.53885     1.58978    -1.17363
  -0.685514     1.54047       1.571      1.0229    -1.54501     1.58677    -1.17373
  -0.329323     1.18313  0.00646523      1.0229  -0.0074358    0.935581     -1.8338
  -0.685519     1.53621     1.57064      1.0229    -1.54119     1.58867    -1.17369
  -0.685488     1.54304     1.57118      1.0229     -1.5473     1.58558    -1.17374
  -0.324728     1.18315  -0.0283104      1.0229    0.032554    0.935936    -1.86608
  -0.332104     1.18314   0.0275088      1.0229  -0.0316324    0.935915    -1.81427