   1.18834    1.35903  0.0237193    3.08977   -3.11757    1.30723   -1.95453
   1.19004    1.35903 0.00305617    3.08977    -3.1385    1.30721   -1.95172
   1.18694    1.35904  0.0406351    3.08977   -3.10044    1.30726   -1.95683
   1.18864    1.35903  0.0199833    3.08977   -3.12136    1.30722   -1.95402
   1.18574    1.35905  0.0552008    3.08977    -3.0857    1.30731   -1.95881
   1.18744    1.35904  0.0345703    3.08977   -3.10659    1.30725     -1.956
   1.18895    1.35903  0.0162487    3.08977   -3.12514    1.30722   -1.95351
   1.18605    1.35905  0.0514749    3.08977   -3.08947     1.3073    -1.9583
   1.18775    1.35903  0.0308363    3.08977   -3.11037    1.30724    -1.9555
   1.18926    1.35903  0.0125135    3.08977   -3.12892    1.30721     -1.953
   1.18655    1.35904  0.0454147    3.08977    -3.0956    1.30728   -1.95748
   1.18806    1.35903   0.027104    3.08977   -3.11415    1.30723   -1.95499
   1.18995    1.35903  0.0041039    3.08977   -3.13744    1.30721   -1.95186
   1.18686    1.35904  0.0416845    3.08977   -3.09938    1.30727   -1.95697