    0.885789     0.943783     -1.55826      1.96136     0.983764      1.33588      -2.5631
    0.186684     0.465517   -0.0273894      1.96136    0.0187527     0.714951     -1.41484
    0.162072     0.465454    0.0146042      1.96136  -0.00999939     0.714844     -1.38022
   -0.544426     0.940421      1.55538      1.96136    -0.981215      1.33262    -0.223611
     0.13685     0.465819    0.0576499      1.96136   -0.0394624     0.715464     -1.34473
   -0.544679     0.951749      1.56495      1.96136    -0.989793      1.34353    -0.216287
    0.112333     0.466595    0.0995324      1.96136   -0.0680943     0.716775     -1.31023
   -0.544711     0.962796      1.57393      1.96136    -0.998134        1.354    -0.209314
   -0.544526     0.974126      1.58277      1.96136     -1.00667      1.36458    -0.202328
    0.885813     0.973218     -1.58207      1.96136      1.00599      1.36374     -2.58163
    0.885979     0.961888      -1.5732      1.96136     0.997449      1.35315     -2.57464
     0.22692     0.466516   -0.0960947      1.96136    0.0657464     0.716641     -1.47145
    0.885927     0.950558     -1.56396      1.96136     0.988892      1.34239     -2.56747
    0.202395     0.465774   -0.0542028      1.96136    0.0371042     0.715387     -1.43695
     0.88566     0.939513      -1.5546      1.96136     0.980526      1.33174     -2.56031
    0.177168     0.465443   -0.0111526      1.96136   0.00763635     0.714827     -1.40145
   -0.544166     0.933648      1.54947      1.96136    -0.976071      1.32602    -0.228078
    0.151927     0.465548    0.0319149      1.96136   -0.0218505     0.715005     -1.36594
   -0.544548     0.944691      1.55903      1.96136    -0.984452      1.33676    -0.220829
    0.127358      0.46607    0.0738589      1.96136   -0.0505488     0.715888     -1.33137
   -0.544716     0.956021      1.56846      1.96136     -0.99302       1.3476    -0.213572
    0.102259     0.467034      0.11676      1.96136   -0.0798559     0.717518     -1.29606
   -0.544662     0.967351      1.57752      1.96136     -1.00157      1.35827    -0.206486
   -0.544401     0.978396      1.58601      1.96136     -1.00989      1.36852    -0.199736
     0.88561     0.979991     -1.58721      1.96136      1.01109      1.36998     -2.58574
    0.885906     0.968664     -1.57855      1.96136      1.00256       1.3595     -2.57884
    0.241903     0.467174    -0.121721      1.96136    0.0832403     0.717754     -1.49254
    0.885986     0.957616     -1.56976      1.96136     0.994225      1.34911     -2.57195
    0.217448      0.46618   -0.0799096      1.96136    0.0546858     0.716074     -1.45813
    0.885849     0.946287     -1.56038      1.96136      0.98566      1.33829     -2.56472
    0.192259     0.465589   -0.0369028      1.96136     0.025265     0.715073     -1.42269
    0.885498     0.935243     -1.55088      1.96136     0.977283      1.32758      -2.5575
     0.16765     0.465432   0.00508663      1.96136  -0.00348275     0.714807     -1.38806
    -0.54434     0.937918      1.55321      1.96136    -0.979315      1.33019    -0.225254
    0.142419     0.465701    0.0481433      1.96136   -0.0329577     0.715263     -1.35256
   -0.544643     0.949246      1.56287      1.96136    -0.987899      1.34114     -0.21789
    0.117253     0.466406    0.0911232      1.96136   -0.0623496     0.716456     -1.31715
   -0.544722     0.960293      1.57192      1.96136    -0.996245      1.35164    -0.210881
   0.0928349      0.46751     0.132891      1.96136   -0.0908578     0.718322     -1.28279
   -0.544586     0.971622      1.58084      1.96136     -1.00479      1.36225    -0.203857
    0.885755     0.975438     -1.58377      1.96136      1.00766      1.36579     -2.58299
    0.885961     0.964392     -1.57519      1.96136     0.999337       1.3555      -2.5762
    0.232462     0.466741    -0.105571      1.96136    0.0722185     0.717022     -1.47925
    0.885958     0.953062     -1.56604      1.96136     0.990785      1.34478     -2.56907
    0.207332      0.46589   -0.0626322      1.96136     0.042871     0.715583     -1.44389
    0.885739     0.942016     -1.55675      1.96136     0.982424      1.33417     -2.56195
    0.182746     0.465479   -0.0206695      1.96136    0.0141522     0.714887      -1.4093
    0.157503     0.465488    0.0224003      1.96136    -0.015337     0.714902     -1.37379
   -0.544489     0.942471      1.55714      1.96136    -0.982769      1.33461    -0.222272
    0.132919     0.465916    0.0643605      1.96136   -0.0440529     0.715627      -1.3392
   -0.544699     0.953517      1.56641      1.96136    -0.991129      1.34522     -0.21516
    0.107794     0.466784     0.107294      1.96136   -0.0733946     0.717095     -1.30384
   -0.544693     0.964847      1.57555      1.96136    -0.999681      1.35593    -0.208037
   -0.544478     0.975893      1.58412      1.96136       -1.008      1.36621    -0.201252
    0.885516     0.982494     -1.58907      1.96136      1.01297      1.37227     -2.58725
    0.885859     0.971167     -1.58049      1.96136      1.00444      1.36183     -2.58038
    0.247425     0.467456    -0.131173      1.96136    0.0896866     0.718231     -1.50031
    0.885986      0.96012     -1.57178      1.96136     0.996115      1.35148     -2.57353
    0.223001     0.466369   -0.0893983      1.96136    0.0611712     0.716394     -1.46594
    0.885899      0.94879     -1.56249      1.96136     0.987555       1.3407     -2.56633
    0.197832     0.465682   -0.0464137      1.96136    0.0317744     0.715231     -1.43053
    0.885586     0.937463     -1.55282      1.96136      0.97897      1.32975     -2.55896
    0.173229     0.465431  -0.00443156      1.96136   0.00303445     0.714806     -1.39591
   -0.544242     0.935415      1.55103      1.96136    -0.977415      1.32775    -0.226906
     0.14799     0.465604    0.0386332      1.96136   -0.0264491     0.715099      -1.3604
   -0.544595     0.946742      1.56077      1.96136    -0.986005      1.33873    -0.219502
    0.122805     0.466213    0.0816356      1.96136   -0.0558655     0.716129     -1.32497
   -0.544722     0.957789       1.5699      1.96136    -0.994355      1.34928    -0.212454
   0.0983557     0.467224      0.12344      1.96136   -0.0844133     0.717838     -1.29056
   -0.544634     0.969119       1.5789      1.96136      -1.0029      1.35993    -0.205395
    -0.54433     0.980447      1.58755      1.96136     -1.01143       1.3704    -0.198499
     0.88568     0.977941     -1.58567      1.96136      1.00954       1.3681     -2.58451
    0.885933     0.966896     -1.57717      1.96136      1.00122      1.35785     -2.57775
    0.237998     0.466987    -0.115039      1.96136    0.0786817     0.717439     -1.48704
    0.885978     0.955565     -1.56809      1.96136     0.992676      1.34717     -2.57066
    0.212895     0.466041   -0.0721318      1.96136     0.049368     0.715838     -1.45172
    0.885808     0.944519     -1.55889      1.96136     0.984321      1.33659     -2.56358
    0.188323     0.465536   -0.0301847      1.96136    0.0206663     0.714983     -1.41715
    0.885409     0.933193     -1.54907      1.96136     0.975725      1.32558     -2.55614
     0.16308     0.465448    0.0128836      1.96136  -0.00882132     0.714835     -1.38163
   -0.544412     0.939968      1.55499      1.96136    -0.980871      1.33219    -0.223908
    0.138486     0.465782    0.0548573      1.96136   -0.0375518     0.715401     -1.34703
    -0.54467     0.951014      1.56434      1.96136    -0.989236      1.34283    -0.216757
    0.113335     0.466555    0.0978193      1.96136   -0.0669242     0.716708     -1.31164
   -0.544713     0.962344      1.57356      1.96136    -0.997793      1.35358    -0.209597
   -0.544545      0.97339       1.5822      1.96136     -1.00612      1.36389    -0.202776
    0.885802      0.97367     -1.58242      1.96136      1.00633      1.36415     -2.58191
    0.885977     0.962341     -1.57356      1.96136      0.99779      1.35358     -2.57492
    0.228549      0.46658   -0.0988801      1.96136     0.067649     0.716749     -1.47375
    0.885937     0.951294     -1.56457      1.96136     0.989448       1.3431     -2.56794
    0.203401     0.465796   -0.0559211      1.96136    0.0382799     0.715425     -1.43836
    0.885675     0.939965     -1.55499      1.96136     0.980869      1.33218     -2.56061
    0.178177     0.465448   -0.0128732      1.96136   0.00881442     0.714835     -1.40287
    0.153565     0.465528    0.0291199      1.96136   -0.0199372     0.714971     -1.36825
   -0.544537     0.944239      1.55865      1.96136    -0.984109      1.33632    -0.221123
    0.128363     0.466041     0.072142      1.96136   -0.0493748     0.715838     -1.33279
   -0.544714     0.955568      1.56809      1.96136    -0.992679      1.34717    -0.213858
    0.103885     0.466959      0.11398      1.96136   -0.0779586      0.71739     -1.29834
   -0.544673     0.966615      1.57695      1.96136     -1.00101      1.35759    -0.206941
   -0.544416     0.977944      1.58567      1.96136     -1.00955       1.3681    -0.200009
    0.885594     0.980444     -1.58754      1.96136      1.01143       1.3704     -2.58602
    0.885893     0.969399     -1.57912      1.96136      1.00311      1.36019     -2.57929
    0.243526     0.467255    -0.124499      1.96136    0.0851354     0.717891     -1.49482
    0.885987     0.958069     -1.57013      1.96136     0.994567      1.34954     -2.57224
    0.218452     0.466212   -0.0816254      1.96136    0.0558587     0.716129     -1.45954
    0.885865     0.947022       -1.561      1.96136     0.986217        1.339     -2.56519
    0.193897     0.465614   -0.0396976      1.96136    0.0271779     0.715115     -1.42499
    0.885517     0.935696     -1.55127      1.96136     0.977627      1.32803      -2.5578
    0.168659      0.46543   0.00336581      1.96136  -0.00230449     0.714804     -1.38948
   -0.544323     0.937465      1.55282      1.96136    -0.978972      1.32975    -0.225552
    0.143426     0.465682    0.0464243      1.96136   -0.0317814     0.715231     -1.35398
    -0.54463      0.94851      1.56225      1.96136    -0.987343      1.34043    -0.218363
    0.118883     0.466347    0.0883366      1.96136   -0.0604454     0.716356     -1.31945
   -0.544723      0.95984      1.57156      1.96136    -0.995904      1.35122    -0.211165
   0.0938323     0.467457     0.131184      1.96136   -0.0896936     0.718232      -1.2842
   -0.544595      0.97117       1.5805      1.96136     -1.00445      1.36183    -0.204135
   -0.544264     0.982214      1.58886      1.96136     -1.01276      1.37202    -0.197436
    0.885734     0.976173     -1.58433      1.96136      1.00821      1.36647     -2.58343
    0.885957     0.964845     -1.57555      1.96136     0.999678      1.35593     -2.57648
    0.233464     0.466784    -0.107284      1.96136    0.0733876     0.717095     -1.48066
    0.885965     0.953797     -1.56664      1.96136     0.991341      1.34549     -2.56953
    0.208967     0.465932   -0.0654236      1.96136    0.0447803     0.715654     -1.44619
    0.885753     0.942468     -1.55714      1.96136     0.982767      1.33461     -2.56224
    0.183754     0.465487   -0.0223899      1.96136    0.0153301     0.714902     -1.41072
    0.159142     0.465474    0.0196042      1.96136   -0.0134226     0.714878     -1.37609
   -0.544467     0.941736      1.55651      1.96136    -0.982212       1.3339    -0.222751
    0.133925      0.46589    0.0626429      1.96136    -0.042878     0.715583     -1.34061
   -0.544694     0.953065      1.56604      1.96136    -0.990787      1.34479    -0.215449
    0.108795     0.466741     0.105582      1.96136   -0.0722256     0.717023     -1.30525
     -0.5447     0.964112      1.57497      1.96136    -0.999126      1.35524    -0.208495
   -0.544491     0.975441      1.58377      1.96136     -1.00766      1.36579    -0.201527
    0.885843     0.971903     -1.58106      1.96136        1.005      1.36251     -2.58083
    0.249046     0.467543    -0.133949      1.96136    0.0915786     0.718378     -1.50259
    0.885985     0.960573     -1.57215      1.96136     0.996457      1.35191     -2.57381
    0.224005     0.466406   -0.0911128      1.96136    0.0623427     0.716455     -1.46735
    0.885907     0.949243     -1.56287      1.96136     0.987897      1.34113     -2.56662
    0.198839     0.465701   -0.0481328      1.96136    0.0329507     0.715263     -1.43194
    0.885614     0.938198     -1.55346      1.96136     0.979528      1.33047     -2.55945
    0.174238     0.465433  -0.00615188      1.96136   0.00421236      0.71481     -1.39733
   -0.544223     0.934963      1.55063      1.96136    -0.977071      1.32731    -0.227205
    0.148998     0.465589    0.0369135      1.96136   -0.0252721     0.715073     -1.36182
   -0.544586      0.94629      1.56038      1.96136    -0.985662       1.3383    -0.219794
    0.123809      0.46618    0.0799202      1.96136   -0.0546929     0.716074     -1.32638
   -0.544721     0.957336      1.56953      1.96136    -0.994014      1.34885     -0.21274
   0.0993546     0.467174     0.121731      1.96136   -0.0832472     0.717755     -1.29197
   -0.544642     0.968666      1.57855      1.96136     -1.00256       1.3595    -0.205674
   -0.544357     0.979711        1.587      1.96136     -1.01088      1.36973    -0.198941
    0.885656     0.978676     -1.58622      1.96136       1.0101      1.36877     -2.58495
    0.885926     0.967348     -1.57752      1.96136      1.00157      1.35827     -2.57803
    0.239623     0.467064     -0.11782      1.96136    0.0805788     0.717568     -1.48933
    0.885981     0.956301     -1.56869      1.96136     0.993232      1.34787     -2.57112
    0.214528     0.466089   -0.0749218      1.96136    0.0512758      0.71592     -1.45402
    0.885819     0.944971     -1.55927      1.96136     0.984664      1.33703     -2.56387
     0.18933     0.465548   -0.0319047      1.96136    0.0218438     0.715005     -1.41857
    0.885429     0.933646     -1.54947      1.96136     0.976069      1.32602     -2.55644
    0.164719     0.465441    0.0100874      1.96136  -0.00690677     0.714822     -1.38394
   -0.544387     0.939233      1.55435      1.96136    -0.980313      1.33147    -0.224389
    0.139492     0.465761    0.0531388      1.96136    -0.036376     0.715364     -1.34845
   -0.544663     0.950561      1.56396      1.96136    -0.988894       1.3424    -0.217047
    0.114338     0.466516    0.0961053      1.96136   -0.0657534     0.716642     -1.31305
   -0.544717     0.961608      1.57298      1.96136    -0.997237      1.35289    -0.210056
   0.0899377     0.467669     0.137853      1.96136   -0.0942392      0.71859     -1.27872
   -0.544556     0.972938      1.58186      1.96136     -1.00578      1.36348    -0.203053
     0.88579     0.974123     -1.58277      1.96136      1.00667      1.36457     -2.58219
    0.885972     0.963077     -1.57415      1.96136     0.998345      1.35427     -2.57538
    0.229551      0.46662    -0.100593      1.96136    0.0688191     0.716817     -1.47516
    0.885943     0.951746     -1.56495      1.96136      0.98979      1.34353     -2.56823
    0.204408     0.465819   -0.0576394      1.96136    0.0394554     0.715463     -1.43978
     0.88569     0.940418     -1.55538      1.96136     0.981213      1.33262      -2.5609
    0.179185     0.465454   -0.0145936      1.96136   0.00999233     0.714844     -1.40429
    0.154573     0.465517       0.0274      1.96136   -0.0187598     0.714951     -1.36966
   -0.544525     0.943786      1.55826      1.96136    -0.983766      1.33588    -0.221416
    0.129997     0.465994    0.0693518      1.96136   -0.0474667      0.71576     -1.33509
   -0.544709     0.954833      1.56749      1.96136    -0.992123      1.34647    -0.214325
    0.104885     0.466913     0.112269      1.96136   -0.0767905     0.717313     -1.29975
   -0.544678     0.966163      1.57659      1.96136     -1.00067      1.35716    -0.207221
    -0.54443     0.977491      1.58533      1.96136     -1.00921      1.36768    -0.200283
    0.885567     0.981179     -1.58809      1.96136      1.01198      1.37107     -2.58646
    0.885885     0.969852     -1.57947      1.96136      1.00345      1.36061     -2.57957
    0.244525     0.467305    -0.126208      1.96136     0.086301     0.717976     -1.49623
    0.885987     0.958522     -1.57049      1.96136     0.994909      1.34997     -2.57252
    0.220084     0.466267   -0.0844137      1.96136    0.0577646     0.716221     -1.46184
    0.885874     0.947475     -1.56138      1.96136     0.986559      1.33944     -2.56549
    0.194904      0.46563   -0.0414172      1.96136    0.0283548     0.715143     -1.42641
    0.885535     0.936148     -1.55167      1.96136     0.977971      1.32847     -2.55809
    0.170298     0.465429  0.000569791      1.96136 -0.000390025     0.714802     -1.39179
   -0.544295      0.93673      1.55218      1.96136    -0.978413      1.32904    -0.226037
    0.145063     0.465652    0.0436302      1.96136   -0.0298692     0.715181     -1.35628
   -0.544622     0.948057      1.56187      1.96136       -0.987         1.34    -0.218654
    0.119887     0.466312    0.0866215      1.96136   -0.0592733     0.716296     -1.32086
   -0.544723     0.959387      1.57119      1.96136    -0.995562      1.35079    -0.211449
   0.0954539     0.467372     0.128407      1.96136   -0.0878007     0.718088     -1.28648
    -0.54461     0.970434      1.57993      1.96136     -1.00389      1.36115    -0.204586
   -0.544281     0.981761      1.58853      1.96136     -1.01242      1.37161    -0.197708
     0.88572     0.976626     -1.58467      1.96136      1.00855      1.36689     -2.58371
    0.885952     0.965297     -1.57591      1.96136      1.00002      1.35635     -2.57676
     0.23509     0.466855    -0.110066      1.96136    0.0752869     0.717215     -1.48295
    0.885969      0.95425     -1.56701      1.96136     0.991683      1.34592     -2.56982
    0.209973     0.465959   -0.0671413      1.96136    0.0459551     0.715699     -1.44761
    0.885765     0.942921     -1.55752      1.96136      0.98311      1.33505     -2.56254
    0.185393     0.465503   -0.0251856      1.96136    0.0172441     0.714928     -1.41303
     0.16015     0.465466    0.0178839      1.96136   -0.0122449     0.714866     -1.37751
   -0.544454     0.941283      1.55612      1.96136    -0.981869      1.33346    -0.223047
    0.134931     0.465865    0.0609249      1.96136   -0.0417029     0.715541     -1.34203
   -0.544689     0.952612      1.56566      1.96136    -0.990445      1.34435    -0.215736
    0.110423     0.466673     0.102798      1.96136   -0.0703248     0.716907     -1.30754
   -0.544704     0.963659      1.57461      1.96136    -0.998785      1.35481    -0.208777
   -0.544503     0.974988      1.58343      1.96136     -1.00732      1.36537    -0.201802
    0.885833     0.972355     -1.58141      1.96136      1.00534      1.36294     -2.58111
    0.250043     0.467598    -0.135656      1.96136    0.0927423      0.71847       -1.504
    0.885983     0.961025     -1.57251      1.96136     0.996798      1.35234      -2.5741
    0.225635     0.466466   -0.0938989      1.96136    0.0642463     0.716558     -1.46965
    0.885918     0.949978     -1.56348      1.96136     0.988454      1.34184      -2.5671
    0.200475     0.465734   -0.0509261      1.96136    0.0348622     0.715318     -1.43425
     0.88563      0.93865     -1.55385      1.96136     0.979871      1.33091     -2.55974
    0.175246     0.465436  -0.00787258      1.96136   0.00539053     0.714814     -1.39875
   -0.544204     0.934511      1.55023      1.96136    -0.976727      1.32687    -0.227505
    0.150636     0.465565    0.0341185      1.96136   -0.0233589     0.715034     -1.36413
   -0.544576     0.945837         1.56      1.96136     -0.98532      1.33786    -0.220087
    0.125442     0.466128     0.077131      1.96136    -0.052786     0.715987     -1.32868
    -0.54472     0.956884      1.56917      1.96136    -0.993672      1.34842    -0.213026
    0.100354     0.467126     0.120021      1.96136   -0.0820808     0.717672     -1.29337
   -0.544649     0.968214       1.5782      1.96136     -1.00222      1.35908    -0.205953
   -0.544372     0.979259      1.58666      1.96136     -1.01054      1.36931    -0.199214
     0.88564     0.979129     -1.58656      1.96136      1.01044      1.36919     -2.58522
    0.885915     0.968084      -1.5781      1.96136      1.00212      1.35896     -2.57848
    0.240623     0.467112     -0.11953      1.96136    0.0817458     0.717649     -1.49074
    0.885983     0.956754     -1.56906      1.96136     0.993574       1.3483     -2.57141
    0.215533     0.466119   -0.0766378      1.96136     0.052449     0.715972     -1.45543
     0.88583     0.945424     -1.55965      1.96136     0.985007      1.33746     -2.56416
    0.190968      0.46557   -0.0346999      1.96136    0.0237571     0.715042     -1.42087
    0.885462     0.934381     -1.55012      1.96136     0.976628      1.32674     -2.55693
    0.165728     0.465437   0.00836681      1.96136  -0.00572869     0.714816     -1.38536
   -0.544371      0.93878      1.55396      1.96136     -0.97997      1.33103    -0.224687
    0.140499      0.46574    0.0514202      1.96136   -0.0352001     0.715328     -1.34986
   -0.544652     0.949825      1.56335      1.96136    -0.988338      1.34169    -0.217518
    0.115968     0.466454    0.0933193      1.96136   -0.0638501     0.716536     -1.31535
   -0.544719     0.961156      1.57261      1.96136    -0.996896      1.35246     -0.21034
   0.0909342     0.467613     0.136146      1.96136   -0.0930765     0.718496     -1.28012
   -0.544573     0.972202      1.58129      1.96136     -1.00522      1.36279    -0.203503
    0.885771     0.974858     -1.58333      1.96136      1.00722      1.36525     -2.58264
    0.885969     0.963529     -1.57451      1.96136     0.998687      1.35469     -2.57566
    0.230553     0.466661    -0.102307      1.96136    0.0699891     0.716887     -1.47657
    0.885948     0.952199     -1.56532      1.96136     0.990133      1.34396     -2.56852
    0.206043     0.465858   -0.0604316      1.96136    0.0413656     0.715529     -1.44208
    0.885713     0.941153     -1.55601      1.96136      0.98177      1.33334     -2.56138
    0.180824     0.465464   -0.0173898      1.96136    0.0119068     0.714862      -1.4066
    0.155581     0.465506    0.0256798      1.96136   -0.0175821     0.714933     -1.37108
   -0.544505     0.943051      1.55764      1.96136    -0.983209      1.33517    -0.221894
    0.131002     0.465967    0.0676345      1.96136   -0.0462922     0.715713      -1.3365
   -0.544706      0.95438      1.56712      1.96136    -0.991781      1.34604    -0.214612
    0.105886     0.466868     0.110558      1.96136   -0.0756224     0.717237     -1.30116
   -0.544687     0.965427      1.57601      1.96136     -1.00012      1.35647    -0.207677
   -0.544453     0.976756      1.58477      1.96136     -1.00865      1.36701    -0.200728
     0.88555     0.981631     -1.58843      1.96136      1.01232      1.37149     -2.58673
    0.885876     0.970304     -1.57983      1.96136      1.00379      1.36103     -2.57985
    0.246147     0.467389    -0.128985      1.96136    0.0881947     0.718117     -1.49851
    0.885987     0.959257     -1.57109      1.96136     0.995464      1.35067     -2.57299
    0.221088     0.466302   -0.0861288      1.96136    0.0589368     0.716279     -1.46325
    0.885883     0.947927     -1.56176      1.96136     0.986902      1.33987     -2.56578
    0.195912     0.465647   -0.0431365      1.96136    0.0295315     0.715172     -1.42783
    0.885553       0.9366     -1.55206      1.96136     0.978315      1.32891     -2.55839
    0.171306     0.465429  -0.00115117      1.96136  0.000788338     0.714802     -1.39321
   -0.544277     0.936278      1.55178      1.96136     -0.97807      1.32859    -0.226336
     0.14607     0.465635    0.0419109      1.96136   -0.0286925     0.715151      -1.3577
   -0.544607     0.947322      1.56125      1.96136    -0.986444      1.33929    -0.219128
    0.121519     0.466256    0.0838339      1.96136   -0.0573681     0.716201     -1.32316
   -0.544723     0.958652       1.5706      1.96136    -0.995007      1.35009    -0.211911
   0.0964521      0.46732     0.126699      1.96136   -0.0866356     0.718001     -1.28788
   -0.544619     0.969982      1.57957      1.96136     -1.00355      1.36073    -0.204865
   -0.544309     0.981026      1.58798      1.96136     -1.01187      1.37093    -0.198149
    0.885707     0.977078     -1.58501      1.96136      1.00889       1.3673     -2.58398
    0.885944     0.966033     -1.57649      1.96136      1.00057      1.35704     -2.57721
    0.236091       0.4669    -0.111777      1.96136    0.0764553     0.717291     -1.48436
    0.885972     0.954703     -1.56739      1.96136     0.992025      1.34635     -2.57011
    0.210978     0.465986   -0.0688586      1.96136    0.0471296     0.715746     -1.44902
    0.885786     0.943656     -1.55815      1.96136     0.983668      1.33576     -2.56302
    0.186401     0.465514   -0.0269058      1.96136    0.0184217     0.714946     -1.41444
    0.161158     0.465459    0.0161636      1.96136   -0.0110671     0.714854     -1.37893
    -0.54443     0.940548      1.55549      1.96136    -0.981311      1.33275    -0.223528
    0.136567     0.465826     0.058133      1.96136   -0.0397929     0.715475     -1.34433
   -0.544681     0.951876      1.56506      1.96136    -0.989889      1.34365    -0.216206
    0.111425     0.466631     0.101085      1.96136   -0.0691549     0.716837     -1.30895
   -0.544708     0.963207      1.57425      1.96136    -0.998443      1.35439    -0.209059
   -0.544523     0.974253      1.58286      1.96136     -1.00677      1.36469     -0.20225
    0.885823     0.972808     -1.58176      1.96136      1.00568      1.36336     -2.58138
     0.25104     0.467653    -0.137363      1.96136    0.0939058     0.718563      -1.5054
    0.885982     0.961478     -1.57287      1.96136     0.997139      1.35276     -2.57438
    0.226638     0.466504   -0.0956131      1.96136    0.0654173     0.716623     -1.47106
    0.885925     0.950431     -1.56386      1.96136     0.988796      1.34227     -2.56739
    0.201482     0.465754    -0.052645      1.96136    0.0360383     0.715354     -1.43566
    0.885646     0.939103     -1.55424      1.96136     0.980215      1.33134     -2.56004
    0.176885     0.465442    -0.010669      1.96136   0.00730521     0.714825     -1.40106
   -0.544172     0.933775      1.54959      1.96136    -0.976168      1.32615    -0.227993
    0.151644     0.465552    0.0323987      1.96136   -0.0221817     0.715011     -1.36554
   -0.544558     0.945101      1.55938      1.96136    -0.984763      1.33715    -0.220563
    0.126447     0.466098    0.0754147      1.96136   -0.0516125     0.715935     -1.33009
   -0.544717     0.956148      1.56857      1.96136    -0.993117      1.34772    -0.213491
    0.101978     0.467048     0.117242      1.96136   -0.0801842     0.717541     -1.29566
   -0.544656     0.967761      1.57784      1.96136     -1.00188      1.35866    -0.206233
   -0.544397     0.978523       1.5861      1.96136     -1.00998      1.36863    -0.199659
    0.885615     0.979864     -1.58711      1.96136      1.01099      1.36987     -2.58567
    0.885908     0.968536     -1.57845      1.96136      1.00246      1.35938     -2.57876
    0.241622      0.46716     -0.12124      1.96136    0.0829123     0.717731     -1.49214
    0.885985     0.957206     -1.56943      1.96136     0.993915      1.34873     -2.57169
    0.216538     0.466151   -0.0783542      1.96136    0.0536225     0.716025     -1.45685
    0.885847     0.946159     -1.56028      1.96136     0.985564      1.33817     -2.56464
    0.191346     0.465575   -0.0353441      1.96136     0.024198     0.715051      -1.4214
    0.885481     0.934833     -1.55052      1.96136     0.976972      1.32718     -2.55722
    0.166736     0.465434   0.00664611      1.96136  -0.00455053     0.714811     -1.38678
   -0.544355     0.938328      1.55357      1.96136    -0.979627      1.33059    -0.224984
    0.142135     0.465707    0.0486265      1.96136   -0.0332884     0.715273     -1.35217
   -0.544645     0.949373      1.56297      1.96136    -0.987996      1.34126    -0.217809
    0.116971     0.466416    0.0916054      1.96136    -0.062679     0.716473     -1.31676
   -0.544721     0.960703      1.57225      1.96136    -0.996555      1.35203    -0.210623
   0.0925545     0.467525     0.133372      1.96136   -0.0911852     0.718347      -1.2824
   -0.544577     0.972033      1.58116      1.96136      -1.0051      1.36264    -0.203606
    0.885758     0.975311     -1.58367      1.96136      1.00756      1.36567     -2.58291
    0.885965     0.963982     -1.57487      1.96136     0.999028      1.35512     -2.57594
    0.231555     0.466703    -0.104019      1.96136    0.0711586     0.716957     -1.47798
    0.885957     0.952935     -1.56593      1.96136     0.990689      1.34466     -2.56899
    0.207049     0.465883   -0.0621494      1.96136    0.0425407     0.715571      -1.4435
    0.885727     0.941606      -1.5564      1.96136     0.982113      1.33377     -2.56168
    0.182463     0.465477   -0.0201862      1.96136    0.0138213     0.714883      -1.4089
     0.15722      0.46549     0.022884      1.96136   -0.0156681     0.714906     -1.37339
   -0.544493     0.942598      1.55725      1.96136    -0.982866      1.33473    -0.222189
    0.132008      0.46594    0.0659174      1.96136   -0.0451178     0.715667     -1.33792
   -0.544702     0.953927      1.56675      1.96136    -0.991439      1.34561    -0.214899
    0.107512     0.466796     0.107775      1.96136   -0.0737231     0.717116     -1.30345
   -0.544692     0.964975      1.57565      1.96136    -0.999776      1.35605    -0.207958
   -0.544458     0.976586      1.58464      1.96136     -1.00852      1.36685    -0.200831
    0.885532     0.982084     -1.58877      1.96136      1.01266       1.3719       -2.587
    0.885867     0.970757     -1.58018      1.96136      1.00413      1.36145     -2.58013
    0.247145     0.467441    -0.130693      1.96136    0.0893592     0.718206     -1.49992
    0.885987     0.959427     -1.57122      1.96136     0.995592      1.35083     -2.57309
    0.222092     0.466337   -0.0878442      1.96136    0.0601091     0.716339     -1.46466
    0.885897     0.948663     -1.56238      1.96136     0.987459      1.34058     -2.56625
    0.196919     0.465665   -0.0448557      1.96136    0.0307081     0.715202     -1.42924
    0.885582     0.937335     -1.55271      1.96136     0.978873      1.32963     -2.55888
    0.172945      0.46543  -0.00394747      1.96136   0.00270299     0.714805     -1.39551
   -0.544259     0.935825      1.55139      1.96136    -0.977726      1.32815    -0.226635
    0.147707     0.465609    0.0391166      1.96136     -0.02678     0.715106     -1.36001
   -0.544604     0.947152      1.56111      1.96136    -0.986316      1.33913    -0.219238
    0.122523     0.466222    0.0821182      1.96136   -0.0561954     0.716145     -1.32457
   -0.544723     0.958482      1.57046      1.96136    -0.994879      1.34993    -0.212018
   0.0974505     0.467269      0.12499      1.96136   -0.0854699     0.717915     -1.28929
   -0.544632     0.969246        1.579      1.96136       -1.003      1.36004    -0.205317
   -0.544326     0.980574      1.58764      1.96136     -1.01153      1.37052    -0.198422
    0.885684     0.977814     -1.58557      1.96136      1.00945      1.36798     -2.58443
    0.885938     0.966485     -1.57684      1.96136      1.00092      1.35747     -2.57749
    0.237717     0.466974    -0.114559      1.96136    0.0783535     0.717417     -1.48665
    0.885975     0.955155     -1.56775      1.96136     0.992367      1.34678      -2.5704
    0.212612     0.466032    -0.071649      1.96136    0.0490378     0.715824     -1.45132
     0.88579     0.943826      -1.5583      1.96136     0.983796      1.33592     -2.56313
    0.187409     0.465525   -0.0286257      1.96136    0.0195991     0.714965     -1.41586
    0.162167     0.465453     0.014443      1.96136  -0.00988899     0.714843     -1.38035
   -0.544416     0.940095       1.5551      1.96136    -0.980968      1.33231    -0.223824
    0.138203     0.465789    0.0553404      1.96136   -0.0378823     0.715412     -1.34663
   -0.544675     0.951424      1.56468      1.96136    -0.989547      1.34322    -0.216495
    0.113054     0.466566    0.0983008      1.96136   -0.0672531     0.716727     -1.31125
   -0.544711     0.962754      1.57389      1.96136    -0.998102      1.35396    -0.209341
   -0.544542     0.973517       1.5823      1.96136     -1.00621      1.36401    -0.202699