  0.0409216     1.28455 -0.00746407       1.845    0.536021   0.0140207     -1.9937
  0.0388564     1.28455  0.00498619       1.845   -0.377852   0.0129649    -1.07845
  0.0413774     1.28455  -0.0102114       1.845    0.682209   0.0155372    -2.14019
  0.0370762     1.28455   0.0157182       1.845    -0.89557   0.0193167   -0.559539
  0.0395971     1.28455 0.000521023       1.845  -0.0414552   0.0120597    -1.41534
  0.0418331     1.28455  -0.0129588       1.845    0.800306   0.0173256    -2.25859
  0.0375319     1.28455    0.012971       1.845   -0.800774   0.0173325   -0.654639
  0.0400528     1.28455 -0.00222656       1.845    0.175466   0.0122364    -1.63256
  0.0425738     1.28456  -0.0174236       1.845    0.944944   0.0206241    -2.40372
  0.0382726     1.28455  0.00850597       1.845   -0.595006   0.0145588   -0.860901
  0.0405086     1.28455 -0.00497399       1.845    0.377025   0.0129603    -1.83442
  0.0387283     1.28455  0.00575862       1.845   -0.429804   0.0132558    -1.02641