   -0.241279      1.44275      1.57044      2.10224     -1.46043      1.50573     0.205445
   -0.241279      1.44275      1.57044      2.10224     -4.60203     -1.50573     -2.93615
    0.415751     0.828251   -0.0279878      2.10224     0.098013     0.212282      -1.3509
    0.415751     0.828251   -0.0279878      2.10224     -3.04358    -0.212282      1.79069
    0.400263     0.828181    0.0100764      2.10224   -0.0353974     0.211321     -1.21021
    0.400263     0.828181    0.0100764      2.10224     -3.17699    -0.211321      1.93138
   -0.241277      1.44745      1.57123      2.10224     -1.46411      1.50878     0.205779
   -0.241277      1.44745      1.57123      2.10224      -4.6057     -1.50878     -2.93581
    0.409763     0.828189   -0.0132712      2.10224    0.0466054     0.211426     -1.29668
    0.409763     0.828189   -0.0132712      2.10224     -3.09499    -0.211426      1.84491
    0.393877     0.828238    0.0257693      2.10224   -0.0902922     0.212114     -1.15232
    0.393877     0.828238    0.0257693      2.10224     -3.23188    -0.212114      1.98927
   -0.241269      1.44046      1.57003      2.10224     -1.45865      1.50423     0.205286
   -0.241269      1.44046      1.57003      2.10224     -4.60024     -1.50423     -2.93631
   -0.241249      1.45187      1.57191      2.10224     -1.46759      1.51159     0.206101
   -0.241249      1.45187      1.57191      2.10224     -4.60918     -1.51159     -2.93549
    0.403773     0.828171   0.00144857      2.10224  -0.00509067      0.21118     -1.24217
    0.403773     0.828171   0.00144857      2.10224     -3.14668     -0.21118      1.89942
   -0.241282      1.44487       1.5708      2.10224     -1.46209      1.50711     0.205594
   -0.241282      1.44487       1.5708      2.10224     -4.60368     -1.50711       -2.936
    0.413273      0.82822   -0.0218974      2.10224    0.0767914     0.211854     -1.32852
    0.413273      0.82822   -0.0218974      2.10224      -3.0648    -0.211854      1.81307
    0.397387     0.828201    0.0171431      2.10224   -0.0601692     0.211592     -1.18409
    0.397387     0.828201    0.0171431      2.10224     -3.20176    -0.211592       1.9575
   -0.241249      1.43787      1.56956      2.10224     -1.45665      1.50252     0.205108
   -0.241249      1.43787      1.56956      2.10224     -4.59824     -1.50252     -2.93648
   -0.241269      1.44928      1.57152      2.10224     -1.46555      1.50995     0.205911
   -0.241269      1.44928      1.57152      2.10224     -4.60714     -1.50995     -2.93568
    0.406887     0.828175   -0.0062032      2.10224    0.0217982     0.211232     -1.27052
    0.406887     0.828175   -0.0062032      2.10224     -3.11979    -0.211232      1.87107
   -0.241278      1.44228      1.57036      2.10224     -1.46007      1.50543     0.205412
   -0.241278      1.44228      1.57036      2.10224     -4.60166     -1.50543     -2.93618
    0.400898     0.828179    0.0085161      2.10224   -0.0299201      0.21128     -1.21599
    0.400898     0.828179    0.0085161      2.10224     -3.17151     -0.21128       1.9256
   -0.241279      1.44699      1.57115      2.10224     -1.46375      1.50848     0.205746
   -0.241279      1.44699      1.57115      2.10224     -4.60534     -1.50848     -2.93585
    0.410397     0.828194   -0.0148311      2.10224    0.0520729     0.211488     -1.30245
    0.410397     0.828194   -0.0148311      2.10224     -3.08952    -0.211488      1.83914
    0.394909     0.828226    0.0232343      2.10224   -0.0814562     0.211939     -1.16164
    0.394909     0.828226    0.0232343      2.10224     -3.22305    -0.211939      1.97995
   -0.241264       1.4397       1.5699      2.10224     -1.45806      1.50373     0.205233
   -0.241264       1.4397       1.5699      2.10224     -4.59965     -1.50373     -2.93636
   -0.241253       1.4514      1.57184      2.10224     -1.46722      1.51129     0.206066
   -0.241253       1.4514      1.57184      2.10224     -4.60881     -1.51129     -2.93553
    0.404408     0.828171 -0.000110477      2.10224  0.000388694     0.211177     -1.24795
    0.404408     0.828171 -0.000110477      2.10224      -3.1412    -0.211177      1.89364
   -0.241282       1.4444      1.57072      2.10224     -1.46172      1.50681     0.205561
   -0.241282       1.4444      1.57072      2.10224     -4.60331     -1.50681     -2.93603
    0.413907     0.828227   -0.0234562      2.10224    0.0822312     0.211954     -1.33426
    0.413907     0.828227   -0.0234562      2.10224     -3.05936    -0.211954      1.80734
    0.398419     0.828193    0.0146084      2.10224   -0.0512918     0.211479     -1.19345
    0.398419     0.828193    0.0146084      2.10224     -3.19288    -0.211479      1.94814
   -0.241242      1.43711      1.56942      2.10224     -1.45606      1.50202     0.205057
   -0.241242      1.43711      1.56942      2.10224     -4.59765     -1.50202     -2.93654
   -0.241271      1.44881      1.57144      2.10224     -1.46518      1.50965     0.205877
   -0.241271      1.44881      1.57144      2.10224     -4.60677     -1.50965     -2.93572
    0.407918     0.828179  -0.00873905      2.10224    0.0307037     0.211285     -1.27991
    0.407918     0.828179  -0.00873905      2.10224     -3.11089    -0.211285      1.86168
   -0.241276      1.44181      1.57028      2.10224     -1.45971      1.50512      0.20538
   -0.241276      1.44181      1.57028      2.10224      -4.6013     -1.50512     -2.93621
    0.401532     0.828176    0.0069567      2.10224    -0.024444     0.211246     -1.22176
    0.401532     0.828176    0.0069567      2.10224     -3.16604    -0.211246      1.91983
   -0.241281      1.44623      1.57103      2.10224     -1.46315      1.50799     0.205691
   -0.241281      1.44623      1.57103      2.10224     -4.60474     -1.50799      -2.9359
    0.411428     0.828202   -0.0173652      2.10224     0.060947     0.211603     -1.31181
    0.411428     0.828202   -0.0173652      2.10224     -3.08065    -0.211603      1.82979
    0.395543     0.828219    0.0216756      2.10224   -0.0760159     0.211841     -1.16738
    0.395543     0.828219    0.0216756      2.10224     -3.21761    -0.211841      1.97421
   -0.241261      1.43923      1.56981      2.10224      -1.4577      1.50342     0.205201
   -0.241261      1.43923      1.56981      2.10224     -4.59929     -1.50342     -2.93639
   -0.241257      1.45093      1.57177      2.10224     -1.46685        1.511     0.206032
   -0.241257      1.45093      1.57177      2.10224     -4.60844       -1.511     -2.93556
    0.405042     0.828171  -0.00167093      2.10224   0.00587295     0.211181     -1.25373
    0.405042     0.828171  -0.00167093      2.10224     -3.13572    -0.211181      1.88786
   -0.241281      1.44364      1.57059      2.10224     -1.46113      1.50631     0.205508
   -0.241281      1.44364      1.57059      2.10224     -4.60272     -1.50631     -2.93608
    0.414938      0.82824    -0.025991      2.10224     0.091065      0.21213     -1.34357
    0.414938      0.82824    -0.025991      2.10224     -3.05053     -0.21213      1.79802
    0.399053     0.828188    0.0130485      2.10224   -0.0458238     0.211418     -1.19922
    0.399053     0.828188    0.0130485      2.10224     -3.18742    -0.211418      1.94237
   -0.241275      1.44805      1.57132      2.10224     -1.46458      1.50916     0.205822
   -0.241275      1.44805      1.57132      2.10224     -4.60617     -1.50916     -2.93577
    0.408553     0.828182   -0.0102982      2.10224    0.0361765     0.211327     -1.28569
    0.408553     0.828182   -0.0102982      2.10224     -3.10542    -0.211327      1.85591
    0.393065     0.828249    0.0277668      2.10224   -0.0972436     0.212265     -1.14499
    0.393065     0.828249    0.0277668      2.10224     -3.23884    -0.212265      1.99661
   -0.241272      1.44105      1.57014      2.10224     -1.45912      1.50462     0.205327
   -0.241272      1.44105      1.57014      2.10224     -4.60071     -1.50462     -2.93627
    0.402563     0.828173   0.00442219      2.10224   -0.0155403     0.211205     -1.23115
    0.402563     0.828173   0.00442219      2.10224     -3.15713    -0.211205      1.91044
   -0.241281      1.44576      1.57095      2.10224     -1.46278      1.50768     0.205658
   -0.241281      1.44576      1.57095      2.10224     -4.60438     -1.50768     -2.93594
    0.412063     0.828207   -0.0189241      2.10224    0.0664011     0.211683     -1.31756
    0.412063     0.828207   -0.0189241      2.10224     -3.07519    -0.211683      1.82403
    0.396178     0.828212    0.0201159      2.10224   -0.0705673     0.211749     -1.17312
    0.396178     0.828212    0.0201159      2.10224     -3.21216    -0.211749      1.96847
   -0.241257      1.43876      1.56973      2.10224     -1.45734      1.50311     0.205169
   -0.241257      1.43876      1.56973      2.10224     -4.59893     -1.50311     -2.93642
   -0.241263      1.45017      1.57166      2.10224     -1.46625      1.51051     0.205976
   -0.241263      1.45017      1.57166      2.10224     -4.60784     -1.51051     -2.93562
    0.405677     0.828172  -0.00323087      2.10224     0.011355     0.211192     -1.25951
    0.405677     0.828172  -0.00323087      2.10224     -3.13024    -0.211192      1.88208
    -0.24128      1.44317      1.57051      2.10224     -1.46076      1.50601     0.205475
    -0.24128      1.44317      1.57051      2.10224     -4.60236     -1.50601     -2.93612
    0.415573     0.828248   -0.0275497      2.10224    0.0964896     0.212248      -1.3493
    0.415573     0.828248   -0.0275497      2.10224      -3.0451    -0.212248       1.7923
    0.399688     0.828185    0.0114892      2.10224   -0.0403549     0.211364     -1.20499
    0.399688     0.828185    0.0114892      2.10224     -3.18195    -0.211364      1.93661
   -0.241277      1.44759      1.57125      2.10224     -1.46422      1.50886     0.205789
   -0.241277      1.44759      1.57125      2.10224     -4.60581     -1.50886      -2.9358
    0.409187     0.828185   -0.0118572      2.10224    0.0416464     0.211376     -1.29145
    0.409187     0.828185   -0.0118572      2.10224     -3.09995    -0.211376      1.85014
    0.393699     0.828241    0.0262078      2.10224   -0.0918191     0.212146     -1.15071
    0.393699     0.828241    0.0262078      2.10224     -3.23341    -0.212146      1.99088
    -0.24127      1.44059      1.57006      2.10224     -1.45875      1.50432     0.205295
    -0.24127      1.44059      1.57006      2.10224     -4.60035     -1.50432      -2.9363
   -0.241244      1.45229      1.57198      2.10224     -1.46792      1.51186     0.206133
   -0.241244      1.45229      1.57198      2.10224     -4.60951     -1.51186     -2.93546
    0.403198     0.828172   0.00286216      2.10224   -0.0100585     0.211189     -1.23693
    0.403198     0.828172   0.00286216      2.10224     -3.15165    -0.211189      1.90466
   -0.241282        1.445      1.57082      2.10224     -1.46219      1.50719     0.205604
   -0.241282        1.445      1.57082      2.10224     -4.60378     -1.50719     -2.93599
    0.412698     0.828214   -0.0204839      2.10224     0.071854      0.21177     -1.32331
    0.412698     0.828214   -0.0204839      2.10224     -3.06974     -0.21177      1.81828
    0.397209     0.828202    0.0175817      2.10224    -0.061704     0.211614     -1.18247
    0.397209     0.828202    0.0175817      2.10224      -3.2033    -0.211614      1.95912
   -0.241253      1.43829      1.56964      2.10224     -1.45698       1.5028     0.205137
   -0.241253      1.43829      1.56964      2.10224     -4.59857      -1.5028     -2.93646
   -0.241268      1.44941      1.57154      2.10224     -1.46565      1.51003     0.205921
   -0.241268      1.44941      1.57154      2.10224     -4.60724     -1.51003     -2.93567
    0.406709     0.828175  -0.00576505      2.10224     0.020259     0.211225      -1.2689
    0.406709     0.828175  -0.00576505      2.10224     -3.12133    -0.211225      1.87269
   -0.241279      1.44271      1.57043      2.10224      -1.4604       1.5057     0.205442
   -0.241279      1.44271      1.57043      2.10224     -4.60199      -1.5057     -2.93615