    -1.86449      1.47018      1.56925       2.0781     -1.48353      1.52063      1.78214
    -1.86457      1.48183      1.57083       2.0781     -1.49297      1.52764      1.78264
    -1.86448      1.49318      1.57201       2.0781     -1.50234      1.53418      1.78321
    -1.21832     0.860925   -0.0155936       2.0781    0.0587039     0.202968     0.284809
    -1.23368     0.860957      0.02385       2.0781   -0.0896315     0.203471     0.440454
    -1.86454      1.47486      1.56993       2.0781      -1.4873      1.52349      1.78233
    -1.86456      1.48622      1.57133       2.0781     -1.49657      1.53021      1.78285
    -1.20914     0.861049   -0.0391765       2.0781     0.146495     0.204958     0.192648
     -1.2245     0.860902  0.000262737       2.0781 -0.000989929     0.202591     0.347441
    -1.23947     0.861046    0.0387169       2.0781    -0.144802     0.204903     0.498379
    -1.86457      1.47925      1.57051       2.0781     -1.49087      1.52612      1.78253
    -1.86452      1.49061      1.57177       2.0781      -1.5002      1.53272      1.78307
    -1.21531     0.860954   -0.0233243       2.0781    0.0876679     0.203433     0.254412
    -1.23029     0.860924     0.015135       2.0781   -0.0569808     0.202946     0.406188
    -1.86452      1.47229      1.56956       2.0781     -1.48522      1.52193      1.78223
    -1.86457      1.48365      1.57104       2.0781     -1.49446      1.52871      1.78273
     -1.2211     0.860909  -0.00845373       2.0781    0.0318538     0.202702     0.312982
    -1.23646     0.860994    0.0309885       2.0781    -0.116222     0.204075     0.468367
    -1.86456      1.47668      1.57018       2.0781     -1.48878      1.52458      1.78241
    -1.86454      1.48833      1.57155       2.0781     -1.49831      1.53142      1.78296
    -1.21192        0.861   -0.0320388       2.0781      0.12012     0.204177     0.220344
    -1.22689     0.860906   0.00641859       2.0781   -0.0241885     0.202654      0.37178
    -1.86448      1.46972      1.56918       2.0781     -1.48315      1.52035      1.78212
    -1.86457      1.48107      1.57074       2.0781     -1.49235       1.5272      1.78261
    -1.86449      1.49272      1.57197       2.0781     -1.50195      1.53392      1.78318
    -1.21771      0.86093   -0.0171697       2.0781    0.0646196     0.203047     0.278601
    -1.23307     0.860949    0.0222752       2.0781   -0.0837451     0.203359     0.434276
    -1.86454      1.47411      1.56982       2.0781     -1.48669      1.52303       1.7823
    -1.86456      1.48575      1.57128       2.0781     -1.49619      1.52994      1.78283
    -1.20853     0.861062   -0.0407511       2.0781     0.152284     0.205151     0.186567
     -1.2235     0.860902  -0.00229847       2.0781   0.00866404     0.202599     0.337312
    -1.23885     0.861035    0.0371416       2.0781    -0.138996     0.204719     0.492281
    -1.86457       1.4785      1.57041       2.0781     -1.49025      1.52567      1.78249
    -1.86452      1.49015      1.57173       2.0781     -1.49982      1.53246      1.78305
    -1.21432     0.860966   -0.0258846       2.0781    0.0972275     0.203627     0.244378
    -1.22967      0.86092    0.0135589       2.0781   -0.0510589     0.202876     0.399974
    -1.86451      1.47182       1.5695       2.0781     -1.48485      1.52164      1.78221
    -1.86457      1.48318      1.57099       2.0781     -1.49408      1.52844      1.78271
    -1.22049     0.860911   -0.0100286       2.0781    0.0377822     0.202747     0.306762
    -1.23546      0.86098    0.0284288       2.0781    -0.106706      0.20384     0.458377
    -1.86455      1.47622      1.57011       2.0781      -1.4884      1.52431      1.78239
    -1.86455      1.48757      1.57147       2.0781     -1.49769      1.53099      1.78292
    -1.21092     0.861017   -0.0345986       2.0781     0.129603     0.204439     0.210388
    -1.22628     0.860904   0.00484335       2.0781   -0.0182538     0.202627     0.365554
    -1.86447      1.46896      1.56907       2.0781     -1.48255      1.51988      1.78209
    -1.86457      1.48061      1.57068       2.0781     -1.49197      1.52692      1.78259
     -1.8645      1.49225      1.57193       2.0781     -1.50157      1.53365      1.78316
     -1.2171     0.860936   -0.0187454       2.0781    0.0705289     0.203135     0.272399
    -1.23207     0.860939    0.0197144       2.0781   -0.0741591     0.203192     0.424215
    -1.86453      1.47364      1.56976       2.0781     -1.48632      1.52275      1.78228
    -1.86456      1.48529      1.57122       2.0781     -1.49581      1.52967      1.78281
    -1.20791     0.861074   -0.0423251       2.0781     0.158059     0.205351       0.1805
    -1.22289     0.860903  -0.00387359       2.0781    0.0146003     0.202614     0.331084
    -1.23824     0.861024    0.0355669       2.0781    -0.133182     0.204544     0.486176
    -1.86457      1.47803      1.57035       2.0781     -1.48987      1.52539      1.78247
    -1.86453      1.48968      1.57168       2.0781     -1.49943      1.53219      1.78302
     -1.2137     0.860974   -0.0274606       2.0781     0.103102     0.203757     0.238211
    -1.22868     0.860913     0.010999       2.0781   -0.0414326     0.202778     0.389874
     -1.8645      1.47107      1.56939       2.0781     -1.48424      1.52118      1.78218
    -1.86457      1.48242       1.5709       2.0781     -1.49346      1.52799      1.78267
    -1.21949     0.860917   -0.0125903       2.0781    0.0474186     0.202837      0.29665
    -1.23485     0.860971    0.0268539       2.0781    -0.100841     0.203706      0.45222
    -1.86455      1.47546      1.57001       2.0781     -1.48779      1.52385      1.78236
    -1.86455      1.48711      1.57142       2.0781     -1.49731      1.53072       1.7829
    -1.21031     0.861028   -0.0361731       2.0781     0.135422      0.20461     0.204277
    -1.22567     0.860903   0.00326657       2.0781   -0.0123119     0.202607     0.359319
    -1.24064     0.861069    0.0417193       2.0781    -0.155837     0.205273      0.50997
    -1.86457      1.48014      1.57062       2.0781     -1.49159      1.52665      1.78257
    -1.86451       1.4915      1.57186       2.0781     -1.50094      1.53323      1.78312
     -1.2161     0.860945   -0.0213062       2.0781    0.0801205     0.203293     0.262333
    -1.23146     0.860933     0.018139       2.0781   -0.0682545       0.2031     0.418019
    -1.86453      1.47318      1.56969       2.0781     -1.48594      1.52247      1.78226
    -1.86457      1.48453      1.57114       2.0781     -1.49519      1.52923      1.78277
    -1.22227     0.860905  -0.00544941       2.0781    0.0205382     0.202637     0.324854
    -1.23724     0.861007    0.0330068       2.0781    -0.123708     0.204274     0.476227
    -1.86456      1.47757      1.57029       2.0781      -1.4895      1.52512      1.78245
    -1.86454      1.48892      1.57161       2.0781     -1.49881      1.53176      1.78299
    -1.21309     0.860983   -0.0290353       2.0781     0.108964     0.203894     0.232058
    -1.22806      0.86091   0.00942278       2.0781   -0.0355011     0.202728      0.38365
    -1.86449      1.47031      1.56927       2.0781     -1.48363      1.52071      1.78215
    -1.86457      1.48196      1.57084       2.0781     -1.49308      1.52772      1.78265
    -1.86448      1.49361      1.57205       2.0781     -1.50269      1.53441      1.78323
    -1.21888     0.860921   -0.0141664       2.0781    0.0533426     0.202902     0.290434
    -1.23385     0.860959    0.0242931       2.0781   -0.0912865     0.203504     0.442191
    -1.86454      1.47499      1.56995       2.0781     -1.48741      1.52357      1.78234
    -1.86456      1.48664      1.57137       2.0781     -1.49692      1.53045      1.78287
     -1.2097     0.861039   -0.0377481       2.0781     0.141234     0.204789     0.198174
    -1.22467     0.860902  0.000705957       2.0781  -0.00266059     0.202591     0.349194
    -1.24002     0.861057    0.0401442       2.0781    -0.150053     0.205075     0.503894
    -1.86457      1.47939      1.57053       2.0781     -1.49098       1.5262      1.78253
    -1.86451      1.49103      1.57181       2.0781     -1.50055      1.53296      1.78309
    -1.21549     0.860952   -0.0228816       2.0781    0.0860135     0.203401     0.256148
    -1.23084     0.860928    0.0165629       2.0781   -0.0623418     0.203016     0.411814
    -1.86452      1.47242      1.56958       2.0781     -1.48533      1.52201      1.78223
    -1.86457      1.48407      1.57109       2.0781     -1.49481      1.52896      1.78275
    -1.22166     0.860906  -0.00702524       2.0781    0.0264744     0.202667     0.318626
    -1.23663     0.860997    0.0314322       2.0781    -0.117869     0.204118     0.470096
    -1.86456      1.47681      1.57019       2.0781     -1.48888      1.52466      1.78242
    -1.86454      1.48846      1.57156       2.0781     -1.49842      1.53149      1.78296
    -1.21209     0.860998   -0.0315961       2.0781     0.118478     0.204133     0.222069
    -1.22745     0.860908   0.00784719       2.0781   -0.0295691     0.202686     0.377426
    -1.86449      1.47014      1.56925       2.0781     -1.48349      1.52061      1.78214
    -1.86457      1.48178      1.57082       2.0781     -1.49293      1.52762      1.78264
    -1.86449      1.49285      1.57198       2.0781     -1.50206      1.53399      1.78319