    0.303678     0.846094   -0.0119124      1.59018    0.0137566     0.705402     -1.16813
    0.290791     0.846138    0.0257687      1.59018   -0.0297506     0.705659     -1.12292
   -0.242407      1.34242      1.56964      1.59018     -1.34248      1.56528    -0.106433
   -0.242373      1.35231      1.57334      1.59018      -1.3523      1.56908    -0.105544
     0.31158     0.846186    -0.035019      1.59018    0.0404204     0.705936     -1.19584
    0.298695     0.846082   0.00265914      1.59018  -0.00307084     0.705336     -1.15064
     0.28548     0.846227     0.041299      1.59018   -0.0476586     0.706172     -1.10431
   -0.242345       1.3365      1.56727      1.59018     -1.33661      1.56287    -0.106955
   -0.242414      1.34615      1.57108      1.59018     -1.34618      1.56675    -0.106101
   -0.242316      1.35604      1.57465      1.59018     -1.35601      1.57043    -0.105202
    0.306598     0.846117   -0.0204519      1.59018     0.023615     0.705538     -1.17838
    0.293712     0.846107    0.0172301      1.59018   -0.0198958     0.705478     -1.13316
   -0.242391      1.34023      1.56878      1.59018     -1.34031       1.5644    -0.106627
   -0.242395      1.35013      1.57255      1.59018     -1.35013      1.56827    -0.105743
    0.301615     0.846085  -0.00588152      1.59018   0.00679242     0.705349      -1.1609
    0.288399     0.846173    0.0327635      1.59018   -0.0378193     0.705861     -1.11453
   -0.242307      1.33431      1.56636      1.59018     -1.33444      1.56194    -0.107147
   -0.242414      1.34421      1.57034      1.59018     -1.34426      1.56599    -0.106274
   -0.242353      1.35386      1.57389      1.59018     -1.35384      1.56965    -0.105403
    0.309518     0.846153   -0.0289904      1.59018    0.0334678     0.705746     -1.18862
    0.296302      0.84609   0.00965536      1.59018   -0.0111501     0.705378     -1.14225
   -0.242367      1.33804       1.5679      1.59018     -1.33814      1.56351     -0.10682
   -0.242409      1.34794      1.57175      1.59018     -1.34796      1.56744     -0.10594
    0.304536       0.8461   -0.0144214      1.59018    0.0166534     0.705435     -1.17114
    0.291319     0.846132    0.0242253      1.59018   -0.0279697     0.705621     -1.12477
   -0.242405      1.34202      1.56949      1.59018     -1.34209      1.56512    -0.106469
   -0.242381      1.35167      1.57311      1.59018     -1.35167      1.56884    -0.105603
    0.312438     0.846201   -0.0375271      1.59018    0.0433118     0.706025     -1.19885
    0.299223     0.846082   0.00111553      1.59018  -0.00128818     0.705333      -1.1525
    0.286337      0.84621    0.0387915      1.59018    -0.044769     0.706073     -1.10731
   -0.242335      1.33586        1.567      1.59018     -1.33597       1.5626    -0.107012
   -0.242415      1.34575      1.57093      1.59018     -1.34579       1.5666    -0.106136
   -0.242323      1.35565      1.57452      1.59018     -1.35562      1.57029    -0.105238
    0.307456     0.846127   -0.0229611      1.59018     0.026511     0.705592     -1.18139
     0.29424     0.846103    0.0156861      1.59018   -0.0181133     0.705453     -1.13501
   -0.242388      1.33984      1.56862      1.59018     -1.33992      1.56424    -0.106662
   -0.242399      1.34973      1.57241      1.59018     -1.34974      1.56812    -0.105778
    0.302143     0.846087  -0.00742522      1.59018   0.00857509     0.705359     -1.16275
    0.289257     0.846159    0.0302548      1.59018    -0.034926     0.705783     -1.11754
   -0.242412      1.34357      1.57009      1.59018     -1.34362      1.56574    -0.106331
   -0.242358      1.35346      1.57375      1.59018     -1.35345       1.5695    -0.105439
    0.310046     0.846161   -0.0305336      1.59018    0.0352478     0.705791     -1.19047
     0.29716     0.846086   0.00714612      1.59018  -0.00825255     0.705357     -1.14526
   -0.242362      1.33765      1.56774      1.59018     -1.33775      1.56334    -0.106855
   -0.242411      1.34754       1.5716      1.59018     -1.34757      1.56729    -0.105976
    0.305064     0.846103   -0.0159653      1.59018    0.0184358     0.705458       -1.173
    0.291847     0.846125    0.0226817      1.59018   -0.0261883     0.705586     -1.12662
   -0.242401      1.34138      1.56923      1.59018     -1.34145      1.56487    -0.106526
   -0.242385      1.35128      1.57297      1.59018     -1.35127       1.5687    -0.105638
    0.312966     0.846211   -0.0390701      1.59018    0.0450904     0.706084      -1.2007
    0.299751     0.846082 -0.000428408      1.59018  0.000494876     0.705332     -1.15435
    0.286865       0.8462    0.0372479      1.59018   -0.0429898     0.706015     -1.10916
   -0.242328      1.33546      1.56684      1.59018     -1.33558      1.56243    -0.107047
   -0.242415      1.34536      1.57078      1.59018      -1.3454      1.56644    -0.106172
   -0.242335      1.35501      1.57429      1.59018     -1.35498      1.57006    -0.105297
    0.307984     0.846133   -0.0245044      1.59018    0.0282919     0.705628     -1.18324
    0.294768     0.846099    0.0141423      1.59018    -0.016331     0.705431     -1.13686
   -0.242384      1.33944      1.56846      1.59018     -1.33952      1.56408    -0.106697
   -0.242403      1.34909      1.57217      1.59018      -1.3491      1.56788    -0.105837
    0.303001      0.84609  -0.00993478      1.59018     0.011473     0.705381     -1.16576
    0.289785     0.846152    0.0287115      1.59018   -0.0331458     0.705738     -1.11939
   -0.242411      1.34317      1.56993      1.59018     -1.34323      1.56558    -0.106367
   -0.242367      1.35282      1.57352      1.59018     -1.35281      1.56927    -0.105498
    0.310904     0.846175   -0.0330424      1.59018    0.0381413      0.70587     -1.19348
    0.297688     0.846084    0.0056029      1.59018  -0.00647042     0.705348     -1.14711
   -0.242353      1.33701      1.56747      1.59018     -1.33711      1.56308    -0.106911
   -0.242413       1.3469      1.57136      1.59018     -1.34693      1.56704    -0.106033
    0.305592     0.846108    -0.017509      1.59018     0.020218     0.705483     -1.17485
    0.292705     0.846116     0.020173      1.59018   -0.0232928     0.705533     -1.12963
   -0.242398      1.34098      1.56908      1.59018     -1.34106      1.56471     -0.10656
   -0.242389      1.35088      1.57283      1.59018     -1.35088      1.56855    -0.105674
    0.313494     0.846222   -0.0406129      1.59018    0.0468683     0.706144     -1.20255
    0.300609     0.846083  -0.00293839      1.59018   0.00339357     0.705337     -1.15736
    0.287723     0.846184    0.0347398      1.59018   -0.0400983     0.705926     -1.11216
   -0.242321      1.33507      1.56667      1.59018     -1.33518      1.56226    -0.107081
   -0.242414      1.34472      1.57053      1.59018     -1.34476      1.56619    -0.106229
   -0.242341      1.35461      1.57416      1.59018     -1.35459      1.56992    -0.105334
    0.308512     0.846139   -0.0260482      1.59018    0.0300733     0.705666     -1.18509
    0.295626     0.846093    0.0116332      1.59018   -0.0134339     0.705399     -1.13987
   -0.242377       1.3388       1.5682      1.59018     -1.33889      1.56382    -0.106753
   -0.242405      1.34869      1.57203      1.59018     -1.34871      1.56773    -0.105872
    0.303529     0.846093   -0.0114789      1.59018     0.013256     0.705397     -1.16761
    0.290313     0.846144    0.0271681      1.59018   -0.0313652     0.705696     -1.12124
   -0.242409      1.34278      1.56978      1.59018     -1.34284      1.56543    -0.106402
   -0.242372      1.35242      1.57338      1.59018     -1.35242      1.56912    -0.105534
    0.311432     0.846183   -0.0345857      1.59018    0.0399209     0.705921     -1.19533
    0.298216     0.846083   0.00405857      1.59018  -0.00468698      0.70534     -1.14897
    0.285331      0.84623    0.0417328      1.59018   -0.0481584      0.70619     -1.10379
   -0.242347      1.33661      1.56731      1.59018     -1.33672      1.56291    -0.106946
   -0.242414      1.34651      1.57121      1.59018     -1.34654      1.56689    -0.106069
   -0.242314      1.35615      1.57469      1.59018     -1.35612      1.57047    -0.105192
     0.30645     0.846116   -0.0200182      1.59018    0.0231145      0.70553     -1.17786
    0.293233     0.846111    0.0186294      1.59018   -0.0215112     0.705503     -1.13148
   -0.242395      1.34059      1.56892      1.59018     -1.34066      1.56455    -0.106596
   -0.242395      1.35024      1.57259      1.59018     -1.35024      1.56831    -0.105733
    0.301137     0.846084  -0.00448185      1.59018   0.00517604     0.705342     -1.15922
    0.287921     0.846181     0.034162      1.59018    -0.039432     0.705907     -1.11286
   -0.242309      1.33442      1.56641      1.59018     -1.33455      1.56199    -0.107137
   -0.242414      1.34432      1.57038      1.59018     -1.34437      1.56604    -0.106264
   -0.242347      1.35422      1.57402      1.59018     -1.35419      1.56978     -0.10537
     0.30937     0.846151   -0.0285563      1.59018     0.032967     0.705734      -1.1881
    0.296154      0.84609    0.0100896      1.59018   -0.0116516     0.705383     -1.14173
   -0.242369      1.33816      1.56794      1.59018     -1.33825      1.56355     -0.10681
   -0.242409      1.34805      1.57179      1.59018     -1.34807      1.56748     -0.10593
    0.303727     0.846094    -0.012057      1.59018    0.0139235     0.705404     -1.16831
    0.291171     0.846133    0.0246588      1.59018   -0.0284699     0.705632     -1.12425