   -1.0202    1.03979 0.00155807    2.13761   -3.10408  0.0358299   0.604114
   -1.0202    1.03979 0.00155807    2.13761  0.0375129 -0.0358299   -2.53748
  -1.02535    1.03981  0.0183223    2.13761   -2.72538  0.0390879   0.229017
  -1.02535    1.03981  0.0183223    2.13761   0.416208 -0.0390879   -2.91258
  -1.02233    1.03979 0.00849712    2.13761   -2.93963  0.0365351   0.441155
  -1.02233    1.03979 0.00849712    2.13761   0.201961 -0.0365351   -2.70044
   -1.0248     1.0398  0.0165459    2.13761   -2.76189  0.0385008   0.265145
   -1.0248     1.0398  0.0165459    2.13761   0.379698 -0.0385008   -2.87645
  -1.02179    1.03979 0.00671923    2.13761   -2.98109  0.0362616   0.482235
  -1.02179    1.03979 0.00671923    2.13761   0.160499 -0.0362616   -2.65936
  -1.02426     1.0398  0.0147711    2.13761   -2.79943  0.0379707   0.302303
  -1.02426     1.0398  0.0147711    2.13761    0.34216 -0.0379707   -2.83929
  -1.02124    1.03979 0.00494468    2.13761   -3.02303  0.0360522   0.523788
  -1.02124    1.03979 0.00494468    2.13761   0.118565 -0.0360522    -2.6178
  -1.02337     1.0398  0.0118831    2.13761   -2.86263  0.0372206   0.364878
  -1.02337     1.0398  0.0118831    2.13761   0.278965 -0.0372206   -2.77671
  -1.02069    1.03979 0.00316763    2.13761   -3.06543  0.0359064   0.565813
  -1.02069    1.03979 0.00316763    2.13761  0.0761591 -0.0359064   -2.57578
  -1.02317    1.03979  0.0112162    2.13761   -2.87757  0.0370681   0.379672
  -1.02317    1.03979  0.0112162    2.13761   0.264027 -0.0370681   -2.76192