   -0.796881     0.915834    -0.020637      1.79232    0.0389432     0.433829     -2.32254
   -0.796881     0.915834    -0.020637      1.79232     -3.10265    -0.433829     0.819048
   -0.810435     0.915831    0.0197208      1.79232   -0.0372156     0.433798      -2.2424
   -0.810435     0.915831    0.0197208      1.79232     -3.17881    -0.433798      0.89919
    -1.38773      1.48375      1.57082      1.79232     -1.48586      1.55172     -1.07397
    -1.38773      1.48375      1.57082      1.79232     -4.62745     -1.55172      2.06762
   -0.801991     0.915802  -0.00542074      1.79232    0.0102348     0.433496     -2.29233
   -0.801991     0.915802  -0.00542074      1.79232     -3.13136    -0.433496     0.849259
     -1.3877      1.47732      1.56991      1.79232     -1.47978      1.54942     -1.07414
     -1.3877      1.47732      1.56991      1.79232     -4.62138     -1.54942      2.06745
    -1.38772       1.4878      1.57133      1.79232      -1.4897       1.5531     -1.07384
    -1.38772       1.4878      1.57133      1.79232      -4.6313      -1.5531      2.06775
    -0.80744     0.915809    0.0108037      1.79232   -0.0203952     0.433569      -2.2601
    -0.80744     0.915809    0.0108037      1.79232     -3.16199    -0.433569      0.88149
    -1.38773      1.48137       1.5705      1.79232     -1.48361      1.55088     -1.07404
    -1.38773      1.48137       1.5705      1.79232      -4.6252     -1.55088      2.06755
   -0.799335     0.915814   -0.0133317      1.79232    0.0251659      0.43362     -2.30805
   -0.799335     0.915814   -0.0133317      1.79232     -3.11643     -0.43362     0.833546
    -1.38773      1.48542      1.57104      1.79232     -1.48745      1.55229     -1.07392
    -1.38773      1.48542      1.57104      1.79232     -4.62904     -1.55229      2.06767
   -0.804445       0.9158   0.00188369      1.79232  -0.00355639     0.433474     -2.27782
   -0.804445       0.9158   0.00188369      1.79232     -3.14515    -0.433474      0.86377
    -1.38771        1.479      1.57016      1.79232     -1.48137      1.55003      -1.0741
    -1.38771        1.479      1.57016      1.79232     -4.62296     -1.55003      2.06749
     -1.3877      1.48975      1.57156      1.79232     -1.49155      1.55375     -1.07378
     -1.3877      1.48975      1.57156      1.79232     -4.63314     -1.55375      2.06782
   -0.809555     0.915823    0.0171012      1.79232   -0.0322762     0.433717      -2.2476
   -0.809555     0.915823    0.0171012      1.79232     -3.17387    -0.433717     0.893992
    -1.38773      1.48332      1.57076      1.79232     -1.48545      1.55157     -1.07398
    -1.38773      1.48332      1.57076      1.79232     -4.62705     -1.55157      2.06761
    -0.80145     0.915803  -0.00703323      1.79232    0.0132788     0.433513     -2.29554
    -0.80145     0.915803  -0.00703323      1.79232     -3.12831    -0.433513     0.846055
    -1.38772      1.48737      1.57128      1.79232      -1.4893      1.55295     -1.07386
    -1.38772      1.48737      1.57128      1.79232     -4.63089     -1.55295      2.06774
    -0.80656     0.915805   0.00818229      1.79232   -0.0154475     0.433527     -2.26531
    -0.80656     0.915805   0.00818229      1.79232     -3.15704    -0.433527     0.876283
    -1.38772      1.48094      1.57044      1.79232     -1.48321      1.55073     -1.07405
    -1.38772      1.48094      1.57044      1.79232      -4.6248     -1.55073      2.06754
   -0.798455      0.91582   -0.0159522      1.79232    0.0301096     0.433685     -2.31325
   -0.798455      0.91582   -0.0159522      1.79232     -3.11148    -0.433685     0.828344
    -1.38773        1.485      1.57098      1.79232     -1.48704      1.55215     -1.07393
    -1.38773        1.485      1.57098      1.79232     -4.62863     -1.55215      2.06766
   -0.803903     0.915799  0.000272095      1.79232 -0.000513547     0.433471     -2.28102
   -0.803903     0.915799  0.000272095      1.79232     -3.14211    -0.433471     0.860568
    -1.38771      1.47857       1.5701      1.79232     -1.48096      1.54988     -1.07411
    -1.38771      1.47857       1.5701      1.79232     -4.62255     -1.54988      2.06748
    -1.38771      1.48905      1.57148      1.79232     -1.49089      1.55352      -1.0738
    -1.38771      1.48905      1.57148      1.79232     -4.63248     -1.55352      2.06779
   -0.809013     0.915819     0.015488      1.79232   -0.0292336     0.433673      -2.2508
   -0.809013     0.915819     0.015488      1.79232     -3.17083    -0.433673      0.89079
    -1.38773      1.48262      1.57067      1.79232     -1.48479      1.55132       -1.074
    -1.38773      1.48262      1.57067      1.79232     -4.62638     -1.55132      2.06759
   -0.800908     0.915806  -0.00864488      1.79232    0.0163211     0.433534     -2.29874
   -0.800908     0.915806  -0.00864488      1.79232     -3.12527    -0.433534     0.842854
    -1.38772      1.48694      1.57123      1.79232     -1.48889      1.55281     -1.07387
    -1.38772      1.48694      1.57123      1.79232     -4.63048     -1.55281      2.06772
   -0.806018     0.915803   0.00657135      1.79232   -0.0124065     0.433507     -2.26851
   -0.806018     0.915803   0.00657135      1.79232       -3.154    -0.433507     0.873083
    -1.38772      1.48025      1.57034      1.79232     -1.48255      1.55048     -1.07407
    -1.38772      1.48025      1.57034      1.79232     -4.62414     -1.55048      2.06752
   -0.797913     0.915825   -0.0175614      1.79232    0.0331444      0.43373     -2.31644
   -0.797913     0.915825   -0.0175614      1.79232     -3.10845     -0.43373     0.825151
   -0.811128     0.915838     0.021785      1.79232   -0.0411065     0.433869     -2.23831
   -0.811128     0.915838     0.021785      1.79232      -3.1827    -0.433869     0.903284
    -1.38773      1.48457      1.57093      1.79232     -1.48663        1.552     -1.07395
    -1.38773      1.48457      1.57093      1.79232     -4.62823       -1.552      2.06765
   -0.803023       0.9158  -0.00234789      1.79232   0.00443323     0.433476     -2.28623
   -0.803023       0.9158  -0.00234789      1.79232     -3.13716    -0.433476     0.855363
    -1.38771      1.47814      1.57003      1.79232     -1.48056      1.54972     -1.07412
    -1.38771      1.47814      1.57003      1.79232     -4.62215     -1.54972      2.06747
    -1.38771      1.48862      1.57143      1.79232     -1.49048      1.55337     -1.07381
    -1.38771      1.48862      1.57143      1.79232     -4.63207     -1.55337      2.06778
   -0.808472     0.915815    0.0138773      1.79232    -0.026195     0.433633       -2.254
   -0.808472     0.915815    0.0138773      1.79232     -3.16779    -0.433633     0.887593
    -1.38773      1.48219      1.57061      1.79232     -1.48439      1.55117     -1.07402
    -1.38773      1.48219      1.57061      1.79232     -4.62598     -1.55117      2.06758
   -0.800028      0.91581   -0.0112649      1.79232    0.0212659     0.433578     -2.30394
   -0.800028      0.91581   -0.0112649      1.79232     -3.12033    -0.433578     0.837651
    -1.38772      1.48624      1.57114      1.79232     -1.48823      1.55257     -1.07389
    -1.38772      1.48624      1.57114      1.79232     -4.62982     -1.55257       2.0677
   -0.805477     0.915801   0.00495893      1.79232  -0.00936249     0.433492     -2.27171
   -0.805477     0.915801   0.00495893      1.79232     -3.15096    -0.433492      0.86988
    -1.38772      1.47982      1.57028      1.79232     -1.48214      1.55033     -1.07408
    -1.38772      1.47982      1.57028      1.79232     -4.62373     -1.55033      2.06751
   -0.797372     0.915829   -0.0191753      1.79232    0.0361876      0.43378     -2.31964
   -0.797372     0.915829   -0.0191753      1.79232     -3.10541     -0.43378     0.821948
   -0.810587     0.915832    0.0201743      1.79232   -0.0380706     0.433813      -2.2415
   -0.810587     0.915832    0.0201743      1.79232     -3.17966    -0.433813      0.90009
    -1.38773      1.48414      1.57087      1.79232     -1.48623      1.55185     -1.07396
    -1.38773      1.48414      1.57087      1.79232     -4.62782     -1.55185      2.06763
   -0.802482     0.915801  -0.00395966      1.79232    0.0074763     0.433484     -2.28943
   -0.802482     0.915801  -0.00395966      1.79232     -3.13412    -0.433484     0.852161
    -1.38771      1.48819      1.57138      1.79232     -1.49007      1.55323     -1.07383
    -1.38771      1.48819      1.57138      1.79232     -4.63167     -1.55323      2.06776
   -0.807592      0.91581    0.0112558      1.79232   -0.0212484     0.433578     -2.25921
   -0.807592      0.91581    0.0112558      1.79232     -3.16284    -0.433578     0.882387
    -1.38773      1.48149      1.57051      1.79232     -1.48373      1.55093     -1.07403
    -1.38773      1.48149      1.57051      1.79232     -4.62532     -1.55093      2.06756
   -0.799487     0.915813    -0.012878      1.79232    0.0243099      0.43361     -2.30715
   -0.799487     0.915813    -0.012878      1.79232     -3.11728     -0.43361     0.834447
    -1.38773      1.48555      1.57105      1.79232     -1.48756      1.55234     -1.07391
    -1.38773      1.48555      1.57105      1.79232     -4.62916     -1.55234      2.06768
   -0.804597       0.9158   0.00233889      1.79232  -0.00441584     0.433476     -2.27692
   -0.804597       0.9158   0.00233889      1.79232     -3.14601    -0.433476     0.864675
    -1.38772      1.47939      1.57022      1.79232     -1.48173      1.55018     -1.07409
    -1.38772      1.47939      1.57022      1.79232     -4.62333     -1.55018       2.0675