  -1.51291   0.610264  0.0290859    2.24697 -0.0593057   0.285031   -2.98452
  -1.53323   0.610727  0.0677941    2.24697  -0.137415   0.287541   -2.89819
  -1.52077     0.6104  0.0440602    2.24697 -0.0896822   0.285766   -2.95096
  -1.54159   0.611025  0.0837334    2.24697  -0.169084   0.289147   -2.86313
  -1.52863    0.61059  0.0590268    2.24697  -0.119853   0.286799   -2.91761
  -1.51617   0.610314  0.0352845    2.24697  -0.071899   0.285299   -2.97061
    -1.537   0.610854  0.0749738    2.24697  -0.151724   0.288223   -2.88236
  -1.52403   0.610472   0.050256    2.24697  -0.102199   0.286158   -2.93713
  -1.54484   0.611158  0.0899165    2.24697  -0.181267   0.289859   -2.84964
  -1.51156   0.610247  0.0265067    2.24697  -0.054059   0.284935   -2.99032
   -1.5324   0.610701  0.0662097    2.24697  -0.134248   0.287399   -2.90169
  -1.51994   0.610383  0.0424739    2.24697 -0.0864721   0.285674   -2.95451
  -1.54024   0.610973  0.0811603    2.24697  -0.163996   0.288865   -2.86877
   -1.5278   0.610567  0.0574416    2.24697  -0.116668   0.286675   -2.92114
  -1.51533     0.6103  0.0336978    2.24697 -0.0686778   0.285225   -2.97417
  -1.53565   0.610807   0.072399    2.24697    -0.1466   0.287971   -2.88803
  -1.52319   0.610452  0.0486701    2.24697 -0.0989982   0.286052   -2.94067
  -1.54401   0.611123  0.0883343    2.24697  -0.178156   0.289672   -2.85309
  -1.51073   0.610237  0.0249197    2.24697 -0.0508292    0.28488   -2.99388
  -1.53157   0.610675  0.0646248    2.24697  -0.131077   0.287261    -2.9052
  -1.51911   0.610366  0.0408875    2.24697 -0.0832597   0.285585   -2.95806
  -1.53941   0.610942  0.0795767    2.24697   -0.16086   0.288696   -2.87224
  -1.52697   0.610545  0.0558561    2.24697   -0.11348   0.286555   -2.92466
  -1.51398    0.61028   0.031119    2.24697 -0.0634388   0.285113   -2.97996
  -1.53482   0.610779  0.0708148    2.24697  -0.143443    0.28782   -2.89152
  -1.52236   0.610434   0.047084    2.24697  -0.095795   0.285951   -2.94421
  -1.54266   0.611068  0.0857615    2.24697  -0.173087   0.289375    -2.8587
  -1.50989   0.610227  0.0233327    2.24697 -0.0475979   0.284828   -2.99745
  -1.53022   0.610635  0.0620489    2.24697  -0.125917   0.287043   -2.91091
  -1.51776   0.610341  0.0383092    2.24697 -0.0780349   0.285448   -2.96383
  -1.53858   0.610911  0.0779933    2.24697  -0.157721    0.28853   -2.87572
  -1.52561    0.61051  0.0532789    2.24697  -0.108292   0.286367    -2.9304
  -1.51315   0.610268  0.0295321    2.24697 -0.0602129   0.285049   -2.98352
  -1.53399   0.610751  0.0692306    2.24697  -0.140283   0.287672   -2.89502
  -1.52101   0.610405  0.0445062    2.24697 -0.0905843   0.285792   -2.94997
  -1.54183   0.611035  0.0841787    2.24697  -0.169963   0.289197   -2.86216
  -1.52938   0.610611  0.0604638    2.24697  -0.122738   0.286913   -2.91442
  -1.51692   0.610326  0.0367227    2.24697 -0.0748172   0.285368   -2.96739
  -1.53723   0.610862  0.0754192    2.24697  -0.152609   0.288268   -2.88138
   -1.5253   0.610502  0.0526849    2.24697  -0.107096   0.286325   -2.93172
  -1.51231   0.610256  0.0279452    2.24697 -0.0569857   0.284987   -2.98708
  -1.53315   0.610725   0.067646    2.24697  -0.137119   0.287527   -2.89852