   -0.909514      1.88226      1.57271      1.62094     -1.88181      1.58798    -0.846779
   -0.909494      1.89205       1.5676      1.62094     -1.89182       1.5836     -0.84532
   -0.347103      1.30102  -0.00590104      1.62094    0.0261001     0.219705     -1.92936
   -0.909526      1.88605      1.57078      1.62094     -1.88568      1.58632    -0.846257
   -0.909495      1.88004      1.57383      1.62094     -1.87954      1.58893     -0.84706
   -0.909511      1.89008      1.56866      1.62094      -1.8898       1.5845    -0.845642
   -0.909522      1.88383      1.57192      1.62094     -1.88341       1.5873     -0.84657
   -0.348988      1.30102   0.00737876      1.62094   -0.0326308     0.219748     -1.87038
   -0.909523      1.88786      1.56983      1.62094     -1.88753      1.58551    -0.845987
   -0.909509      1.88161      1.57304      1.62094     -1.88114      1.58826    -0.846863
   -0.909498      1.89165      1.56782      1.62094     -1.89141      1.58378    -0.845387
   -0.346687      1.30102  -0.00883099      1.62094    0.0390477       0.2198     -1.94236
   -0.909526      1.88565      1.57098      1.62094     -1.88527       1.5865    -0.846315
   -0.350612      1.30103    0.0188264      1.62094   -0.0830888     0.220404     -1.81972
    -0.90949      1.87964      1.57403      1.62094     -1.87913      1.58911    -0.847109
   -0.909516      1.88943        1.569      1.62094     -1.88914       1.5848    -0.845746
    -0.90952      1.88343      1.57212      1.62094       -1.883      1.58747    -0.846624
   -0.348312      1.30102   0.00261599      1.62094    -0.011572     0.219644     -1.89153
   -0.909525      1.88721      1.57017      1.62094     -1.88687       1.5858    -0.846086
   -0.909506      1.88121      1.57324      1.62094     -1.88073      1.58843    -0.846915
   -0.909502      1.89125      1.56804      1.62094       -1.891      1.58397    -0.845453
   -0.346271      1.30103   -0.0117638      1.62094    0.0519946     0.219932     -1.95536
   -0.909526      1.88524      1.57119      1.62094     -1.88486      1.58667    -0.846372
   -0.350197      1.30103    0.0158959      1.62094   -0.0702031     0.220182     -1.83266
   -0.909518      1.88903      1.56921      1.62094     -1.88873      1.58498    -0.845808
   -0.909518      1.88303      1.57233      1.62094     -1.88259      1.58765    -0.846678
   -0.347896      1.30102 -0.000317037      1.62094   0.00140295     0.219629     -1.90456
   -0.909525      1.88681      1.57038      1.62094     -1.88646      1.58598    -0.846145
     -0.9095      1.88056      1.57357      1.62094     -1.88007      1.58871    -0.846996
   -0.909505      1.89084      1.56825      1.62094     -1.89058      1.58415    -0.845518
   -0.345855      1.30103   -0.0146936      1.62094      0.06491     0.220102     -1.96833
   -0.909524      1.88459      1.57153      1.62094     -1.88419      1.58696    -0.846464
   -0.349781      1.30103    0.0129648      1.62094   -0.0572906     0.219997     -1.84562
   -0.909521      1.88838      1.56956      1.62094     -1.88806      1.58527    -0.845909
   -0.909514      1.88238      1.57266      1.62094     -1.88192      1.58793    -0.846764
    -0.90949      1.89241      1.56741      1.62094     -1.89219      1.58343    -0.845258
    -0.34748      1.30102  -0.00324482      1.62094    0.0143542     0.219652     -1.91756
   -0.909526      1.88616      1.57072      1.62094     -1.88579      1.58627    -0.846241
   -0.909498      1.88041      1.57365      1.62094     -1.87992      1.58878    -0.847015
   -0.909511      1.89019       1.5686      1.62094     -1.88992      1.58445    -0.845624
   -0.345179      1.30103    -0.019454      1.62094     0.085846     0.220457     -1.98935
   -0.909524      1.88444       1.5716      1.62094     -1.88404      1.58703    -0.846485
   -0.349105      1.30102   0.00820357      1.62094   -0.0362752     0.219776     -1.86673
   -0.909523      1.88798      1.56977      1.62094     -1.88765      1.58545     -0.84597
    -0.90951      1.88172      1.57299      1.62094     -1.88126      1.58821    -0.846849
   -0.909497      1.89176      1.56776      1.62094     -1.89152      1.58373    -0.845368