    -1.18823      1.44476      1.56971      1.52084     -1.44486      1.57599     -1.17013
    -1.18823      1.44476      1.56971      1.52084     -4.58645     -1.57599      1.97146
    -1.18823      1.45432      1.57177      1.52084     -1.45452      1.57756     -1.16994
    -1.18823      1.45432      1.57177      1.52084     -4.59611     -1.57756      1.97165
   -0.670685     0.953694   -0.0101972      1.52084    0.0134412     0.667132     -2.19015
   -0.670685     0.953694   -0.0101972      1.52084     -3.12815    -0.667132     0.951445
    -1.18825      1.44836      1.57052      1.52084      -1.4485      1.57662     -1.17007
    -1.18825      1.44836      1.57052      1.52084     -4.59009     -1.57662      1.97152
   -0.675402     0.953689   0.00636154      1.52084  -0.00838548     0.667094     -2.16813
   -0.675402     0.953689   0.00636154      1.52084     -3.14998    -0.667094     0.973458
    -1.18824      1.45221      1.57134      1.52084     -1.45238      1.57724     -1.16999
    -1.18824      1.45221      1.57134      1.52084     -4.59398     -1.57724       1.9716
   -0.668093     0.953712   -0.0192986      1.52084     0.025434     0.667291     -2.20224
   -0.668093     0.953712   -0.0192986      1.52084     -3.11616    -0.667291      0.93935
    -1.18824      1.44625      1.57005      1.52084     -1.44637      1.57626     -1.17011
    -1.18824      1.44625      1.57005      1.52084     -4.58796     -1.57626      1.97148
   -0.672809     0.953687  -0.00274032      1.52084   0.00361241     0.667075     -2.18023
   -0.672809     0.953687  -0.00274032      1.52084     -3.13798    -0.667075     0.961358
    -1.18825       1.4501       1.5709      1.52084     -1.45025      1.57691     -1.17004
    -1.18825       1.4501       1.5709      1.52084     -4.59184     -1.57691      1.97155
   -0.677233     0.953698    0.0127885      1.52084   -0.0168561     0.667167     -2.15959
   -0.677233     0.953698    0.0127885      1.52084     -3.15845    -0.667167     0.982001
    -1.18822      1.44437      1.56962      1.52084     -1.44447      1.57592     -1.17014
    -1.18822      1.44437      1.56962      1.52084     -4.58606     -1.57592      1.97145
    -1.18823       1.4537      1.57164      1.52084     -1.45389      1.57747     -1.16996
    -1.18823       1.4537      1.57164      1.52084     -4.59548     -1.57747      1.97163
   -0.670217     0.953696   -0.0118417      1.52084    0.0156086     0.667154     -2.19233
   -0.670217     0.953696   -0.0118417      1.52084     -3.12598    -0.667154     0.949259
    -1.18825      1.44798      1.57044      1.52084     -1.44812      1.57656     -1.17008
    -1.18825      1.44798      1.57044      1.52084     -4.58971     -1.57656      1.97151
    -0.67464     0.953688   0.00368673      1.52084  -0.00485968     0.667079     -2.17169
    -0.67464     0.953688   0.00368673      1.52084     -3.14645    -0.667079     0.969902
    -1.18824      1.45159      1.57121      1.52084     -1.45176      1.57715     -1.17001
    -1.18824      1.45159      1.57121      1.52084     -4.59335     -1.57715      1.97159
   -0.679357     0.953714    0.0202463      1.52084   -0.0266822     0.667313     -2.14968
   -0.679357     0.953714    0.0202463      1.52084     -3.16827    -0.667313     0.991911
    -1.18824      1.44587      1.56996      1.52084     -1.44598      1.57619     -1.17012
    -1.18824      1.44587      1.56996      1.52084     -4.58757     -1.57619      1.97148
   -0.672341     0.953688  -0.00438571      1.52084   0.00578131     0.667082     -2.18242
   -0.672341     0.953688  -0.00438571      1.52084     -3.13581    -0.667082      0.95917
    -1.18825      1.44971      1.57082      1.52084     -1.44986      1.57685     -1.17005
    -1.18825      1.44971      1.57082      1.52084     -4.59146     -1.57685      1.97155
   -0.676764     0.953695    0.0111447      1.52084   -0.0146898     0.667144     -2.16178
   -0.676764     0.953695    0.0111447      1.52084     -3.15628    -0.667144     0.979816
    -1.18822      1.44399      1.56953      1.52084     -1.44409      1.57585     -1.17015
    -1.18822      1.44399      1.56953      1.52084     -4.58568     -1.57585      1.97145
    -1.18824      1.45332      1.57157      1.52084      -1.4535      1.57742     -1.16997
    -1.18824      1.45332      1.57157      1.52084      -4.5951     -1.57742      1.97162
   -0.669748     0.953699   -0.0134876      1.52084    0.0177777     0.667178     -2.19452
   -0.669748     0.953699   -0.0134876      1.52084     -3.12382    -0.667178     0.947071
    -1.18824      1.44736       1.5703      1.52084     -1.44749      1.57645     -1.17009
    -1.18824      1.44736       1.5703      1.52084     -4.58908     -1.57645       1.9715
   -0.674172     0.953687   0.00204211      1.52084  -0.00269179     0.667073     -2.17388
   -0.674172     0.953687   0.00204211      1.52084     -3.14428    -0.667073     0.967716
    -1.18825      1.45121      1.57113      1.52084     -1.45137      1.57709     -1.17002
    -1.18825      1.45121      1.57113      1.52084     -4.59296     -1.57709      1.97158
   -0.678595     0.953707    0.0175727      1.52084   -0.0231601     0.667253     -2.15323
   -0.678595     0.953707    0.0175727      1.52084     -3.16475    -0.667253     0.988359
    -1.18823      1.44548      1.56987      1.52084     -1.44559      1.57612     -1.17012
    -1.18823      1.44548      1.56987      1.52084     -4.58719     -1.57612      1.97147
    -1.18822      1.45481      1.57187      1.52084     -1.45501      1.57764     -1.16993
    -1.18822      1.45481      1.57187      1.52084      -4.5966     -1.57764      1.97166
   -0.671579      0.95369  -0.00706047      1.52084   0.00930698       0.6671     -2.18598
   -0.671579      0.95369  -0.00706047      1.52084     -3.13229      -0.6671     0.955614
    -1.18825      1.44909      1.57068      1.52084     -1.44924      1.57674     -1.17006
    -1.18825      1.44909      1.57068      1.52084     -4.59083     -1.57674      1.97153
   -0.676296     0.953693   0.00949931      1.52084   -0.0125212     0.667124     -2.16396
   -0.676296     0.953693   0.00949931      1.52084     -3.15411    -0.667124     0.977629
    -1.18824      1.45294      1.57149      1.52084     -1.45312      1.57736     -1.16998
    -1.18824      1.45294      1.57149      1.52084     -4.59471     -1.57736      1.97162
   -0.668986     0.953704   -0.0161611      1.52084    0.0213005     0.667225     -2.19807
   -0.668986     0.953704   -0.0161611      1.52084     -3.12029    -0.667225     0.943519
    -1.18824      1.44698      1.57022      1.52084      -1.4471      1.57639      -1.1701
    -1.18824      1.44698      1.57022      1.52084      -4.5887     -1.57639      1.97149
   -0.673703     0.953687  0.000396609      1.52084 -0.000522685     0.667071     -2.17606
   -0.673703     0.953687  0.000396609      1.52084     -3.14212    -0.667071     0.965528
    -1.18825      1.45082      1.57105      1.52084     -1.45099      1.57703     -1.17002
    -1.18825      1.45082      1.57105      1.52084     -4.59258     -1.57703      1.97157
   -0.678127     0.953704    0.0159265      1.52084   -0.0209911      0.66722     -2.15542
   -0.678127     0.953704    0.0159265      1.52084     -3.16258     -0.66722     0.986171
    -1.18823       1.4451      1.56979      1.52084     -1.44521      1.57606     -1.17013
    -1.18823       1.4451      1.56979      1.52084      -4.5868     -1.57606      1.97146
    -1.18823      1.45443      1.57179      1.52084     -1.45463      1.57758     -1.16994
    -1.18823      1.45443      1.57179      1.52084     -4.59622     -1.57758      1.97165
    -0.67111     0.953692  -0.00870579      1.52084    0.0114756     0.667115     -2.18817
    -0.67111     0.953692  -0.00870579      1.52084     -3.13012    -0.667115     0.953427
    -1.18825      1.44871       1.5706      1.52084     -1.44885      1.57668     -1.17007
    -1.18825      1.44871       1.5706      1.52084     -4.59044     -1.57668      1.97153
   -0.675534      0.95369    0.0068239      1.52084   -0.0089949     0.667098     -2.16752
   -0.675534      0.95369    0.0068239      1.52084     -3.15059    -0.667098     0.974073
    -1.18824      1.45256      1.57141      1.52084     -1.45273       1.5773     -1.16999
    -1.18824      1.45256      1.57141      1.52084     -4.59433      -1.5773      1.97161
   -0.668517     0.953708   -0.0178079      1.52084    0.0234702     0.667258     -2.20026
   -0.668517     0.953708   -0.0178079      1.52084     -3.11812    -0.667258      0.94133
    -1.18824       1.4466      1.57013      1.52084     -1.44672      1.57632      -1.1701
    -1.18824       1.4466      1.57013      1.52084     -4.58831     -1.57632      1.97149
   -0.673234     0.953687  -0.00124872      1.52084   0.00164619     0.667072     -2.17825
   -0.673234     0.953687  -0.00124872      1.52084     -3.13995    -0.667072     0.963341
    -1.18825       1.4502      1.57092      1.52084     -1.45036      1.57693     -1.17004
    -1.18825       1.4502      1.57092      1.52084     -4.59195     -1.57693      1.97156
   -0.677658       0.9537    0.0142818      1.52084    -0.018824     0.667191     -2.15761
   -0.677658       0.9537    0.0142818      1.52084     -3.16042    -0.667191     0.983986
    -1.18823      1.44472       1.5697      1.52084     -1.44482      1.57599     -1.17013
    -1.18823      1.44472       1.5697      1.52084     -4.58641     -1.57599      1.97146
    -1.18823      1.45381      1.57167      1.52084       -1.454      1.57749     -1.16996
    -1.18823      1.45381      1.57167      1.52084     -4.59559     -1.57749      1.97164