   -0.392316     0.899544   -0.0284085      1.50556    0.0331025     0.736962     -1.98748
   -0.404442     0.899494     0.011187      1.50556   -0.0130392     0.736616      -1.9408
   -0.915707      1.37414      1.56776      1.50556     -1.37435      1.58057    -0.962465
   -0.915775      1.38363      1.57109      1.50556     -1.38404      1.58321    -0.962005
    -0.39719     0.899496   -0.0124929      1.50556    0.0145614     0.736632     -1.96872
   -0.409014     0.899535    0.0261149      1.50556   -0.0304313     0.736899     -1.92321
   -0.915752      1.37772      1.56905      1.50556     -1.37801       1.5816    -0.962297
   -0.915757      1.38721      1.57226      1.50556     -1.38768      1.58413    -0.961819
   -0.389637     0.899587   -0.0371553      1.50556    0.0432836     0.737252     -1.99778
   -0.401762     0.899485   0.00243628      1.50556  -0.00283971     0.736556     -1.95112
   -0.915774      1.38153      1.57038      1.50556      -1.3819      1.58266    -0.962111
   -0.915716      1.39079      1.57338      1.50556     -1.39133      1.58501    -0.961625
   -0.394511     0.899518   -0.0212423      1.50556    0.0247561     0.736782     -1.97904
   -0.406334     0.899507    0.0173654      1.50556    -0.020239     0.736706     -1.93352
   -0.915732      1.37585      1.56839      1.50556     -1.37611      1.58107    -0.962385
    -0.91577      1.38511      1.57158      1.50556     -1.38555       1.5836    -0.961929
   -0.399083     0.899487  -0.00631434      1.50556   0.00736024     0.736573     -1.96144
   -0.411208     0.899567    0.0332803      1.50556   -0.0387739     0.737114     -1.91477
   -0.915765      1.37943      1.56966      1.50556     -1.37976      1.58208    -0.962214
    -0.91574      1.38893      1.57281      1.50556     -1.38943      1.58456    -0.961727
   -0.391832     0.899551   -0.0299896      1.50556    0.0349434     0.737009     -1.98934
   -0.403958     0.899491   0.00960523      1.50556   -0.0111957       0.7366     -1.94267
   -0.915701      1.37376      1.56762      1.50556     -1.37397      1.58045    -0.962482
   -0.915775      1.38301      1.57088      1.50556     -1.38341      1.58305    -0.962036
   -0.915688      1.39251      1.57391      1.50556     -1.39308      1.58541    -0.961529
   -0.396403     0.899501   -0.0150639      1.50556    0.0175574     0.736668     -1.97176
   -0.408529     0.899529    0.0245323      1.50556   -0.0285882     0.736858     -1.92507
   -0.915748      1.37734      1.56892      1.50556     -1.37762      1.58149    -0.962315
    -0.91576      1.38683      1.57214      1.50556      -1.3873      1.58404    -0.961839
   -0.389153     0.899596   -0.0387355      1.50556    0.0451221     0.737313     -1.99964
   -0.400975     0.899484 -0.000134379      1.50556  0.000156751     0.736553     -1.95415
   -0.915773      1.38115      1.57025      1.50556     -1.38151      1.58255     -0.96213
   -0.915722      1.39041      1.57327      1.50556     -1.39094      1.58492    -0.961646
   -0.393724     0.899527   -0.0238127      1.50556    0.0277503      0.73684     -1.98207
    -0.40585     0.899503    0.0157838      1.50556   -0.0183961     0.736679     -1.93538
   -0.915723      1.37524      1.56816      1.50556     -1.37548      1.58089    -0.962414
   -0.915772      1.38473      1.57145      1.50556     -1.38516       1.5835    -0.961949
   -0.398598     0.899489   -0.0078955      1.50556   0.00920319     0.736584      -1.9633
   -0.410421     0.899555    0.0307103      1.50556   -0.0357823     0.737031     -1.91779
   -0.915763      1.37906      1.56953      1.50556     -1.37937      1.58198    -0.962232
   -0.915747      1.38831      1.57261      1.50556     -1.38881      1.58441     -0.96176
   -0.391348     0.899559   -0.0315711      1.50556    0.0367845     0.737058     -1.99121
    -0.40317     0.899488   0.00703403      1.50556  -0.00819887     0.736578      -1.9457
   -0.915691      1.37314      1.56739      1.50556     -1.37334      1.58027     -0.96251
   -0.915775      1.38264      1.57076      1.50556     -1.38302      1.58295    -0.962056
   -0.915699      1.39189      1.57372      1.50556     -1.39245      1.58527    -0.961564
   -0.395919     0.899505   -0.0166453      1.50556    0.0194003     0.736693     -1.97362
   -0.407742      0.89952    0.0219629      1.50556   -0.0255953     0.736797      -1.9281
   -0.915744      1.37696      1.56878      1.50556     -1.37723      1.58138    -0.962333
   -0.915764      1.38622      1.57194      1.50556     -1.38667      1.58388    -0.961871
   -0.400491     0.899485  -0.00171614      1.50556   0.00200051     0.736554     -1.95602
   -0.412616     0.899591    0.0378752      1.50556    -0.044121      0.73728     -1.90936
   -0.915771      1.38054      1.57004      1.50556     -1.38088      1.58239     -0.96216
   -0.915727      1.39003      1.57315      1.50556     -1.39056      1.58483    -0.961667
   -0.393239     0.899532    -0.025394      1.50556     0.029592      0.73688     -1.98393
   -0.405365     0.899499    0.0142021      1.50556   -0.0165529     0.736655     -1.93725
   -0.915718      1.37486      1.56803      1.50556     -1.37509      1.58078    -0.962431
   -0.915773      1.38435      1.57133      1.50556     -1.38478       1.5834    -0.961968
   -0.398114     0.899491  -0.00947672      1.50556    0.0110461     0.736598     -1.96517
   -0.409937     0.899548    0.0291288      1.50556    -0.033941     0.736983     -1.91966
    -0.91576      1.37868      1.56939      1.50556     -1.37899      1.58187    -0.962251
   -0.915751      1.38793      1.57249      1.50556     -1.38842      1.58431     -0.96178
    -0.39056     0.899571   -0.0341405      1.50556    0.0397753     0.737144     -1.99423
   -0.402686     0.899486   0.00545233      1.50556  -0.00635527     0.736568     -1.94756
   -0.915684      1.37276      1.56725      1.50556     -1.37295      1.58016    -0.962528
   -0.915775      1.38226      1.57063      1.50556     -1.38264      1.58285    -0.962075
   -0.915705      1.39151       1.5736      1.50556     -1.39206      1.58518    -0.961585
   -0.395434     0.899509   -0.0182268      1.50556     0.021243     0.736721     -1.97548
   -0.407258     0.899515    0.0203813      1.50556   -0.0237528     0.736763     -1.92996
   -0.915738      1.37634      1.56856      1.50556      -1.3766      1.58121    -0.962362
   -0.915767      1.38584      1.57181      1.50556     -1.38628      1.58379    -0.961891
   -0.400006     0.899485   -0.0032979      1.50556   0.00384426     0.736558     -1.95788
   -0.412132     0.899583    0.0362945      1.50556   -0.0422818      0.73722     -1.91122
   -0.915768      1.37992      1.56983      1.50556     -1.38026      1.58222     -0.96219
   -0.915732      1.38965      1.57303      1.50556     -1.39017      1.58474    -0.961688
   -0.392452     0.899543   -0.0279647      1.50556    0.0325858     0.736949     -1.98696
   -0.404881     0.899496    0.0126198      1.50556    -0.014709     0.736633     -1.93911
   -0.915712      1.37448      1.56789      1.50556      -1.3747      1.58067    -0.962449
   -0.915774      1.38374      1.57112      1.50556     -1.38415      1.58324       -0.962
   -0.397327     0.899495   -0.0120476      1.50556    0.0140424     0.736626      -1.9682
   -0.409453     0.899541    0.0275484      1.50556   -0.0321008     0.736938     -1.92152
   -0.915755      1.37806      1.56918      1.50556     -1.37836       1.5817    -0.962281
   -0.915756      1.38732      1.57229      1.50556     -1.38779      1.58416    -0.961813
   -0.390076     0.899579   -0.0357214      1.50556    0.0416151     0.737199     -1.99609
   -0.401899     0.899485   0.00288171      1.50556  -0.00335891     0.736557     -1.95059
   -0.915775      1.38188       1.5705      1.50556     -1.38225      1.58275    -0.962094
   -0.915711      1.39113      1.57349      1.50556     -1.39168      1.58509    -0.961606
    -0.39495     0.899514   -0.0198087      1.50556     0.023086     0.736752     -1.97735
   -0.406773     0.899511    0.0187992      1.50556   -0.0219096     0.736732     -1.93183
   -0.915736       1.3762      1.56851      1.50556     -1.37646      1.58117    -0.962369
   -0.915769      1.38546      1.57169      1.50556      -1.3859      1.58369    -0.961911
   -0.399522     0.899486  -0.00488007      1.50556   0.00568847     0.736565     -1.95975
   -0.411042     0.899564    0.0327359      1.50556   -0.0381403     0.737096     -1.91541
   -0.915767      1.37978      1.56978      1.50556     -1.38011      1.58218    -0.962197
   -0.915736      1.38927      1.57291      1.50556     -1.38978      1.58464    -0.961708
   -0.392574     0.899541   -0.0275677      1.50556    0.0321234     0.736938     -1.98649
   -0.404094     0.899492    0.0100497      1.50556   -0.0117137     0.736604     -1.94214