  -0.841789    0.876958  -0.0122896     1.96339   0.0318303    0.301421    -2.53202
  -0.841789    0.876958  -0.0122896     1.96339    -3.10976   -0.301421    0.609577
   -1.46697      1.4728     1.57003     1.96339    -1.48051     1.53265    -1.15731
   -1.46697      1.4728     1.57003     1.96339     -4.6221    -1.53265     1.98429
   -1.46697     1.48414      1.5715     1.96339    -1.49044     1.53832    -1.15682
   -1.46697     1.48414      1.5715     1.96339    -4.63203    -1.53832     1.98477
  -0.847348    0.876945  0.00266069     1.96339 -0.00689338    0.301261    -2.49104
  -0.847348    0.876945  0.00266069     1.96339    -3.14849   -0.301261    0.650557
   -1.46699     1.47707     1.57062     1.96339    -1.48423     1.53482    -1.15713
   -1.46699     1.47707     1.57062     1.96339    -4.62583    -1.53482     1.98446
  -0.838531    0.876985  -0.0210499     1.96339   0.0544791    0.301743    -2.55599
  -0.838531    0.876985  -0.0210499     1.96339    -3.08711   -0.301743    0.585606
  -0.853276    0.876976   0.0185989     1.96339  -0.0481468    0.301636    -2.44738
  -0.853276    0.876976   0.0185989     1.96339    -3.18974   -0.301636    0.694215
   -1.46698     1.48163      1.5712     1.96339    -1.48823     1.53709    -1.15693
   -1.46698     1.48163      1.5712     1.96339    -4.62982    -1.53709     1.98466
   -0.84409    0.876948 -0.00610179     1.96339   0.0158084    0.301295    -2.51506
   -0.84409    0.876948 -0.00610179     1.96339    -3.12578   -0.301295    0.626533
   -1.46698     1.47485     1.57032     1.96339    -1.48229      1.5337    -1.15722
   -1.46698     1.47485     1.57032     1.96339    -4.62389     -1.5337     1.98437
  -0.850018    0.876953   0.0098381     1.96339  -0.0254838    0.301361    -2.47136
  -0.850018    0.876953   0.0098381     1.96339    -3.16708   -0.301361    0.670231
   -1.46699     1.47913     1.57089     1.96339    -1.48603     1.53585    -1.15705
   -1.46699     1.47913     1.57089     1.96339    -4.62762    -1.53585     1.98455
    -0.8412    0.876962  -0.0138735     1.96339   0.0359288    0.301467    -2.53635
    -0.8412    0.876962  -0.0138735     1.96339    -3.10566   -0.301467    0.605239
   -1.46696     1.47235     1.56996     1.96339    -1.48011     1.53241    -1.15732
   -1.46696     1.47235     1.56996     1.96339     -4.6217    -1.53241     1.98427
   -1.46697      1.4834     1.57141     1.96339    -1.48979     1.53796    -1.15685
   -1.46697      1.4834     1.57141     1.96339    -4.63138    -1.53796     1.98474
  -0.846759    0.876945   0.0010767     1.96339  -0.0027894    0.301255    -2.49538
  -0.846759    0.876945   0.0010767     1.96339    -3.14438   -0.301255    0.646214
   -1.46699     1.47662     1.57056     1.96339    -1.48384      1.5346    -1.15715
   -1.46699     1.47662     1.57056     1.96339    -4.62543     -1.5346     1.98444
  -0.837942    0.876991  -0.0226322     1.96339   0.0585641    0.301819    -2.56031
  -0.837942    0.876991  -0.0226322     1.96339    -3.08303   -0.301819    0.581283
  -0.852319    0.876968   0.0160249     1.96339  -0.0414929    0.301537    -2.45442
  -0.852319    0.876968   0.0160249     1.96339    -3.18309   -0.301537    0.687173
   -1.46699      1.4809     1.57111     1.96339    -1.48758     1.53673    -1.15697
   -1.46699      1.4809     1.57111     1.96339    -4.62918    -1.53673     1.98463
  -0.843501     0.87695 -0.00768566     1.96339   0.0199107    0.301319     -2.5194
  -0.843501     0.87695 -0.00768566     1.96339    -3.12168   -0.301319    0.622191
   -1.46698     1.47412     1.57022     1.96339    -1.48165     1.53332    -1.15725
   -1.46698     1.47412     1.57022     1.96339    -4.62324    -1.53332     1.98434
   -0.84906    0.876949  0.00726384     1.96339  -0.0188176    0.301312    -2.47842
   -0.84906    0.876949  0.00726384     1.96339    -3.16041   -0.301312    0.663176
   -1.46699     1.47867     1.57083     1.96339    -1.48563     1.53563    -1.15706
   -1.46699     1.47867     1.57083     1.96339    -4.62723    -1.53563     1.98453
  -0.840243    0.876969  -0.0164469     1.96339   0.0425847    0.301553     -2.5434
  -0.840243    0.876969  -0.0164469     1.96339    -3.09901   -0.301553    0.598195
  -0.854988    0.876994   0.0232015     1.96339  -0.0600327    0.301848     -2.4348
  -0.854988    0.876994   0.0232015     1.96339    -3.20163   -0.301848    0.706796
   -1.46696     1.47161     1.56985     1.96339    -1.47947     1.53203    -1.15735
   -1.46696     1.47161     1.56985     1.96339    -4.62106    -1.53203     1.98424
   -1.46698     1.48295     1.57136     1.96339    -1.48939     1.53774    -1.15687
   -1.46698     1.48295     1.57136     1.96339    -4.63098    -1.53774     1.98472
   -0.84617    0.876945 -0.00050801     1.96339  0.00131653    0.301254    -2.49972
   -0.84617    0.876945 -0.00050801     1.96339    -3.14028   -0.301254    0.641869
   -1.46699     1.47617      1.5705     1.96339    -1.48344     1.53437    -1.15717
   -1.46699     1.47617      1.5705     1.96339    -4.62504    -1.53437     1.98442
  -0.837353    0.876998  -0.0242173     1.96339   0.0626539    0.301901    -2.56464
  -0.837353    0.876998  -0.0242173     1.96339    -3.07894   -0.301901    0.576953
   -0.85173    0.876964   0.0144419     1.96339  -0.0373986    0.301484    -2.45875
   -0.85173    0.876964   0.0144419     1.96339    -3.17899   -0.301484     0.68284
   -1.46699     1.48044     1.57106     1.96339    -1.48719     1.53651    -1.15699
   -1.46699     1.48044     1.57106     1.96339    -4.62878    -1.53651     1.98461
  -0.842912    0.876952 -0.00926954     1.96339   0.0240122    0.301349    -2.52374
  -0.842912    0.876952 -0.00926954     1.96339    -3.11758   -0.301349    0.617851
   -1.46697     1.47366     1.57015     1.96339    -1.48126     1.53309    -1.15727
   -1.46697     1.47366     1.57015     1.96339    -4.62285    -1.53309     1.98432
   -1.46696       1.485     1.57159     1.96339     -1.4912     1.53874    -1.15678
   -1.46696       1.485     1.57159     1.96339    -4.63279    -1.53874     1.98481
  -0.848471    0.876948  0.00568008     1.96339  -0.0147155    0.301289    -2.48276
  -0.848471    0.876948  0.00568008     1.96339    -3.15631   -0.301289    0.658835
   -1.46699     1.47794     1.57074     1.96339    -1.48499     1.53526     -1.1571
   -1.46699     1.47794     1.57074     1.96339    -4.62658    -1.53526      1.9845
  -0.839653    0.876974  -0.0180299     1.96339    0.046677    0.301613    -2.54773
  -0.839653    0.876974  -0.0180299     1.96339    -3.09492   -0.301613    0.593864
  -0.854399    0.876987   0.0216171     1.96339  -0.0559429     0.30177    -2.43913
  -0.854399    0.876987   0.0216171     1.96339    -3.19754    -0.30177    0.702467
   -1.46698      1.4825      1.5713     1.96339    -1.48899     1.53752     -1.1569
   -1.46698      1.4825      1.5713     1.96339    -4.63058    -1.53752      1.9847
  -0.845213    0.876945 -0.00308228     1.96339   0.0079862    0.301264    -2.50678
  -0.845213    0.876945 -0.00308228     1.96339    -3.13361   -0.301264    0.634811
   -1.46699     1.47572     1.57044     1.96339    -1.48305     1.53414    -1.15719
   -1.46699     1.47572     1.57044     1.96339    -4.62464    -1.53414      1.9844
  -0.851141     0.87696   0.0128581     1.96339  -0.0333008    0.301436    -2.46309
  -0.851141     0.87696   0.0128581     1.96339    -3.17489   -0.301436    0.678504
   -1.46699     1.47999       1.571     1.96339    -1.48679     1.53628    -1.15701
   -1.46699     1.47999       1.571     1.96339    -4.62838    -1.53628     1.98459
  -0.841954    0.876957  -0.0118437     1.96339   0.0306763    0.301409    -2.53079
  -0.841954    0.876957  -0.0118437     1.96339    -3.11092   -0.301409    0.610798
   -1.46697     1.47321     1.57009     1.96339    -1.48086     1.53286    -1.15729
   -1.46697     1.47321     1.57009     1.96339    -4.62246    -1.53286      1.9843
   -1.46697     1.48426     1.57151     1.96339    -1.49055     1.53838    -1.15681
   -1.46697     1.48426     1.57151     1.96339    -4.63214    -1.53838     1.98478
  -0.847882    0.876946  0.00409526     1.96339    -0.01061    0.301272     -2.4871
  -0.847882    0.876946  0.00409526     1.96339     -3.1522   -0.301272     0.65449
   -1.46699     1.47749     1.57068     1.96339    -1.48459     1.53503    -1.15712
   -1.46699     1.47749     1.57068     1.96339    -4.62619    -1.53503     1.98448
  -0.839064     0.87698  -0.0196145     1.96339   0.0507715    0.301679    -2.55206
  -0.839064     0.87698  -0.0196145     1.96339    -3.09082   -0.301679     0.58953
  -0.853442    0.876978   0.0190447     1.96339  -0.0492989    0.301654    -2.44616
  -0.853442    0.876978   0.0190447     1.96339    -3.19089   -0.301654    0.695435
   -1.46698     1.48176     1.57122     1.96339    -1.48834     1.53716    -1.15693
   -1.46698     1.48176     1.57122     1.96339    -4.62993    -1.53716     1.98466
  -0.844256    0.876947 -0.00565666     1.96339   0.0146554    0.301289    -2.51384
  -0.844256    0.876947 -0.00565666     1.96339    -3.12694   -0.301289    0.627753
   -1.46698     1.47498     1.57034     1.96339     -1.4824     1.53376    -1.15722
   -1.46698     1.47498     1.57034     1.96339      -4.624    -1.53376     1.98437
  -0.849815    0.876952  0.00929278     1.96339  -0.0240718    0.301349    -2.47286
  -0.849815    0.876952  0.00929278     1.96339    -3.16566   -0.301349    0.668736
   -1.46699     1.47925     1.57091     1.96339    -1.48614     1.53592    -1.15704
   -1.46699     1.47925     1.57091     1.96339    -4.62773    -1.53592     1.98455
  -0.841365    0.876961  -0.0134276     1.96339   0.0347749    0.301453    -2.53513
  -0.841365    0.876961  -0.0134276     1.96339    -3.10682   -0.301453    0.606461