    -1.19059       1.4596      1.57156       1.5261     -1.45975      1.57651      -1.3161
    -1.19059       1.4596      1.57156       1.5261     -4.60134     -1.57651      1.82549
   -0.672561     0.957599  -0.00775331       1.5261    0.0103696     0.657938      -2.3372
   -0.672561     0.957599  -0.00775331       1.5261     -3.13122    -0.657938     0.804393
     -1.1906      1.45363      1.57036       1.5261     -1.45372      1.57559     -1.31622
     -1.1906      1.45363      1.57036       1.5261     -4.59532     -1.57559      1.82538
   -0.677277       0.9576   0.00886071       1.5261   -0.0118503     0.657949     -2.31477
   -0.677277       0.9576   0.00886071       1.5261     -3.15344    -0.657949      0.82682
     -1.1906      1.45748      1.57115       1.5261     -1.45761       1.5762     -1.31615
     -1.1906      1.45748      1.57115       1.5261      -4.5992      -1.5762      1.82545
   -0.669968     0.957614   -0.0168858       1.5261    0.0225806     0.658074     -2.34952
   -0.669968     0.957614   -0.0168858       1.5261     -3.11901    -0.658074     0.792069
    -1.19058      1.45151       1.5699       1.5261     -1.45159      1.57523     -1.31625
    -1.19058      1.45151       1.5699       1.5261     -4.59318     -1.57523      1.82534
    -1.19057       1.4611      1.57184       1.5261     -1.46126      1.57672     -1.31607
    -1.19057       1.4611      1.57184       1.5261     -4.60285     -1.57672      1.82552
   -0.674684     0.957595 -0.000271797       1.5261   0.00036365     0.657902      -2.3271
   -0.674684     0.957595 -0.000271797       1.5261     -3.14123    -0.657902     0.814493
     -1.1906      1.45536      1.57072       1.5261     -1.45547      1.57587     -1.31619
     -1.1906      1.45536      1.57072       1.5261     -4.59707     -1.57587       1.8254
   -0.679107      0.95761    0.0153092       1.5261   -0.0204727     0.658043     -2.30607
   -0.679107      0.95761    0.0153092       1.5261     -3.16207    -0.658043     0.835523
    -1.19059      1.45898      1.57144       1.5261     -1.45912      1.57642     -1.31612
    -1.19059      1.45898      1.57144       1.5261     -4.60071     -1.57642      1.82548
   -0.672092       0.9576  -0.00940484       1.5261    0.0125782     0.657956     -2.33943
   -0.672092       0.9576  -0.00940484       1.5261     -3.12901    -0.657956     0.802164
     -1.1906      1.45324      1.57028       1.5261     -1.45334      1.57552     -1.31622
     -1.1906      1.45324      1.57028       1.5261     -4.59493     -1.57552      1.82537
   -0.676515     0.957597   0.00617677       1.5261  -0.00826095     0.657925      -2.3184
   -0.676515     0.957597   0.00617677       1.5261     -3.14985    -0.657925     0.823198
     -1.1906      1.45686      1.57103       1.5261     -1.45698       1.5761     -1.31616
     -1.1906      1.45686      1.57103       1.5261     -4.59858      -1.5761      1.82543
     -0.6695     0.957618   -0.0185362       1.5261    0.0247867     0.658109     -2.35175
     -0.6695     0.957618   -0.0185362       1.5261     -3.11681    -0.658109     0.789842
    -1.19058      1.45112      1.56982       1.5261      -1.4512      1.57516     -1.31625
    -1.19058      1.45112      1.56982       1.5261     -4.59279     -1.57516      1.82534
    -1.19058      1.46072      1.57177       1.5261     -1.46087      1.57667     -1.31608
    -1.19058      1.46072      1.57177       1.5261     -4.60246     -1.57667      1.82552
   -0.674216     0.957595  -0.00192434       1.5261   0.00257387     0.657905     -2.32933
   -0.674216     0.957595  -0.00192434       1.5261     -3.13902    -0.657905     0.812262
     -1.1906      1.45498      1.57064       1.5261     -1.45509      1.57581     -1.31619
     -1.1906      1.45498      1.57064       1.5261     -4.59668     -1.57581       1.8254
   -0.678639     0.957607    0.0136592       1.5261   -0.0182666     0.658015      -2.3083
   -0.678639     0.957607    0.0136592       1.5261     -3.15986    -0.658015     0.833296
    -1.19059       1.4586      1.57137       1.5261     -1.45873      1.57637     -1.31612
    -1.19059       1.4586      1.57137       1.5261     -4.60033     -1.57637      1.82547
   -0.671623     0.957603   -0.0110564       1.5261    0.0147867     0.657976     -2.34166
   -0.671623     0.957603   -0.0110564       1.5261     -3.12681    -0.657976     0.799935
    -1.19059      1.45262      1.57015       1.5261     -1.45271      1.57542     -1.31623
    -1.19059      1.45262      1.57015       1.5261      -4.5943     -1.57542      1.82536
   -0.676046     0.957596   0.00452667       1.5261  -0.00605411     0.657915     -2.32062
   -0.676046     0.957596   0.00452667       1.5261     -3.14765    -0.657915      0.82097
     -1.1906      1.45648      1.57095       1.5261      -1.4566      1.57604     -1.31617
     -1.1906      1.45648      1.57095       1.5261     -4.59819     -1.57604      1.82543
   -0.669031     0.957622   -0.0201869       1.5261     0.026993     0.658147     -2.35398
   -0.669031     0.957622   -0.0201869       1.5261      -3.1146    -0.658147     0.787615
   -0.680469     0.957622    0.0201064       1.5261   -0.0268852     0.658145      -2.2996
   -0.680469     0.957622    0.0201064       1.5261     -3.16848    -0.658145     0.841995
    -1.19058      1.45074      1.56974       1.5261     -1.45081       1.5751     -1.31626
    -1.19058      1.45074      1.56974       1.5261      -4.5924      -1.5751      1.82533
    -1.19058      1.46009      1.57165       1.5261     -1.46024      1.57658     -1.31609
    -1.19058      1.46009      1.57165       1.5261     -4.60184     -1.57658       1.8255
   -0.673454     0.957596  -0.00460601       1.5261   0.00616047     0.657915     -2.33295
   -0.673454     0.957596  -0.00460601       1.5261     -3.13543    -0.657915     0.808642
     -1.1906      1.45436      1.57051       1.5261     -1.45446      1.57571     -1.31621
     -1.1906      1.45436      1.57051       1.5261     -4.59605     -1.57571      1.82539
    -0.67817     0.957604    0.0120074       1.5261    -0.016058     0.657989     -2.31053
    -0.67817     0.957604    0.0120074       1.5261     -3.15765    -0.657989     0.831067
     -1.1906      1.45821      1.57129       1.5261     -1.45835      1.57631     -1.31613
     -1.1906      1.45821      1.57129       1.5261     -4.59994     -1.57631      1.82546
   -0.670862     0.957607   -0.0137379       1.5261    0.0183722     0.658016     -2.34528
   -0.670862     0.957607   -0.0137379       1.5261     -3.12322    -0.658016     0.796316
    -1.19059      1.45224      1.57006       1.5261     -1.45232      1.57535     -1.31624
    -1.19059      1.45224      1.57006       1.5261     -4.59391     -1.57535      1.82535
   -0.675578     0.957595   0.00287396       1.5261   -0.0038437     0.657907     -2.32285
   -0.675578     0.957595   0.00287396       1.5261     -3.14544    -0.657907     0.818739
     -1.1906      1.45609      1.57087       1.5261     -1.45621      1.57598     -1.31617
     -1.1906      1.45609      1.57087       1.5261      -4.5978     -1.57598      1.82542
   -0.680001     0.957617    0.0184558       1.5261    -0.024679     0.658107     -2.30182
   -0.680001     0.957617    0.0184558       1.5261     -3.16627    -0.658107     0.839768
    -1.19057      1.45036      1.56965       1.5261     -1.45043      1.57503     -1.31626
    -1.19057      1.45036      1.56965       1.5261     -4.59202     -1.57503      1.82533
    -1.19059      1.45971      1.57158       1.5261     -1.45986      1.57653      -1.3161
    -1.19059      1.45971      1.57158       1.5261     -4.60145     -1.57653      1.82549
   -0.672985     0.957597  -0.00625682       1.5261   0.00836826     0.657926     -2.33518
   -0.672985     0.957597  -0.00625682       1.5261     -3.13322    -0.657926     0.806413
     -1.1906      1.45397      1.57043       1.5261     -1.45407      1.57564     -1.31621
     -1.1906      1.45397      1.57043       1.5261     -4.59567     -1.57564      1.82538
   -0.677408       0.9576   0.00932336       1.5261    -0.012469     0.657955     -2.31415
   -0.677408       0.9576   0.00932336       1.5261     -3.15406    -0.657955     0.827444
     -1.1906      1.45783      1.57122       1.5261     -1.45796      1.57625     -1.31614
     -1.1906      1.45783      1.57122       1.5261     -4.59955     -1.57625      1.82545
   -0.670393      0.95761   -0.0153885       1.5261     0.020579     0.658045      -2.3475
   -0.670393      0.95761   -0.0153885       1.5261     -3.12101    -0.658045     0.794089
    -1.19059      1.45185      1.56998       1.5261     -1.45194      1.57529     -1.31624
    -1.19059      1.45185      1.56998       1.5261     -4.59353     -1.57529      1.82535
   -0.675109     0.957595    0.0012247       1.5261  -0.00163787     0.657903     -2.32508
   -0.675109     0.957595    0.0012247       1.5261     -3.14323    -0.657903     0.816513
     -1.1906      1.45547      1.57074       1.5261     -1.45558      1.57589     -1.31619
     -1.1906      1.45547      1.57074       1.5261     -4.59718     -1.57589      1.82541
   -0.679532     0.957613    0.0168058       1.5261   -0.0224733     0.658072     -2.30405
   -0.679532     0.957613    0.0168058       1.5261     -3.16407    -0.658072     0.837542
    -1.19059      1.45909      1.57146       1.5261     -1.45923      1.57644     -1.31611
    -1.19059      1.45909      1.57146       1.5261     -4.60082     -1.57644      1.82548