   -0.305498     0.906218   -0.0375926      1.99434     0.123191     0.243153     -1.99587
   -0.319652     0.906095   0.00162813      1.99434   -0.0053653     0.241166     -1.86102
   -0.943975      1.51646      1.57045      1.99434      -1.5214      1.54816    -0.497791
    -0.94396       1.5276      1.57119      1.99434     -1.53125      1.55341    -0.497542
   -0.310971     0.906139   -0.0224296      1.99434    0.0737703     0.241873     -1.94402
   -0.325489     0.906122    0.0178006      1.99434   -0.0585891      0.24161      -1.8052
   -0.943899      1.50963      1.56983      1.99434     -1.51542      1.54479    -0.497896
    -0.94399      1.52077      1.57078      1.99434     -1.52519      1.55023    -0.497706
   -0.943903       1.5322      1.57139      1.99434     -1.53536      1.55548     -0.49741
   -0.316444     0.906099  -0.00726211      1.99434    0.0239285     0.241237     -1.89174
   -0.330962      0.90619    0.0329651      1.99434    -0.108167     0.242695     -1.75319
   -0.943955      1.51394      1.57024      1.99434     -1.51918      1.54693    -0.497834
   -0.943977      1.52536      1.57107      1.99434     -1.52926      1.55238      -0.4976
   -0.307763      0.90618   -0.0313172      1.99434     0.102804     0.242546     -1.97448
   -0.322281     0.906101   0.00891072      1.99434   -0.0293567     0.241275     -1.83586
   -0.943984      1.51824      1.57059      1.99434     -1.52296      1.54902    -0.497758
   -0.943938      1.52967      1.57129      1.99434      -1.5331      1.55435    -0.497485
   -0.313236     0.906117   -0.0161523      1.99434    0.0531765     0.241531     -1.92242
   -0.327754     0.906145    0.0240778      1.99434   -0.0791663     0.241981     -1.78362
   -0.943925      1.51141         1.57      1.99434     -1.51697      1.54568    -0.497872
   -0.943987      1.52284      1.57092      1.99434     -1.52702       1.5512    -0.497661
   -0.319072     0.906094  2.04146e-05      1.99434 -6.69182e-05     0.241162     -1.86658
    -0.94397      1.51572      1.57039      1.99434     -1.52074       1.5478    -0.497804
   -0.943964      1.52715      1.57117      1.99434     -1.53085       1.5532    -0.497554
   -0.310028     0.906149   -0.0250408      1.99434    0.0823176     0.242048     -1.95299
   -0.324546     0.906115    0.0151894      1.99434   -0.0500118     0.241488      -1.8142
   -0.943989      1.52031      1.57075      1.99434     -1.52479      1.55001    -0.497716
   -0.943914      1.53145      1.57137      1.99434     -1.53469      1.55515    -0.497433
   -0.315864     0.906101  -0.00887012      1.99434    0.0292237     0.241274      -1.8973
   -0.330019     0.906175    0.0303541      1.99434   -0.0996659     0.242462     -1.76211
    -0.94395      1.51348       1.5702      1.99434     -1.51878       1.5467    -0.497841
   -0.943981      1.52462      1.57103      1.99434      -1.5286      1.55203    -0.497618
   -0.307183     0.906189   -0.0329238      1.99434     0.108034     0.242691     -1.97997
   -0.321338     0.906098   0.00629884      1.99434    -0.020755     0.241218     -1.84488
   -0.943982      1.51779      1.57056      1.99434     -1.52256       1.5488    -0.497766
   -0.943943      1.52922      1.57127      1.99434     -1.53269      1.55414    -0.497498
   -0.312656     0.906122   -0.0177597      1.99434    0.0584552     0.241608     -1.92796
   -0.327174     0.906139    0.0224715      1.99434   -0.0739068     0.241875     -1.78913
   -0.943919      1.51095      1.56996      1.99434     -1.51657      1.54545    -0.497879
   -0.943988      1.52238      1.57089      1.99434     -1.52662      1.55099    -0.497671
   -0.318492     0.906095  -0.00158629      1.99434   0.00522813     0.241166     -1.87213
   -0.332647     0.906219    0.0376343      1.99434    -0.123326     0.243158     -1.73728
   -0.943966      1.51526      1.57035      1.99434     -1.52034      1.54758    -0.497812
   -0.943967      1.52669      1.57114      1.99434     -1.53044      1.55299    -0.497566
   -0.309448     0.906157   -0.0266476      1.99434    0.0875703     0.242165      -1.9585
   -0.323966     0.906111    0.0135818      1.99434    -0.044727     0.241423     -1.81974
   -0.943988      1.51957      1.57069      1.99434     -1.52413      1.54966    -0.497731
   -0.943921        1.531      1.57135      1.99434     -1.53429      1.55494    -0.497446
   -0.315284     0.906104   -0.0104768      1.99434    0.0345127     0.241318     -1.90284
   -0.329439     0.906167    0.0287477      1.99434   -0.0944271     0.242329     -1.76761
   -0.943942      1.51274      1.57013      1.99434     -1.51813      1.54634    -0.497853
   -0.943983      1.52416        1.571      1.99434      -1.5282      1.55182     -0.49763
   -0.306241     0.906205   -0.0355352      1.99434     0.116519     0.242942     -1.98887
   -0.320758     0.906096   0.00469223      1.99434   -0.0154621     0.241193     -1.85043
    -0.94398      1.51733      1.57052      1.99434     -1.52216      1.54858    -0.497775
   -0.943951      1.52847      1.57123      1.99434     -1.53203       1.5538    -0.497519
   -0.312076     0.906127    -0.019367      1.99434    0.0637306     0.241692     -1.93349
   -0.326594     0.906133    0.0208648      1.99434   -0.0686419     0.241777     -1.79466
   -0.943912       1.5105      1.56991      1.99434     -1.51618      1.54522    -0.497885
   -0.943989      1.52164      1.57084      1.99434     -1.52596      1.55064    -0.497688
    -0.31755     0.906096  -0.00419858      1.99434    0.0138364     0.241187     -1.88116
   -0.332067     0.906208    0.0360281      1.99434    -0.118118     0.242992     -1.74275
    -0.94396      1.51452      1.57029      1.99434     -1.51969      1.54721    -0.497824
   -0.943971      1.52623      1.57112      1.99434     -1.53003      1.55278    -0.497578
   -0.308868     0.906164   -0.0282538      1.99434    0.0928159     0.242289       -1.964
   -0.323386     0.906107    0.0119747      1.99434   -0.0394409     0.241365     -1.82528
   -0.943987      1.51911      1.57066      1.99434     -1.52373      1.54944    -0.497741
   -0.943927      1.53054      1.57133      1.99434     -1.53388      1.55474     -0.49746
   -0.314342      0.90611   -0.0130889      1.99434    0.0431068     0.241404     -1.91186
   -0.328859     0.906159    0.0271408      1.99434    -0.089181     0.242202     -1.77311
   -0.943936      1.51228      1.57009      1.99434     -1.51773      1.54611    -0.497859
   -0.943986      1.52342      1.57095      1.99434     -1.52754      1.55147    -0.497647
   -0.305661     0.906215   -0.0371408      1.99434     0.121727     0.243106     -1.99434
   -0.319815     0.906095   0.00208026      1.99434   -0.0068553     0.241168     -1.85946
   -0.943978      1.51687      1.57048      1.99434     -1.52176      1.54836    -0.497784
   -0.943956      1.52802      1.57121      1.99434     -1.53162       1.5536    -0.497531
   -0.311134     0.906137   -0.0219774      1.99434    0.0722888     0.241845     -1.94247
   -0.325652     0.906124    0.0182524      1.99434    -0.060072     0.241633     -1.80365
   -0.943901      1.50976      1.56984      1.99434     -1.51553      1.54485    -0.497895
    -0.94399       1.5209      1.57079      1.99434      -1.5253      1.55029    -0.497704
   -0.316607     0.906099  -0.00681078      1.99434     0.022442     0.241228     -1.89018
   -0.331125     0.906192    0.0334167      1.99434    -0.109636     0.242737     -1.75165
   -0.943956      1.51406      1.57025      1.99434     -1.51929      1.54699    -0.497832
   -0.943976      1.52549      1.57108      1.99434     -1.52938      1.55244    -0.497597
   -0.307926     0.906178   -0.0308665      1.99434     0.101336     0.242506     -1.97294
   -0.322444     0.906102   0.00936291      1.99434   -0.0308454     0.241287      -1.8343
   -0.943986      1.51866      1.57062      1.99434     -1.52333      1.54922     -0.49775
   -0.943933      1.53009      1.57131      1.99434     -1.53347      1.55453    -0.497473
   -0.313762     0.906113   -0.0146964      1.99434    0.0483921     0.241468      -1.9174
    -0.32828     0.906152     0.025534      1.99434   -0.0839298     0.242083     -1.77862
   -0.943927      1.51154      1.57001      1.99434     -1.51708      1.54574     -0.49787
   -0.943987      1.52297      1.57092      1.99434     -1.52713      1.55126    -0.497658
   -0.319235     0.906094  0.000472724      1.99434  -0.00155756     0.241163     -1.86501