   -1.14236     1.62648     1.57115     1.27698     -1.6242     1.55501    -1.42014
   -1.14234     1.63458      1.5701     1.27698    -1.63165     1.55167    -1.41993
  -0.705387     1.18508   0.0155089     1.27698  -0.0228617    0.679703    -2.23694
   -1.14237     1.62961     1.57077     1.27698    -1.62709     1.55375    -1.42008
  -0.699803     1.18508  -0.0193765     1.27698   0.0285608    0.679794    -2.28448
   -1.14234     1.62464     1.57134     1.27698     -1.6225     1.55573    -1.42016
   -1.14235     1.63295     1.57033     1.27698    -1.63016     1.55236    -1.41998
  -0.703406     1.18507  0.00313497     1.27698 -0.00462185    0.679546    -2.25381
   -1.14236     1.62778       1.571     1.27698     -1.6254      1.5545    -1.42012
   -1.14232     1.63608     1.56987     1.27698    -1.63302     1.55102    -1.41987
  -0.706786     1.18509   0.0242465     1.27698  -0.0357341    0.679938    -2.22505
   -1.14232     1.62281     1.57153     1.27698     -1.6208     1.55644    -1.42017
   -1.14236     1.63111     1.57058     1.27698    -1.62847     1.55313    -1.42004
  -0.701425     1.18507  -0.0092383     1.27698   0.0136198    0.679597    -2.27067
   -1.14235     1.62594     1.57121     1.27698     -1.6237     1.55523    -1.42014
   -1.14234     1.63425     1.57015     1.27698    -1.63135     1.55181    -1.41994
  -0.704805     1.18507   0.0118735     1.27698  -0.0175039    0.679635     -2.2419
   -1.14237     1.62928     1.57082     1.27698    -1.62678     1.55389    -1.42008
  -0.699445     1.18508  -0.0216123     1.27698   0.0318546    0.679856    -2.28753
   -1.14234     1.62431     1.57138     1.27698    -1.62219     1.55586    -1.42016
   -1.14236     1.63241      1.5704     1.27698    -1.62966     1.55259       -1.42
  -0.703048     1.18507  0.00089848     1.27698 -0.00132454     0.67954    -2.25686
   -1.14236     1.62744     1.57104     1.27698    -1.62509     1.55463    -1.42012
   -1.14232     1.63575     1.56992     1.27698    -1.63272     1.55116    -1.41988
  -0.706428     1.18508   0.0220096     1.27698  -0.0324395    0.679868    -2.22809
   -1.14231     1.62248     1.57156     1.27698    -1.62049     1.55657    -1.42017
   -1.14236     1.63057     1.57065     1.27698    -1.62798     1.55335    -1.42005
  -0.701067     1.18507  -0.0114771     1.27698   0.0169199    0.679629    -2.27372
   -1.14235     1.62561     1.57124     1.27698    -1.62339     1.55536    -1.42015
   -1.14234     1.63391     1.57019     1.27698    -1.63104     1.55195    -1.41995
  -0.704447     1.18507  0.00963706     1.27698  -0.0142073    0.679603    -2.24495
   -1.14236     1.62874     1.57088     1.27698    -1.62629     1.55411     -1.4201
  -0.699086     1.18509  -0.0238483     1.27698   0.0351479    0.679925    -2.29057
   -1.14233     1.62377     1.57143     1.27698    -1.62169     1.55607    -1.42017
   -1.14236     1.63208     1.57045     1.27698    -1.62936     1.55273    -1.42001
  -0.702466     1.18507 -0.00273591     1.27698  0.00403376    0.679545    -2.26181
   -1.14236     1.62711     1.57107     1.27698    -1.62478     1.55476    -1.42013
   -1.14233     1.63521        1.57     1.27698    -1.63223      1.5514     -1.4199
  -0.705846     1.18508   0.0183749     1.27698  -0.0270849    0.679768    -2.23304
   -1.14236     1.63024     1.57069     1.27698    -1.62767     1.55349    -1.42006
  -0.700485     1.18508  -0.0151125     1.27698   0.0222779    0.679694    -2.27867
   -1.14235     1.62528     1.57128     1.27698    -1.62309     1.55549    -1.42015
   -1.14235     1.63337     1.57027     1.27698    -1.63055     1.55218    -1.41997
  -0.704089     1.18507  0.00740087     1.27698  -0.0109109    0.679577    -2.24799
   -1.14236     1.62841     1.57092     1.27698    -1.62598     1.55424     -1.4201
   -1.14233     1.62344     1.57147     1.27698    -1.62138      1.5562    -1.42017
   -1.14236     1.63175      1.5705     1.27698    -1.62905     1.55287    -1.42002
  -0.702108     1.18507  -0.0049749     1.27698  0.00733469    0.679557    -2.26486
   -1.14236     1.62678     1.57111     1.27698    -1.62448     1.55489    -1.42013
   -1.14233     1.63488     1.57005     1.27698    -1.63192     1.55154    -1.41991
  -0.705488     1.18508     0.01614     1.27698  -0.0237917    0.679716    -2.23608
   -1.14237     1.62991     1.57074     1.27698    -1.62737     1.55363    -1.42007
  -0.700127     1.18508    -0.01735     1.27698    0.025575    0.679744    -2.28172
   -1.14234     1.62494     1.57131     1.27698    -1.62278     1.55562    -1.42016
   -1.14235     1.63325     1.57029     1.27698    -1.63043     1.55223    -1.41997
  -0.703731     1.18507  0.00516307     1.27698 -0.00761186    0.679558    -2.25104
   -1.14236     1.62787     1.57099     1.27698    -1.62548     1.55446    -1.42011
   -1.14232     1.63617     1.56986     1.27698    -1.63311     1.55098    -1.41986
   -1.14232     1.62311      1.5715     1.27698    -1.62107     1.55633    -1.42017
   -1.14236       1.631      1.5706     1.27698    -1.62837     1.55318    -1.42004
  -0.701526     1.18507 -0.00861049     1.27698   0.0126943     0.67959    -2.26982
   -1.14235     1.62624     1.57117     1.27698    -1.62398     1.55511    -1.42014
   -1.14234     1.63455      1.5701     1.27698    -1.63162     1.55168    -1.41993