  -0.0673554      1.63444      1.57086       1.4735     -1.63414      1.56468      2.97713
    0.432807      1.12918  -0.00650892       1.4735    0.0114658     0.538947      1.99098
  -0.0673187      1.62862      1.57147       1.4735     -1.62841      1.56585       2.9771
  -0.0673473      1.63796      1.57042       1.4735     -1.63761      1.56391      2.97719
    0.428913      1.12919    0.0125362       1.4735   -0.0220802     0.539043      2.02402
  -0.0673495      1.63238      1.57109       1.4735     -1.63211      1.56511      2.97711
  -0.0673163      1.64148      1.56995       1.4735     -1.64106      1.56309      2.97728
    0.435089       1.1292   -0.0176704       1.4735    0.0311186     0.539173      1.97163
  -0.0673548       1.6359      1.57068       1.4735     -1.63558      1.56436      2.97715
    0.431195      1.12918   0.00137466       1.4735  -0.00242146     0.538913      2.00466
  -0.0673358      1.63031       1.5713       1.4735     -1.63008      1.56552       2.9771
  -0.0673372      1.63942      1.57023       1.4735     -1.63904      1.56358      2.97722
    0.427043       1.1292    0.0216769       1.4735   -0.0381677     0.539305      2.03986
  -0.0673545      1.63383      1.57093       1.4735     -1.63355       1.5648      2.97712
    0.433477      1.12919  -0.00978908       1.4735     0.017243     0.538992      1.98529
  -0.0673142      1.62825       1.5715       1.4735     -1.62805      1.56592       2.9771
  -0.0673492      1.63759      1.57047       1.4735     -1.63724      1.56399      2.97718
    0.429325      1.12919    0.0105173       1.4735   -0.0185251     0.539004      2.02052
  -0.0673463      1.63177      1.57115       1.4735     -1.63152      1.56523      2.97711
  -0.0673207      1.64111         1.57       1.4735      -1.6407      1.56318      2.97727
    0.435501       1.1292   -0.0196877       1.4735    0.0346684     0.539236      1.96813
  -0.0673553      1.63552      1.57073       1.4735     -1.63521      1.56445      2.97715
    0.431607      1.12918 -0.000645041       1.4735   0.00113647     0.538912      2.00115
  -0.0673325      1.62994      1.57134       1.4735     -1.62971      1.56559       2.9771
  -0.0673402      1.63904      1.57028       1.4735     -1.63867      1.56366      2.97721
    0.427713       1.1292    0.0183994       1.4735   -0.0324012     0.539195      2.03418
  -0.0673536      1.63346      1.57097       1.4735     -1.63318      1.56488      2.97712
     0.43389      1.12919   -0.0118066       1.4735    0.0207958     0.539028      1.98179
  -0.0673095      1.62788      1.57154       1.4735     -1.62768      1.56599       2.9771
  -0.0673518      1.63698      1.57055       1.4735     -1.63664      1.56413      2.97717
    0.429738      1.12919   0.00849965       1.4735   -0.0149718     0.538972      2.01702
   -0.067344       1.6314      1.57119       1.4735     -1.63115      1.56531       2.9771
  -0.0673248      1.64073      1.57005       1.4735     -1.64033      1.56327      2.97726
    0.436172       1.1292   -0.0229664       1.4735    0.0404362     0.539353      1.96245
  -0.0673556      1.63492       1.5708       1.4735     -1.63461      1.56457      2.97714
     0.43202      1.12918  -0.00266135       1.4735   0.00468839     0.538917      1.99766
  -0.0673265      1.62933       1.5714       1.4735     -1.62912      1.56571       2.9771
  -0.0673429      1.63867      1.57033       1.4735     -1.63831      1.56375      2.97721
    0.428126      1.12919    0.0163806       1.4735   -0.0288482     0.539136      2.03068
  -0.0673524      1.63309      1.57101       1.4735     -1.63281      1.56496      2.97712
  -0.0673073      1.64219      1.56985       1.4735     -1.64176      1.56292       2.9773
    0.434302      1.12919    -0.013824       1.4735    0.0243478     0.539071      1.97829
  -0.0673531      1.63661      1.57059       1.4735     -1.63628      1.56421      2.97716
    0.430408      1.12918   0.00522017       1.4735  -0.00919551     0.538934      2.01133
  -0.0673414      1.63102      1.57123       1.4735     -1.63078      1.56538       2.9771
  -0.0673309      1.64013      1.57014       1.4735     -1.63974      1.56341      2.97724
    0.436584      1.12921   -0.0249834       1.4735     0.043983     0.539434      1.95896
    0.426256      1.12921    0.0255234       1.4735   -0.0449321     0.539457      2.04652
  -0.0673555      1.63454      1.57084       1.4735     -1.63425      1.56465      2.97713
    0.432691      1.12918   -0.0059402       1.4735    0.0104641     0.538941      1.99197
  -0.0673226      1.62896      1.57144       1.4735     -1.62875      1.56578       2.9771
  -0.0673466      1.63806      1.57041       1.4735     -1.63771      1.56388      2.97719
    0.428539      1.12919    0.0143632       1.4735   -0.0252969     0.539084      2.02718
    -0.06735      1.63248      1.57108       1.4735     -1.63222      1.56509      2.97711
  -0.0673121      1.64182       1.5699       1.4735      -1.6414      1.56301      2.97729
    0.434973      1.12919   -0.0171024       1.4735    0.0301188     0.539156      1.97261
  -0.0673541      1.63623      1.57064       1.4735     -1.63591      1.56429      2.97716
    0.430821      1.12918    0.0032033       1.4735  -0.00564276      0.53892      2.00783
  -0.0673367      1.63042      1.57129       1.4735     -1.63018       1.5655       2.9771
  -0.0673343      1.63975      1.57019       1.4735     -1.63937       1.5635      2.97723
    0.426669      1.12921    0.0235064       1.4735   -0.0413854     0.539374      2.04303
  -0.0673553       1.6344      1.57086       1.4735     -1.63411      1.56468      2.97713