  -0.660002     1.46618     1.57078     1.80126    -1.46893     1.54692   -0.329055
   -0.65992      1.4767     1.57227     1.80126    -1.47884     1.55076   -0.328608
 -0.0641498    0.899487  -0.0263703     1.80126   0.0483397    0.441466    -1.59336
 -0.0779207    0.899444   0.0136119     1.80126  -0.0249679    0.441053    -1.51597
  -0.659967     1.45947     1.56965     1.80126    -1.46265      1.5443     -0.3293
   -0.65999     1.47025      1.5714     1.80126    -1.47275     1.54845   -0.328892
 -0.0696855    0.899437  -0.0102985     1.80126   0.0188924    0.440989    -1.56227
 -0.0831123    0.899498   0.0286844     1.80126  -0.0525729    0.441569    -1.48683
  -0.659997      1.4638     1.57039     1.80126     -1.4667     1.54601   -0.329146
  -0.659953     1.47431     1.57196     1.80126    -1.47659     1.54992   -0.328716
 -0.0611074    0.899532  -0.0352024     1.80126   0.0644861    0.441905    -1.61041
 -0.0748777    0.899431  0.00477663     1.80126 -0.00876326    0.440922    -1.53308
  -0.659937     1.45708     1.56922     1.80126    -1.46042     1.54334    -0.32938
      -0.66     1.46787     1.57104     1.80126    -1.47051     1.54756   -0.328989
 -0.0666425    0.899459  -0.0191335     1.80126   0.0350883      0.4412    -1.57937
 -0.0800696    0.899462   0.0198509     1.80126  -0.0364022    0.441222     -1.5039
  -0.659984     1.46142     1.56999     1.80126    -1.46447     1.54508   -0.329232
  -0.659978     1.47193     1.57164     1.80126    -1.47434     1.54906   -0.328821
 -0.0718345     0.89943 -0.00405916     1.80126  0.00744739    0.440917    -1.55019
 -0.0856047    0.899537   0.0359195     1.80126  -0.0657951    0.441947    -1.47286
  -0.660001     1.46548     1.57067     1.80126    -1.46828     1.54666   -0.329082
  -0.659926     1.47627     1.57222     1.80126    -1.47843     1.55061   -0.328628
 -0.0635998    0.899494  -0.0279672     1.80126   0.0512614    0.441536    -1.59645
 -0.0770267    0.899439   0.0110162     1.80126  -0.0202081    0.441002    -1.52099
  -0.659962     1.45904     1.56957     1.80126    -1.46224     1.54413   -0.329315
  -0.659993     1.46982     1.57133     1.80126    -1.47235     1.54829    -0.32891
 -0.0687914    0.899442  -0.0128945     1.80126   0.0236528    0.441038     -1.5673
 -0.0825623     0.89949   0.0270875     1.80126  -0.0496517    0.441497    -1.48991
  -0.659994      1.4631     1.57028     1.80126    -1.46604     1.54574   -0.329172
  -0.659958     1.47388     1.57191     1.80126    -1.47618     1.54977   -0.328736
 -0.0605574    0.899542   -0.036799     1.80126   0.0674011    0.441998    -1.61349
 -0.0743275    0.899429  0.00317928     1.80126 -0.00583276    0.440912    -1.53617
  -0.659931     1.45665     1.56914     1.80126    -1.46002     1.54317   -0.329394
  -0.660001     1.46744     1.57097     1.80126    -1.47011      1.5474   -0.329006
 -0.0657485    0.899468  -0.0217292     1.80126   0.0398432    0.441285    -1.58439
 -0.0795196    0.899457   0.0182539     1.80126  -0.0334763    0.441173    -1.50699
  -0.659981     1.46099     1.56992     1.80126    -1.46407     1.54491   -0.329247
  -0.659981      1.4715     1.57158     1.80126    -1.47393     1.54891   -0.328839
 -0.0712844    0.899431 -0.00565632     1.80126   0.0103774    0.440929    -1.55328
 -0.0850547    0.899527   0.0343232     1.80126  -0.0628798    0.441856    -1.47594
  -0.660001     1.46505      1.5706     1.80126    -1.46787     1.54649   -0.329099
  -0.659933     1.47584     1.57216     1.80126    -1.47802     1.55046   -0.328648
 -0.0630497    0.899502   -0.029564     1.80126   0.0541819     0.44161    -1.59953
 -0.0764766    0.899436  0.00941893     1.80126  -0.0172788    0.440975    -1.52409
  -0.659957     1.45861     1.56949     1.80126    -1.46184     1.54396   -0.329329
  -0.659995     1.46939     1.57127     1.80126    -1.47194     1.54813   -0.328928
 -0.0682413    0.899446  -0.0144918     1.80126   0.0265813    0.441074    -1.57039
 -0.0820123    0.899483   0.0254908     1.80126  -0.0467298    0.441429    -1.49299
  -0.659992     1.46267      1.5702     1.80126    -1.46564     1.54557   -0.329187
  -0.659963     1.47345     1.57185     1.80126    -1.47577     1.54961   -0.328755
 -0.0734334    0.899429 0.000583231     1.80126 -0.00106986    0.440904     -1.5412
  -0.659925     1.45622     1.56905     1.80126    -1.45962     1.54299   -0.329408
  -0.660002     1.46674     1.57087     1.80126    -1.46945     1.54713   -0.329034
 -0.0651984    0.899474  -0.0233261     1.80126   0.0427674    0.441344    -1.58748
 -0.0789695    0.899452   0.0166568     1.80126  -0.0305494    0.441128    -1.51008
  -0.659975     1.46029     1.56979     1.80126    -1.46341     1.54463   -0.329272
  -0.659985     1.47107     1.57152     1.80126    -1.47353     1.54875   -0.328858
 -0.0703903    0.899434 -0.00825243     1.80126   0.0151396    0.440959    -1.55831
 -0.0841609    0.899513   0.0317284     1.80126  -0.0581387    0.441718    -1.48095
  -0.659999     1.46435     1.57048     1.80126    -1.46722     1.54622   -0.329125
  -0.659939      1.4754     1.57211     1.80126    -1.47762     1.55031   -0.328667
 -0.0624997     0.89951  -0.0311605     1.80126    0.057101    0.441689    -1.60261
 -0.0759264    0.899434  0.00782161     1.80126   -0.014349    0.440953    -1.52718
  -0.659948     1.45791     1.56937     1.80126    -1.46119     1.54368   -0.329353
  -0.659998     1.46869     1.57117     1.80126    -1.47129     1.54787   -0.328956
 -0.0676912     0.89945  -0.0160888     1.80126   0.0295088    0.441113    -1.57348
 -0.0811183    0.899473   0.0228955     1.80126  -0.0419786    0.441328    -1.49801
  -0.659988     1.46197     1.57009     1.80126    -1.46499      1.5453   -0.329213
   -0.65997     1.47275     1.57175     1.80126    -1.47511     1.54936   -0.328785
 -0.0728833    0.899429 -0.00101395     1.80126  0.00186049    0.440904    -1.54429
 -0.0863092     0.89955   0.0379649     1.80126  -0.0695285    0.442068    -1.46892
  -0.659914     1.45552     1.56892     1.80126    -1.45897     1.54271    -0.32943
  -0.660002     1.46631      1.5708     1.80126    -1.46905     1.54697   -0.329051
 -0.0646484    0.899481   -0.024923     1.80126   0.0456909    0.441406    -1.59057
 -0.0780754    0.899445   0.0140609     1.80126   -0.025791    0.441063     -1.5151
   -0.65997     1.45986     1.56972     1.80126    -1.46301     1.54446   -0.329287
  -0.659989     1.47037     1.57141     1.80126    -1.47287     1.54849   -0.328887
 -0.0698401    0.899437 -0.00984958     1.80126    0.018069    0.440982     -1.5614
 -0.0836109    0.899505   0.0301315     1.80126  -0.0552193    0.441638    -1.48403
  -0.659998     1.46392     1.57041     1.80126    -1.46681     1.54606   -0.329141
  -0.659952     1.47444     1.57198     1.80126     -1.4767     1.54996   -0.328711
 -0.0616059    0.899524  -0.0337555     1.80126   0.0618432    0.441825    -1.60762
 -0.0750323    0.899431  0.00522565     1.80126 -0.00958699    0.440926    -1.53221
  -0.659943     1.45747     1.56929     1.80126    -1.46079      1.5435   -0.329367
      -0.66     1.46799     1.57106     1.80126    -1.47063     1.54761   -0.328984
 -0.0667971    0.899458  -0.0186846     1.80126   0.0342658    0.441186     -1.5785
 -0.0805682    0.899467   0.0212983     1.80126  -0.0390536    0.441271     -1.5011
  -0.659987     1.46181     1.57006     1.80126    -1.46484     1.54523   -0.329218
  -0.659977     1.47205     1.57165     1.80126    -1.47445     1.54911   -0.328816
 -0.0719892     0.89943 -0.00360992     1.80126  0.00662321    0.440914    -1.54932
 -0.0857593     0.89954   0.0363683     1.80126  -0.0666145    0.441973      -1.472
  -0.660002     1.46587     1.57073     1.80126    -1.46864     1.54681   -0.329067
   -0.65992     1.47666     1.57227     1.80126     -1.4788     1.55075    -0.32861