   -0.644809      1.08257     -1.57617       1.8479      1.09733      1.44672      2.36748
   -0.644767      1.07161     -1.56854       1.8479      1.08827      1.43753       2.3723
   -0.644922      1.06093     -1.56075       1.8479      1.07945      1.42836      2.37712
    -1.27102     0.571198   -0.0574208       1.8479    0.0468698     0.723786     -2.80609
    -1.29127     0.570851    -0.017928       1.8479     0.014642     0.722964     -2.76897
    -1.31155     0.570868    0.0215863       1.8479    -0.017629     0.723004     -2.73179
     -1.3313     0.571235    0.0600895       1.8479    -0.049045     0.723872     -2.69559
    -1.95604      1.06167       1.5613       1.8479     -1.08006        1.429      -1.5978
    -1.95618      1.07263      1.56926       1.8479     -1.08911      1.43839     -1.59286
    -1.95612      1.08358      1.57686       1.8479     -1.09817      1.44756     -1.58805
   -0.644929      1.08912     -1.58056       1.8479      1.10276       1.4521      2.36465
    -0.64477      1.07844     -1.57333       1.8479      1.09392      1.44328      2.36928
   -0.644804      1.06748     -1.56557       1.8479      1.08486      1.43401      2.37415
   -0.645042      1.05653     -1.55744       1.8479      1.07581      1.42452      2.37915
    -1.25892      0.57158    -0.081008       1.8479    0.0660826     0.724687     -2.82823
    -1.27916     0.571015     -0.04155       1.8479    0.0339252     0.723352     -2.79118
    -1.29892     0.570815  -0.00303042       1.8479   0.00247521     0.722878     -2.75495
    -1.31919     0.570969    0.0364799       1.8479   -0.0297875     0.723243     -2.71778
    -1.33943     0.571487     0.075947       1.8479   -0.0619631     0.724468     -2.68071
    -1.95612      1.06608      1.56454       1.8479      -1.0837       1.4328      -1.5958
    -1.95618      1.07676      1.57216       1.8479     -1.09253      1.44187     -1.59103
    -1.95605      1.08771      1.57963       1.8479     -1.10159      1.45095     -1.58627
   -0.644845      1.08499     -1.57781       1.8479      1.09934      1.44872      2.36643
   -0.644759      1.07403     -1.57025       1.8479      1.09027      1.43958      2.37123
   -0.644869      1.06335     -1.56254       1.8479      1.08144      1.43046      2.37602
    -1.26705     0.571309   -0.0651551       1.8479    0.0531735     0.724047     -2.81336
     -1.2868     0.570896   -0.0266585       1.8479    0.0217706     0.723072     -2.77718
    -1.30707     0.570833    0.0128554       1.8479   -0.0104992     0.722921        -2.74
    -1.32682     0.571121     0.051368       1.8479   -0.0419341     0.723604     -2.70379
    -1.34704     0.571776    0.0908058       1.8479   -0.0740518     0.725151     -2.66678
    -1.95599      1.05953       1.5597       1.8479     -1.07828      1.42714     -1.59878
    -1.95617      1.07021      1.56753       1.8479     -1.08711      1.43634     -1.59394
    -1.95615      1.08116      1.57521       1.8479     -1.09617      1.44555      -1.5891
    -1.95595      1.09184      1.58235       1.8479     -1.10502      1.45432      -1.5845
   -0.644992      1.09154     -1.58215       1.8479      1.10476      1.45407      2.36362
   -0.644787      1.08058     -1.57481       1.8479      1.09569      1.44507      2.36834
   -0.644779       1.0699     -1.56731       1.8479      1.08686      1.43608      2.37306
   -0.644972      1.05895     -1.55926       1.8479      1.07781      1.42663      2.37803
    -1.25446     0.571753   -0.0897164       1.8479    0.0731663     0.725097      -2.8364
    -1.27468     0.571108   -0.0502754       1.8479    0.0410433     0.723573     -2.79938
    -1.29494     0.570827   -0.0107751       1.8479    0.0088005     0.722907     -2.76224
    -1.31471     0.570903    0.0277516       1.8479   -0.0226628     0.723088     -2.72599
    -1.33496     0.571341    0.0672319       1.8479   -0.0548653     0.724123     -2.68889
    -1.95608      1.06366      1.56277       1.8479      -1.0817      1.43072     -1.59689
    -1.95619      1.07461      1.57066       1.8479     -1.09075      1.44007     -1.59198
    -1.95609      1.08529      1.57801       1.8479     -1.09959      1.44897     -1.58731
   -0.644891      1.08741     -1.57943       1.8479      1.10134      1.45071      2.36539
   -0.644761      1.07645     -1.57195       1.8479      1.09227      1.44162      2.37016
   -0.644832       1.0655     -1.56412       1.8479      1.08322      1.43231      2.37505
    -1.26258     0.571451    -0.073871       1.8479     0.060273     0.724382     -2.82154
    -1.28232      0.57096   -0.0353873       1.8479     0.028896     0.723221     -2.78539
    -1.30259     0.570815   0.00412297       1.8479  -0.00336732      0.72288     -2.74822
    -1.32285     0.571036    0.0436292       1.8479   -0.0356214     0.723401     -2.71106
    -1.34258       0.5716     0.082099       1.8479   -0.0669701     0.724736     -2.67494
    -1.95592      1.05711      1.55788       1.8479     -1.07628      1.42502     -1.59989
    -1.95615      1.06779      1.56579       1.8479     -1.08511      1.43427     -1.59503
    -1.95617      1.07874      1.57354       1.8479     -1.09417      1.44353     -1.59016
      -1.956      1.08969      1.58094       1.8479     -1.10324      1.45257     -1.58542
   -0.644815      1.08301     -1.57646       1.8479       1.0977      1.44708      2.36729
   -0.644764      1.07232     -1.56904       1.8479      1.08886      1.43813      2.37198
   -0.644911      1.06137     -1.56108       1.8479      1.07981      1.42874      2.37692
    -1.27021      0.57122   -0.0589976       1.8479    0.0481552     0.723836     -2.80758
    -1.29046     0.570858   -0.0195065       1.8479    0.0159309      0.72298     -2.77045
    -1.31023     0.570856    0.0190214       1.8479   -0.0155346     0.722975      -2.7342
    -1.33049     0.571213    0.0585132       1.8479   -0.0477601      0.72382     -2.69708
    -1.95603      1.06124      1.56098       1.8479      -1.0797      1.42862       -1.598
    -1.95618      1.07219      1.56895       1.8479     -1.08875      1.43802     -1.59306
    -1.95613      1.08287      1.57637       1.8479     -1.09758      1.44697     -1.58836
   -0.644947      1.08983     -1.58103       1.8479      1.10335      1.45268      2.36435
   -0.644772      1.07888     -1.57363       1.8479      1.09428      1.44365      2.36909
   -0.644799      1.06792     -1.56588       1.8479      1.08522      1.43438      2.37395
    -0.64502      1.05724     -1.55798       1.8479       1.0764      1.42514      2.37882
    -1.25812      0.57161    -0.082583       1.8479    0.0673642     0.724758     -2.82971
    -1.27835     0.571031   -0.0431279       1.8479    0.0352127     0.723389     -2.79266
    -1.29811     0.570816  -0.00460863       1.8479   0.00376421     0.722881     -2.75643
    -1.31838     0.570956     0.034902       1.8479   -0.0284996     0.723212     -2.71927
    -1.33811     0.571442    0.0733867       1.8479   -0.0598784     0.724362     -2.68311
    -1.95611      1.06537      1.56402       1.8479     -1.08311      1.43219     -1.59612
    -1.95618      1.07632      1.57186       1.8479     -1.09216       1.4415     -1.59123
    -1.95606      1.08727      1.57934       1.8479     -1.10123       1.4506     -1.58646
   -0.644853      1.08543      -1.5781       1.8479       1.0997      1.44908      2.36624
   -0.644759      1.07475     -1.57075       1.8479      1.09086      1.44018      2.37091
   -0.644861      1.06379     -1.56287       1.8479      1.08181      1.43084      2.37582
    -1.26574     0.571349   -0.0677166       1.8479    0.0552605     0.724141     -2.81576
    -1.28599     0.570906   -0.0282369       1.8479    0.0230592     0.723095     -2.77866
    -1.30626     0.570828    0.0112766       1.8479  -0.00920985      0.72291     -2.74149
    -1.32602     0.571103    0.0497903       1.8479   -0.0406473      0.72356     -2.70527
    -1.34573     0.571723    0.0882483       1.8479   -0.0719722     0.725025     -2.66918
    -1.95597      1.05882      1.55916       1.8479      -1.0777      1.42652     -1.59911
    -1.95617      1.06977      1.56722       1.8479     -1.08675      1.43596     -1.59414
    -1.95616      1.08072      1.57491       1.8479     -1.09581      1.44519     -1.58929
    -1.95596       1.0914      1.58207       1.8479     -1.10465      1.45396     -1.58469
   -0.645004      1.09198     -1.58244       1.8479      1.10513      1.45443      2.36343
   -0.644794       1.0813      -1.5753       1.8479      1.09628      1.44566      2.36803
   -0.644775      1.07034     -1.56763       1.8479      1.08722      1.43645      2.37287
   -0.644953      1.05966      -1.5598       1.8479      1.07839      1.42725      2.37771
    -1.27337     0.571139   -0.0528382       1.8479    0.0431333     0.723646     -2.80179
    -1.29363     0.570834   -0.0133407       1.8479    0.0108958     0.722924     -2.76465
     -1.3139     0.570893    0.0261734       1.8479   -0.0213743     0.723064     -2.72747
    -1.33365     0.571302     0.064671       1.8479   -0.0527789      0.72403     -2.69129
    -1.95607      1.06322      1.56244       1.8479     -1.08133      1.43034     -1.59709
    -1.95619       1.0739      1.57016       1.8479     -1.09016      1.43947      -1.5923
     -1.9561      1.08485      1.57771       1.8479     -1.09923      1.44861      -1.5875
   -0.644901      1.08785     -1.57972       1.8479      1.10171      1.45106       2.3652
   -0.644762      1.07689     -1.57226       1.8479      1.09264      1.44199      2.36996
   -0.644821      1.06621     -1.56464       1.8479      1.08381      1.43292      2.37473
    -1.26178     0.571478   -0.0754466       1.8479    0.0615559     0.724447     -2.82302
    -1.28151     0.570973   -0.0369649       1.8479    0.0301835     0.723253     -2.78687
    -1.30127     0.570814   0.00155783       1.8479  -0.00127224     0.722876     -2.75063
    -1.32154      0.57101    0.0410657       1.8479   -0.0335298     0.723341     -2.71347
    -1.34177     0.571571    0.0805246       1.8479    -0.065689     0.724665     -2.67642
    -1.95591      1.05667      1.55754       1.8479     -1.07592      1.42464      -1.6001
    -1.95614      1.06735      1.56547       1.8479     -1.08475      1.43389     -1.59522
    -1.95618       1.0783      1.57324       1.8479      -1.0938      1.44317     -1.59035
    -1.95602      1.08898      1.58047       1.8479     -1.10265      1.45199     -1.58572
   -0.644825      1.08372     -1.57695       1.8479      1.09828      1.44767      2.36698
   -0.644762      1.07276     -1.56935       1.8479      1.08922       1.4385      2.37179
   -0.644902      1.06181      -1.5614       1.8479      1.08017      1.42912      2.37672
     -1.2694     0.571242   -0.0605737       1.8479    0.0494399     0.723888     -2.80906
    -1.28915      0.57087   -0.0220716       1.8479    0.0180255      0.72301     -2.77286
    -1.30942     0.570849    0.0174427       1.8479   -0.0142454     0.722959     -2.73569
    -1.32917     0.571179    0.0559506       1.8479    -0.045671      0.72374     -2.69948
    -1.95602       1.0608      1.56065       1.8479     -1.07933      1.42824      -1.5982
    -1.95618      1.07148      1.56844       1.8479     -1.08816      1.43742     -1.59337
    -1.95614      1.08243      1.57608       1.8479     -1.09722      1.44661     -1.58855
   -0.644958      1.09027     -1.58132       1.8479      1.10371      1.45304      2.36416
   -0.644776      1.07931     -1.57394       1.8479      1.09464      1.44401       2.3689
   -0.644791      1.06863      -1.5664       1.8479      1.08581      1.43499      2.37364
   -0.645007      1.05768     -1.55831       1.8479      1.07676      1.42552      2.37862
    -1.25731      0.57164   -0.0841571       1.8479    0.0686449      0.72483     -2.83119
    -1.27754     0.571047   -0.0447054       1.8479    0.0364997     0.723427     -2.79415
     -1.2973     0.570818  -0.00618708       1.8479   0.00505339     0.722886     -2.75792
    -1.31706     0.570936    0.0323377       1.8479   -0.0264066     0.723164     -2.72168
    -1.33731     0.571415    0.0718117       1.8479   -0.0585958     0.724299     -2.68459
     -1.9561      1.06493       1.5637       1.8479     -1.08275      1.43182     -1.59632
    -1.95619      1.07588      1.57155       1.8479      -1.0918      1.44114     -1.59142
    -1.95607      1.08656      1.57886       1.8479     -1.10064      1.45001     -1.58676
   -0.644866      1.08614     -1.57858       1.8479      1.10029      1.44966      2.36594
   -0.644759      1.07518     -1.57106       1.8479      1.09122      1.44055      2.37072
   -0.644853      1.06423     -1.56319       1.8479      1.08217      1.43121      2.37562
    -1.26493     0.571374   -0.0692921       1.8479    0.0565439     0.724201     -2.81724
    -1.28467     0.570924   -0.0308011       1.8479    0.0251525     0.723137     -2.78107
    -1.30494     0.570822   0.00871134       1.8479  -0.00711479     0.722896      -2.7439
    -1.32521     0.571085    0.0482135       1.8479   -0.0393612     0.723517     -2.70675
    -1.34492     0.571691    0.0866746       1.8479   -0.0706924     0.724949     -2.67065
    -1.95596      1.05838      1.55883       1.8479     -1.07733      1.42614     -1.59931
    -1.95616      1.06906       1.5667       1.8479     -1.08616      1.43536     -1.59445
    -1.95616      1.08001      1.57442       1.8479     -1.09522      1.44459      -1.5896
    -1.95597      1.09097      1.58178       1.8479     -1.10429      1.45361     -1.58487
   -0.645025      1.09269      -1.5829       1.8479      1.10572        1.455      2.36313
   -0.644799      1.08173      -1.5756       1.8479      1.09664      1.44603      2.36784
   -0.644772      1.07078     -1.56794       1.8479      1.08758      1.43682      2.37267
   -0.644942       1.0601     -1.56013       1.8479      1.07876      1.42764      2.37751
    -1.27256     0.571159   -0.0544153       1.8479    0.0444194     0.723693     -2.80327
    -1.29282      0.57084   -0.0149194       1.8479    0.0121851     0.722937     -2.76614
    -1.31309     0.570884    0.0245949       1.8479   -0.0200855     0.723042     -2.72896
    -1.33284     0.571278    0.0630949       1.8479   -0.0514944     0.723974     -2.69277
    -1.95606      1.06251      1.56192       1.8479     -1.08075      1.42973     -1.59742
    -1.95619      1.07346      1.56985       1.8479      -1.0898       1.4391     -1.59249
    -1.95611      1.08442      1.57742       1.8479     -1.09886      1.44824     -1.58769
    -0.64491      1.08828     -1.58001       1.8479      1.10207      1.45142      2.36501
   -0.644765       1.0776     -1.57275       1.8479      1.09323      1.44258      2.36965
   -0.644815      1.06665     -1.56496       1.8479      1.08417      1.43329      2.37453
   -0.645069       1.0557      -1.5568       1.8479      1.07512      1.42379      2.37954
    -1.26046     0.571524   -0.0780063       1.8479    0.0636396     0.724555     -2.82542
     -1.2807     0.570987   -0.0385427       1.8479    0.0314712     0.723285     -2.78835
    -1.30046     0.570813 -2.08616e-05       1.8479  1.71544e-05     0.722875     -2.75212
    -1.32073     0.570996    0.0394878       1.8479   -0.0322423     0.723306     -2.71495
    -1.34046     0.571523    0.0779649       1.8479   -0.0636057     0.724553     -2.67882
    -1.95589      1.05596        1.557       1.8479     -1.07534      1.42402     -1.60042
    -1.95613      1.06691      1.56515       1.8479     -1.08438      1.43352     -1.59542
    -1.95618      1.07759      1.57274       1.8479     -1.09322      1.44257     -1.59067
    -1.95603      1.08855      1.58018       1.8479     -1.10228      1.45164     -1.58591
   -0.644832      1.08415     -1.57724       1.8479      1.09865      1.44803      2.36679
   -0.644761       1.0732     -1.56966       1.8479      1.08958      1.43887       2.3716
   -0.644886      1.06252     -1.56193       1.8479      1.08076      1.42974       2.3764
    -1.26809     0.571279   -0.0631356       1.8479    0.0515279     0.723976     -2.81146
    -1.28834     0.570879   -0.0236501       1.8479    0.0193143      0.72303     -2.77435
    -1.30811     0.570839    0.0148773       1.8479   -0.0121505     0.722936      -2.7381
    -1.32837     0.571159    0.0543741       1.8479   -0.0443855     0.723692     -2.70096
      -1.956      1.06009      1.56012       1.8479     -1.07875      1.42763     -1.59852
    -1.95617      1.07104      1.56813       1.8479      -1.0878      1.43704     -1.59357
    -1.95615      1.08172      1.57559       1.8479     -1.09663      1.44602     -1.58886
    -1.95592      1.09267       1.5829       1.8479     -1.10571      1.45499     -1.58415
   -0.644969       1.0907     -1.58161       1.8479      1.10407       1.4534      2.36398
   -0.644779      1.07975     -1.57424       1.8479        1.095      1.44438      2.36871
   -0.644786      1.06907     -1.56671       1.8479      1.08617      1.43537      2.37344
   -0.644995      1.05812     -1.55864       1.8479      1.07712      1.42591      2.37842
      -1.256     0.571692   -0.0867161       1.8479    0.0707264     0.724951     -2.83359
    -1.27622     0.571074   -0.0472686       1.8479    0.0385907     0.723492     -2.79656
    -1.29598     0.570822  -0.00875282       1.8479    0.0071489     0.722896     -2.76033
    -1.31625     0.570924    0.0307599       1.8479   -0.0251187     0.723136     -2.72316
     -1.3365     0.571389    0.0702357       1.8479   -0.0573122     0.724237     -2.68607
     -1.9561      1.06449      1.56338       1.8479     -1.08238      1.43144     -1.59651
    -1.95619      1.07517      1.57105       1.8479     -1.09121      1.44054     -1.59173
    -1.95608      1.08613      1.57857       1.8479     -1.10028      1.44965     -1.58695
   -0.644874      1.08657     -1.57887       1.8479      1.10065      1.45002      2.36575
   -0.644759      1.07562     -1.57137       1.8479      1.09158      1.44092      2.37052
   -0.644841      1.06494     -1.56371       1.8479      1.08276      1.43183       2.3753
    -1.26362     0.571416   -0.0718526       1.8479    0.0586293     0.724301     -2.81964
    -1.28386     0.570936   -0.0323794       1.8479    0.0264409     0.723165     -2.78256
    -1.30413     0.570819   0.00713301       1.8479  -0.00582572     0.722889     -2.74539
    -1.32389     0.571057    0.0456502       1.8479   -0.0372703     0.723451     -2.70916
    -1.34412     0.571659    0.0851003       1.8479   -0.0694119     0.724874     -2.67213
    -1.95594      1.05767       1.5583       1.8479     -1.07675      1.42551     -1.59963
    -1.95615      1.06862      1.56639       1.8479      -1.0858      1.43498     -1.59465
    -1.95617      1.07958      1.57412       1.8479     -1.09486      1.44423      -1.5898
    -1.95599      1.09025      1.58131       1.8479      -1.1037      1.45303     -1.58518
   -0.644804      1.08217      -1.5759       1.8479      1.09701      1.44639      2.36765
   -0.644768      1.07149     -1.56845       1.8479      1.08817      1.43743      2.37236
   -0.644931      1.06054     -1.56045       1.8479      1.07912      1.42802      2.37731
    -1.27175     0.571179   -0.0559919       1.8479    0.0457048     0.723741     -2.80475
    -1.29201     0.570845   -0.0164971       1.8479    0.0134735      0.72295     -2.76762
    -1.31178      0.57087    0.0220299       1.8479   -0.0179912     0.723009     -2.73137
    -1.33203     0.571255    0.0615182       1.8479   -0.0502095      0.72392     -2.69425
    -1.95605      1.06207      1.56159       1.8479     -1.08038      1.42935     -1.59762
    -1.95618      1.07302      1.56954       1.8479     -1.08944      1.43873     -1.59268
    -1.95612       1.0837      1.57694       1.8479     -1.09828      1.44766       -1.588
   -0.644927      1.08899     -1.58048       1.8479      1.10266        1.452      2.36471
   -0.644767      1.07804     -1.57306       1.8479      1.09359      1.44295      2.36946
   -0.644809      1.06709     -1.56528       1.8479      1.08453      1.43367      2.37433
   -0.645046      1.05641     -1.55734       1.8479      1.07571      1.42441      2.37921
    -1.25966     0.571553   -0.0795811       1.8479    0.0649214     0.724623      -2.8269
    -1.27938     0.571011   -0.0411067       1.8479    0.0335635     0.723342     -2.79076
    -1.29965     0.570814  -0.00159943       1.8479   0.00130645     0.722876      -2.7536
    -1.31992     0.570981      0.03791       1.8479   -0.0309546     0.723272     -2.71644
    -1.33965     0.571495    0.0763896       1.8479   -0.0623233     0.724486     -2.68029
    -1.95612       1.0662      1.56463       1.8479      -1.0838      1.43291     -1.59574
    -1.95618      1.07715      1.57244       1.8479     -1.09285       1.4422     -1.59086
    -1.95605      1.08783      1.57971       1.8479      -1.1017      1.45105     -1.58622
   -0.644839      1.08459     -1.57754       1.8479      1.09901      1.44839       2.3666
   -0.644759      1.07391     -1.57017       1.8479      1.09017      1.43948      2.37128
   -0.644877      1.06296     -1.56225       1.8479      1.08112      1.43011       2.3762
    -1.26728     0.571302   -0.0647122       1.8479    0.0528126     0.724031     -2.81294
    -1.28702     0.570894   -0.0262147       1.8479    0.0214083     0.723065     -2.77676
     -1.3073     0.570834    0.0132993       1.8479   -0.0108618     0.722924     -2.73959
    -1.32756     0.571139    0.0527972       1.8479   -0.0430996     0.723645     -2.70245
    -1.95599      1.05965      1.55979       1.8479     -1.07839      1.42724     -1.59872
    -1.95617      1.07033      1.56762       1.8479     -1.08721      1.43644     -1.59388
    -1.95615      1.08128      1.57529       1.8479     -1.09627      1.44565     -1.58905
    -1.95593      1.09224      1.58261       1.8479     -1.10535      1.45464     -1.58433
   -0.644988      1.09141     -1.58207       1.8479      1.10466      1.45397      2.36367
   -0.644785      1.08046     -1.57473       1.8479      1.09559      1.44497       2.3684
   -0.644782      1.06951     -1.56703       1.8479      1.08653      1.43574      2.37324
   -0.644975      1.05883     -1.55917       1.8479      1.07771      1.42653      2.37809
    -1.25519     0.571724     -0.08829       1.8479    0.0720064     0.725027     -2.83506
    -1.27491     0.571103   -0.0498321       1.8479    0.0406817     0.723561     -2.79896
    -1.29517     0.570826   -0.0103309       1.8479   0.00843774     0.722905     -2.76182
    -1.31544     0.570913    0.0291816       1.8479   -0.0238302      0.72311     -2.72465
    -1.33519     0.571348    0.0676749       1.8479   -0.0552262      0.72414     -2.68847
    -1.95608      1.06378      1.56286       1.8479      -1.0818      1.43082     -1.59684
    -1.95619      1.07473      1.57075       1.8479     -1.09085      1.44017     -1.59193
    -1.95609      1.08569      1.57828       1.8479     -1.09992      1.44929     -1.58714
   -0.644883      1.08701     -1.57916       1.8479      1.10101      1.45038      2.36556
    -0.64476      1.07606     -1.57167       1.8479      1.09195      1.44128      2.37033
   -0.644838       1.0651     -1.56383       1.8479      1.08289      1.43197      2.37523
    -1.26281     0.571443   -0.0734278       1.8479    0.0599121     0.724364     -2.82112
    -1.28305     0.570948    -0.033957       1.8479    0.0277286     0.723194     -2.78404
    -1.30332     0.570817   0.00555444       1.8479  -0.00453645     0.722884     -2.74687
    -1.32359      0.57105    0.0450591       1.8479    -0.036788     0.723436     -2.70972
    -1.34281     0.571609    0.0825416       1.8479   -0.0673303     0.724756     -2.67452
    -1.95592      1.05723      1.55797       1.8479     -1.07639      1.42513     -1.59984
    -1.95615      1.06818      1.56607       1.8479     -1.08544      1.43461     -1.59485
    -1.95617      1.07914      1.57382       1.8479     -1.09449      1.44386     -1.58999
    -1.95599      1.09009       1.5812       1.8479     -1.10357       1.4529     -1.58525
   -0.644813      1.08288     -1.57638       1.8479      1.09759      1.44698      2.36734
   -0.644766      1.07193     -1.56876       1.8479      1.08853       1.4378      2.37216
   -0.644921      1.06097     -1.56078       1.8479      1.07948       1.4284      2.37711