   -0.966124      1.04243  -0.00358707      1.93847    0.0193599     0.160722      -2.4838
   -0.966124      1.04243  -0.00358707      1.93847     -3.12223    -0.160722     0.657792
   -0.971365      1.04244    0.0143982      1.93847   -0.0775493     0.161198     -2.38432
   -0.971365      1.04244    0.0143982      1.93847     -3.21914    -0.161198     0.757276
   -0.963243      1.04244   -0.0134739      1.93847    0.0725918     0.161135     -2.53845
   -0.963243      1.04244   -0.0134739      1.93847       -3.069    -0.161135     0.603144
   -0.968484      1.04243   0.00451082      1.93847   -0.0243424     0.160741     -2.43894
   -0.968484      1.04243   0.00451082      1.93847     -3.16594    -0.160741     0.702653
   -0.965603      1.04243  -0.00537544      1.93847    0.0290069     0.160762      -2.4937
   -0.965603      1.04243  -0.00537544      1.93847     -3.11259    -0.160762     0.647888
   -0.970518      1.04244    0.0114918      1.93847   -0.0619439     0.161014     -2.40034
   -0.970518      1.04244    0.0114918      1.93847     -3.20354    -0.161014     0.741254
   -0.962722      1.04245    -0.015259      1.93847     0.082165     0.161261     -2.54828
   -0.962722      1.04245    -0.015259      1.93847     -3.05943    -0.161261     0.593316
   -0.967963      1.04243   0.00272334      1.93847   -0.0146981     0.160709     -2.44884
   -0.967963      1.04243   0.00272334      1.93847     -3.15629    -0.160709     0.692753
   -0.965082      1.04244   -0.0071606      1.93847    0.0386308     0.160816     -2.50358
   -0.965082      1.04244   -0.0071606      1.93847     -3.10296    -0.160816     0.638009
   -0.969997      1.04244   0.00970638      1.93847   -0.0523403     0.160922      -2.4102
   -0.969997      1.04244   0.00970638      1.93847     -3.19393    -0.160922     0.731395
   -0.962201      1.04245   -0.0170454      1.93847    0.0917298     0.161402      -2.5581
   -0.962201      1.04245   -0.0170454      1.93847     -3.04986    -0.161402     0.583495
   -0.967116      1.04243 -0.000178993      1.93847  0.000966693     0.160691     -2.46492
   -0.967116      1.04243 -0.000178993      1.93847     -3.14063    -0.160691     0.676673
   -0.964235      1.04244   -0.0100659      1.93847    0.0542758     0.160939     -2.51964
   -0.964235      1.04244   -0.0100659      1.93847     -3.08732    -0.160939     0.621948
   -0.969477      1.04244   0.00791788      1.93847     -0.04271     0.160844     -2.42008
   -0.969477      1.04244   0.00791788      1.93847      -3.1843    -0.160844     0.721508
   -0.966596      1.04243  -0.00196648      1.93847    0.0106146       0.1607     -2.47482
   -0.966596      1.04243  -0.00196648      1.93847     -3.13098      -0.1607     0.666769
   -0.971511      1.04245    0.0148987      1.93847   -0.0802329     0.161234     -2.38156
   -0.971511      1.04245    0.0148987      1.93847     -3.22183    -0.161234      0.76003
   -0.963715      1.04244   -0.0118521      1.93847    0.0638816     0.161035     -2.52951
   -0.963715      1.04244   -0.0118521      1.93847     -3.07771    -0.161035     0.612087
   -0.968956      1.04243   0.00613153      1.93847   -0.0330827     0.160783     -2.42997
   -0.968956      1.04243   0.00613153      1.93847     -3.17468    -0.160783     0.711626
   -0.965749      1.04243  -0.00487185      1.93847    0.0262908     0.160749     -2.49092
   -0.965749      1.04243  -0.00487185      1.93847      -3.1153    -0.160749     0.650677