    -1.1193     1.03577  0.00467467     2.09859   -0.507535  0.00827203    -2.17009
   -1.11117      1.0358   -0.021826     2.09859     1.20002   0.0201445     2.40024
   -1.12443      1.0358   0.0213821     2.09859    -1.19316   0.0197863    -1.48112
   -1.12176     1.03578    0.012696     2.09859   -0.984646   0.0131111    -1.69137
   -1.11329     1.03579  -0.0149112     2.09859     1.05571   0.0147419     2.54594
   -1.12689     1.03583   0.0294024     2.09859    -1.28772   0.0263431    -1.38496
   -1.11876     1.03577  0.00290465     2.09859   -0.332787  0.00765062    -2.34519
   -1.11029     1.03581  -0.0247029     2.09859     1.23909   0.0224773      2.3606
   -1.12388      1.0358    0.019612     2.09859    -1.16315   0.0183774    -1.51148
   -1.11575     1.03577 -0.00688934     2.09859     0.68633  0.00934778     2.91692
   -1.12088     1.03578  0.00981927     2.09859   -0.862029   0.0111292    -1.81456
   -1.11275     1.03579  -0.0166821     2.09859     1.10192   0.0160875     2.49937
     -1.126     1.03582   0.0265263     2.09859    -1.25985   0.0239687     -1.4134
   -1.11787     1.03577 2.53916e-05     2.09859 -0.00301003  0.00723416    -2.67554
   -1.12334     1.03579   0.0178421     2.09859    -1.12815   0.0169886    -1.54684
   -1.11521     1.03578 -0.00865972     2.09859    0.799744   0.0103868     2.80315
   -1.12034     1.03578  0.00804925     2.09859   -0.763288   0.0100187    -1.91366
   -1.11187      1.0358  -0.0195587     2.09859     1.16218   0.0183352     2.43854
   -1.12546     1.03581   0.0247568     2.09859    -1.23974   0.0225197    -1.43386
   -1.11733     1.03577 -0.00174344     2.09859    0.204602  0.00738098    -2.88351
   -1.12246     1.03579   0.0149637     2.09859    -1.05719   0.0147782    -1.61838
   -1.11433     1.03578  -0.0115373     2.09859    0.940057   0.0122898     2.66226
   -1.11945     1.03577  0.00517309     2.09859    -0.55163  0.00849247    -2.12589
   -1.11166      1.0358  -0.0202222     2.09859     1.17401   0.0188608     2.42657
   -1.12492     1.03581   0.0229859     2.09859    -1.21682   0.0210815    -1.45714
   -1.12191     1.03578   0.0131949     2.09859    -1.00216   0.0134744    -1.67376
   -1.11378     1.03578  -0.0133071     2.09859     1.00597   0.0135538       2.596
   -1.12738     1.03584   0.0310078     2.09859    -1.30115    0.027674    -1.37121