   -0.238697      1.86784      1.57373      1.54416     -1.86782       1.5658    -0.249434
   -0.238712      1.87752      1.56869      1.54416     -1.87737      1.56075    -0.247881
    0.298915      1.31475   0.00530222      1.54416   -0.0183868     0.282731      -1.2373
   -0.238723      1.87149      1.57187      1.54416     -1.87142      1.56393    -0.248891
   -0.238723      1.87538      1.56983      1.54416     -1.87526      1.56189    -0.248255
    0.301127      1.31475   -0.0117262      1.54416    0.0406465     0.282918     -1.29609
    -0.23871      1.86935      1.57296      1.54416     -1.86931      1.56504    -0.249216
   -0.238699      1.87903      1.56788      1.54416     -1.87886      1.55994    -0.247605
    0.297104      1.31475    0.0192521      1.54416   -0.0666697     0.283318     -1.18921
   -0.238726      1.87324      1.57096      1.54416     -1.87315      1.56302    -0.248613
   -0.238692      1.86746      1.57392      1.54416     -1.86743        1.566    -0.249489
   -0.238716      1.87689      1.56903      1.54416     -1.87675      1.56109    -0.247993
    0.299315      1.31475   0.00222176      1.54416  -0.00770509     0.282691     -1.24793
   -0.238721      1.87111      1.57207      1.54416     -1.87104      1.56413    -0.248951
   -0.238725      1.87476      1.57017      1.54416     -1.87464      1.56223    -0.248362
    0.301527      1.31475   -0.0148035      1.54416    0.0512962     0.283058     -1.30669
   -0.238707      1.86897      1.57316      1.54416     -1.86893      1.56523    -0.249272
   -0.238703      1.87865      1.56809      1.54416     -1.87848      1.56015    -0.247677
    0.297754      1.31475    0.0142488      1.54416    -0.049377     0.283031     -1.20643
   -0.238726      1.87286      1.57116      1.54416     -1.87277      1.56322    -0.248675
   -0.238719      1.87651      1.56924      1.54416     -1.87637       1.5613    -0.248061
    0.299715      1.31475 -0.000855803      1.54416   0.00296841     0.282683     -1.25856
   -0.238719      1.87072      1.57227      1.54416     -1.87065      1.56433    -0.249011
   -0.238726      1.87437      1.57037      1.54416     -1.87426      1.56243    -0.248427
   -0.238704      1.86858      1.57336      1.54416     -1.86854      1.56543    -0.249329
   -0.238708      1.87802      1.56843      1.54416     -1.87786      1.56049    -0.247792
    0.298153      1.31475    0.0111704      1.54416   -0.0387214     0.282896     -1.21704
   -0.238725      1.87223      1.57149      1.54416     -1.87215      1.56355    -0.248775
    -0.23872      1.87612      1.56944      1.54416     -1.87599       1.5615    -0.248128
    0.300365      1.31475  -0.00586027      1.54416    0.0203221     0.282741     -1.27585
   -0.238715      1.87009      1.57259      1.54416     -1.87003      1.56466    -0.249106
   -0.238691      1.87977      1.56748      1.54416     -1.87959      1.55954    -0.247468
   -0.238726      1.87398      1.57057      1.54416     -1.87388      1.56263    -0.248492
     -0.2387      1.86819      1.57355      1.54416     -1.86816      1.56563    -0.249384
   -0.238711      1.87763      1.56864      1.54416     -1.87748      1.56069    -0.247861
    0.298553      1.31475   0.00809178      1.54416   -0.0280562     0.282795     -1.22767
   -0.238724      1.87184      1.57169      1.54416     -1.87176      1.56375    -0.248837
   -0.238723      1.87549      1.56978      1.54416     -1.87537      1.56184    -0.248237
    0.300764      1.31475  -0.00893897      1.54416    0.0309925      0.28282     -1.28647
   -0.238713       1.8697      1.57279      1.54416     -1.86965      1.56486    -0.249164
   -0.238695      1.87938      1.56769      1.54416     -1.87921      1.55975     -0.24754
   -0.238726      1.87335       1.5709      1.54416     -1.87326      1.56296    -0.248595
   -0.238696      1.86781      1.57375      1.54416     -1.86778      1.56582    -0.249439
   -0.238712      1.87749      1.56871      1.54416     -1.87733      1.56077    -0.247887