  -0.239817     1.85409     1.57149     1.55646    -1.85407     1.56745   -0.136423
   0.298908     1.29532  0.00498196     1.55646  -0.0167739    0.289857     -1.1371
  -0.239814     1.85776     1.56969     1.55646    -1.85772     1.56567   -0.135899
  -0.239807     1.85194     1.57252     1.55646    -1.85193     1.56847   -0.136708
  -0.239784     1.86167     1.56771     1.55646    -1.86161     1.56373   -0.135283
   0.301144     1.29532  -0.0110256     1.55646   0.0371094    0.290018    -1.19086
  -0.239819     1.85561     1.57075     1.55646    -1.85558     1.56672   -0.136212
  -0.239789     1.84978     1.57354     1.55646    -1.84979     1.56948   -0.136974
   0.297076     1.29533   0.0180942     1.55646  -0.0608516    0.290361    -1.09313
  -0.239804     1.85952      1.5688     1.55646    -1.85947      1.5648   -0.135629
  -0.239816      1.8537     1.57168     1.55646    -1.85368     1.56764   -0.136476
   0.299312     1.29532  0.00208929     1.55646 -0.00703487    0.289823    -1.14682
  -0.239816     1.85737     1.56988     1.55646    -1.85733     1.56586   -0.135957
  -0.239805     1.85155     1.57271     1.55646    -1.85154     1.56866   -0.136757
  -0.239791     1.86104     1.56804     1.55646    -1.86098     1.56405   -0.135386
   0.301548     1.29532  -0.0139171     1.55646   0.0468287    0.290138    -1.20055
  -0.239819     1.85522     1.57094     1.55646    -1.85519     1.56691   -0.136267
  -0.239785     1.84939     1.57372     1.55646    -1.84941     1.56966   -0.137021
   0.297733     1.29532   0.0133927     1.55646  -0.0450661    0.290115    -1.10888
  -0.239807     1.85913       1.569     1.55646    -1.85908       1.565   -0.135689
  -0.239813     1.85307     1.57198     1.55646    -1.85305     1.56794    -0.13656
   0.299716     1.29532 -0.00080508     1.55646  0.00271125    0.289817    -1.15654
  -0.239817     1.85698     1.57007     1.55646    -1.85694     1.56605   -0.136014
  -0.239802     1.85116     1.57289     1.55646    -1.85116     1.56884   -0.136806
  -0.239795     1.86065     1.56824     1.55646    -1.86059     1.56424    -0.13545
   0.302205     1.29533  -0.0186201     1.55646   0.0626162    0.290393     -1.2163
  -0.239818     1.85483     1.57113     1.55646    -1.85481     1.56709   -0.136321
   0.298137     1.29532   0.0104991     1.55646  -0.0353386        0.29    -1.11858
  -0.239811      1.8585     1.56932     1.55646    -1.85845     1.56531   -0.135786
  -0.239812     1.85268     1.57217     1.55646    -1.85267     1.56812   -0.136611
   0.300373     1.29532 -0.00550848     1.55646   0.0185469    0.289866    -1.17234
  -0.239818     1.85635     1.57038     1.55646    -1.85632     1.56636   -0.136106
  -0.239796     1.85052     1.57319     1.55646    -1.85053     1.56913   -0.136884
  -0.239798     1.86026     1.56843     1.55646    -1.86021     1.56444   -0.135512
  -0.239818     1.85444     1.57132     1.55646    -1.85442     1.56728   -0.136375
   0.298541     1.29532  0.00760525     1.55646  -0.0256032    0.289912     -1.1283
  -0.239813     1.85811     1.56951     1.55646    -1.85807      1.5655   -0.135846
  -0.239809     1.85229     1.57235     1.55646    -1.85228     1.56831   -0.136662
  -0.239783     1.86178     1.56766     1.55646    -1.86171     1.56368   -0.135265
   0.300778     1.29532 -0.00840136     1.55646   0.0282826    0.289934    -1.18205
  -0.239819     1.85596     1.57057     1.55646    -1.85593     1.56655   -0.136162
   -0.23979     1.84989     1.57349     1.55646     -1.8499     1.56943   -0.136961
   0.296962     1.29533   0.0189101     1.55646  -0.0635881    0.290411     -1.0904
  -0.239803     1.85963     1.56875     1.55646    -1.85958     1.56475   -0.135612
  -0.239817     1.85405      1.5715     1.55646    -1.85403     1.56747   -0.136429