   -0.876606       1.6451      1.57165      1.85011       -1.642      1.59208     -0.55291
   -0.876644      1.65607       1.5704      1.85011     -1.65289      1.59389    -0.553089
   -0.279846      1.04342   0.00025329      1.85011 -0.000891132     0.248055     -1.80448
   -0.876641      1.64924      1.57122      1.85011     -1.64609      1.59281    -0.553001
   -0.876611       1.6602      1.56983      1.85011     -1.65702      1.59449    -0.553105
    -0.27226      1.04347   -0.0265631      1.85011    0.0931968     0.249203     -1.90159
   -0.284945      1.04345    0.0182806      1.85011   -0.0642438       0.2486      -1.7391
   -0.876651      1.65364       1.5707      1.85011     -1.65047      1.59352    -0.553067
   -0.277042      1.04343  -0.00965717      1.85011    0.0339756     0.248207     -1.84046
   -0.876626      1.64709      1.57145      1.85011     -1.64396      1.59244    -0.552957
   -0.876633      1.65778      1.57017      1.85011     -1.65459      1.59415    -0.553099
   -0.282142      1.04343   0.00837162      1.85011   -0.0294552     0.248169       -1.775
   -0.876649      1.65122      1.57099      1.85011     -1.64806      1.59314    -0.553035
   -0.274556      1.04345   -0.0184466      1.85011    0.0648262     0.248609     -1.87231
   -0.286925      1.04346    0.0252776      1.85011   -0.0887125     0.249094     -1.71384
   -0.876601      1.64467      1.57169      1.85011     -1.64157        1.592    -0.552899
   -0.876647      1.65535      1.57049      1.85011     -1.65218      1.59379    -0.553084
   -0.279339      1.04342  -0.00153887      1.85011   0.00541653     0.248059     -1.81099
   -0.876639       1.6488      1.57127      1.85011     -1.64566      1.59273    -0.552993
   -0.876616      1.65976      1.56989      1.85011     -1.65658      1.59443    -0.553104
   -0.271753      1.04347    -0.028355      1.85011    0.0994401     0.249362     -1.90804
   -0.284122      1.04344    0.0153687      1.85011    -0.054034      0.24844     -1.74964
   -0.876651      1.65293      1.57079      1.85011     -1.64976      1.59341    -0.553058
   -0.276536      1.04343   -0.0114493      1.85011    0.0402738     0.248269     -1.84697
    -0.87662      1.64638      1.57152      1.85011     -1.64326      1.59231    -0.552941
   -0.876636      1.65734      1.57023      1.85011     -1.65416      1.59408    -0.553097
   -0.281635      1.04343   0.00658083      1.85011   -0.0231571     0.248126      -1.7815
   -0.876648      1.65078      1.57104      1.85011     -1.64763      1.59306    -0.553028
   -0.876596      1.66147      1.56965      1.85011     -1.65829      1.59466    -0.553103
   -0.273732      1.04345    -0.021358      1.85011    0.0750185     0.248798     -1.88283
   -0.286418      1.04346    0.0234859      1.85011   -0.0824565     0.248953      -1.7203
   -0.876592      1.64395      1.57176      1.85011     -1.64086      1.59187     -0.55288
   -0.876648      1.65492      1.57054      1.85011     -1.65174      1.59372     -0.55308
   -0.278832      1.04343  -0.00332949      1.85011    0.0117183     0.248073     -1.81749
   -0.876636      1.64836      1.57131      1.85011     -1.64522      1.59266    -0.552984
   -0.876623      1.65905      1.56999      1.85011     -1.65587      1.59433    -0.553103
   -0.283615      1.04344    0.0135781      1.85011   -0.0477499     0.248355     -1.75612
   -0.876651      1.65249      1.57084      1.85011     -1.64933      1.59334    -0.553053
   -0.276029      1.04344   -0.0132405      1.85011     0.046565     0.248341     -1.85346
   -0.876615      1.64594      1.57156      1.85011     -1.64283      1.59223    -0.552931
   -0.876639       1.6569      1.57029      1.85011     -1.65372      1.59402    -0.553095
   -0.280812      1.04343   0.00366828      1.85011   -0.0129098     0.248077     -1.79208
   -0.876646      1.65035      1.57109      1.85011     -1.64719      1.59299    -0.553021
   -0.876602      1.66103      1.56971      1.85011     -1.65785       1.5946    -0.553104
   -0.273226      1.04346   -0.0231485      1.85011    0.0812783     0.248927     -1.88929
   -0.285912      1.04345     0.021696      1.85011   -0.0761999     0.248821     -1.72676
    -0.87665       1.6542      1.57063      1.85011     -1.65103      1.59361    -0.553073
   -0.278008      1.04343  -0.00624281      1.85011    0.0219688     0.248119     -1.82807
   -0.876631      1.64765      1.57139      1.85011     -1.64452      1.59253     -0.55297
   -0.876627      1.65861      1.57005      1.85011     -1.65543      1.59427    -0.553102
   -0.282791      1.04343    0.0106655      1.85011    -0.037519     0.248241     -1.76668
    -0.87665      1.65178      1.57093      1.85011     -1.64862      1.59323    -0.553043
   -0.275205      1.04344   -0.0161521      1.85011    0.0567828      0.24848       -1.864
   -0.287891      1.04348    0.0286916      1.85011    -0.100611     0.249394     -1.70156
   -0.876608      1.64523      1.57164      1.85011     -1.64212       1.5921    -0.552914
   -0.876643      1.65619      1.57038      1.85011     -1.65301      1.59391     -0.55309
   -0.280305      1.04342   0.00187632      1.85011  -0.00660348     0.248061     -1.79859
   -0.876643      1.64963      1.57117      1.85011     -1.64649      1.59287    -0.553008
    -0.87661      1.66032      1.56981      1.85011     -1.65714      1.59451    -0.553104
   -0.272719      1.04346   -0.0249396      1.85011    0.0875335     0.249067     -1.89574
   -0.285405      1.04345    0.0199041      1.85011   -0.0699299       0.2487     -1.73323
   -0.876651      1.65377      1.57069      1.85011     -1.65059      1.59354    -0.553068
   -0.277502      1.04343  -0.00803357      1.85011    0.0282672      0.24816     -1.83457
   -0.876627      1.64721      1.57144      1.85011     -1.64409      1.59246     -0.55296
    -0.87663      1.65817      1.57011      1.85011     -1.65499       1.5942    -0.553101
   -0.282285      1.04343   0.00887501      1.85011   -0.0312252     0.248184     -1.77318
    -0.87665      1.65162      1.57095      1.85011     -1.64846       1.5932    -0.553041
   -0.274382      1.04345   -0.0190626      1.85011    0.0669839     0.248647     -1.87453
   -0.287067      1.04347    0.0257822      1.85011   -0.0904728     0.249137     -1.71202
   -0.876603      1.64479      1.57168      1.85011     -1.64169      1.59202    -0.552902
   -0.876645      1.65575      1.57044      1.85011     -1.65257      1.59385    -0.553087
   -0.279798      1.04342  8.50558e-05      1.85011 -0.000299013     0.248055     -1.80509