   -1.66923     1.47484     1.57008     2.14502    -1.49055     1.51813    -1.00694
   -1.66923     1.47484     1.57008     2.14502    -4.63214    -1.51813     2.13466
   -1.66923     1.48634     1.57145     2.14502    -1.49949      1.5255    -1.00637
   -1.66923     1.48634     1.57145     2.14502    -4.64108     -1.5255     2.13522
   -1.02027    0.851263  0.00137794     2.14502 -0.00715672     0.14531    -2.49286
   -1.02027    0.851263  0.00137794     2.14502    -3.14875    -0.14531    0.648732
   -1.66925     1.47929     1.57065     2.14502    -1.49398     1.52102    -1.00673
   -1.66925     1.47929     1.57065     2.14502    -4.63558    -1.52102     2.13487
   -1.01089    0.851311   -0.022145     2.14502     0.11448    0.146323    -2.61934
   -1.01089    0.851311   -0.022145     2.14502    -3.02711   -0.146323    0.522257
   -1.02618    0.851289   0.0162088     2.14502  -0.0839769    0.145852    -2.41299
   -1.02618    0.851289   0.0162088     2.14502    -3.22557   -0.145852    0.728603
   -1.66924     1.48374     1.57117     2.14502    -1.49745     1.52386    -1.00651
   -1.66924     1.48374     1.57117     2.14502    -4.63904    -1.52386     2.13509
   -1.01681    0.851268  -0.0073154     2.14502   0.0379791    0.145417    -2.53978
   -1.01681    0.851268  -0.0073154     2.14502    -3.10361   -0.145417    0.601808
   -1.66924     1.47668     1.57032     2.14502    -1.49197     1.51933    -1.00685
   -1.66924     1.47668     1.57032     2.14502    -4.63356    -1.51933     2.13474
   -1.02272    0.851268  0.00751638     2.14502  -0.0390202    0.145424    -2.45973
   -1.02272    0.851268  0.00751638     2.14502    -3.18061   -0.145424    0.681858
   -1.66925     1.48113     1.57087     2.14502    -1.49541      1.5222    -1.00664
   -1.66925     1.48113     1.57087     2.14502    -4.63701     -1.5222     2.13496
   -1.01334    0.851288  -0.0160071     2.14502   0.0829383    0.145838    -2.58653
   -1.01334    0.851288  -0.0160071     2.14502    -3.05865   -0.145838    0.555061
   -1.02902    0.851316   0.0233294     2.14502   -0.120539    0.146435    -2.37496
   -1.02902    0.851316   0.0233294     2.14502    -3.26213   -0.146435    0.766629
   -1.66923     1.47437     1.57001     2.14502    -1.49019     1.51782    -1.00696
   -1.66923     1.47437     1.57001     2.14502    -4.63178    -1.51782     2.13464
   -1.66923     1.48587      1.5714     2.14502    -1.49912     1.52521     -1.0064
   -1.66923     1.48587      1.5714     2.14502    -4.64071    -1.52521     2.13519
   -1.01964    0.851263   -0.000193     2.14502   0.0010031    0.145306    -2.50134
   -1.01964    0.851263   -0.000193     2.14502    -3.14059   -0.145306    0.640249
   -1.66925     1.47882     1.57059     2.14502    -1.49362     1.52071    -1.00675
   -1.66925     1.47882     1.57059     2.14502    -4.63521    -1.52071     2.13484
   -1.00988    0.851323  -0.0246985     2.14502    0.127533    0.146571    -2.63291
   -1.00988    0.851323  -0.0246985     2.14502    -3.01406   -0.146571    0.508679
   -1.02556    0.851284   0.0146364     2.14502  -0.0758663    0.145752    -2.42142
   -1.02556    0.851284   0.0146364     2.14502    -3.21746   -0.145752    0.720168
   -1.66925     1.48326     1.57111     2.14502    -1.49708     1.52356    -1.00653
   -1.66925     1.48326     1.57111     2.14502    -4.63867    -1.52356     2.13506
   -1.01618     0.85127 -0.00888598     2.14502   0.0461215     0.14547    -2.54825
   -1.01618     0.85127 -0.00888598     2.14502    -3.09547    -0.14547    0.593342
   -1.66924     1.47621     1.57026     2.14502     -1.4916     1.51902    -1.00687
   -1.66924     1.47621     1.57026     2.14502     -4.6332    -1.51902     2.13472
   -1.66922     1.48771     1.57158     2.14502    -1.50056     1.52636     -1.0063
   -1.66922     1.48771     1.57158     2.14502    -4.64216    -1.52636     2.13529
   -1.02209    0.851266  0.00594544     2.14502  -0.0308712     0.14538    -2.46821
   -1.02209    0.851266  0.00594544     2.14502    -3.17246    -0.14538    0.673386
   -1.66925     1.48066     1.57081     2.14502    -1.49505      1.5219    -1.00666
   -1.66925     1.48066     1.57081     2.14502    -4.63664     -1.5219     2.13493
   -1.01271    0.851293  -0.0175778     2.14502   0.0910297    0.145948    -2.59495
   -1.01271    0.851293  -0.0175778     2.14502    -3.05056   -0.145948    0.546647
     -1.028    0.851305   0.0207754     2.14502    -0.10746    0.146202    -2.38857
     -1.028    0.851305   0.0207754     2.14502    -3.24905   -0.146202    0.753025
   -1.66922     1.47361     1.56991     2.14502     -1.4896     1.51732    -1.00699
   -1.66922     1.47361     1.56991     2.14502    -4.63119    -1.51732      2.1346
   -1.66924      1.4854     1.57135     2.14502    -1.49875     1.52491    -1.00642
   -1.66924      1.4854     1.57135     2.14502    -4.64034    -1.52491     2.13517
   -1.01863    0.851263 -0.00274718     2.14502   0.0142693    0.145322    -2.51514
   -1.01863    0.851263 -0.00274718     2.14502    -3.12732   -0.145322    0.626458
   -1.66925     1.47805     1.57049     2.14502    -1.49303     1.52022    -1.00679
   -1.66925     1.47805     1.57049     2.14502    -4.63462    -1.52022     2.13481
   -1.00925    0.851331    -0.02627     2.14502    0.135542    0.146736    -2.64125
   -1.00925    0.851331    -0.02627     2.14502    -3.00605   -0.146736    0.500345
   -1.02493    0.851279   0.0130661     2.14502  -0.0677553    0.145661    -2.42986
   -1.02493    0.851279   0.0130661     2.14502    -3.20935   -0.145661    0.711735
   -1.66925     1.48279     1.57106     2.14502    -1.49671     1.52326    -1.00655
   -1.66925     1.48279     1.57106     2.14502     -4.6383    -1.52326     2.13504
   -1.01555    0.851273  -0.0104568     2.14502   0.0542584    0.145534    -2.55671
   -1.01555    0.851273  -0.0104568     2.14502    -3.08733   -0.145534    0.584883
   -1.66924     1.47574      1.5702     2.14502    -1.49124     1.51872    -1.00689
   -1.66924     1.47574      1.5702     2.14502    -4.63283    -1.51872      2.1347
   -1.66922     1.48724     1.57154     2.14502    -1.50019     1.52607    -1.00633
   -1.66922     1.48724     1.57154     2.14502    -4.64179    -1.52607     2.13527
   -1.02146    0.851264  0.00437391     2.14502  -0.0227146    0.145346    -2.47669
   -1.02146    0.851264  0.00437391     2.14502    -3.16431   -0.145346    0.664906
   -1.66925     1.48019     1.57076     2.14502    -1.49468     1.52159    -1.00668
   -1.66925     1.48019     1.57076     2.14502    -4.63627    -1.52159     2.13491
    -1.0117    0.851303  -0.0201319     2.14502    0.104159    0.146147     -2.6086
    -1.0117    0.851303  -0.0201319     2.14502    -3.03743   -0.146147    0.532991
   -1.02738    0.851299   0.0192041     2.14502  -0.0993932    0.146072    -2.39696
   -1.02738    0.851299   0.0192041     2.14502    -3.24099   -0.146072    0.744635
   -1.66922     1.47314     1.56984     2.14502    -1.48924     1.51701    -1.00701
   -1.66922     1.47314     1.56984     2.14502    -4.63083    -1.51701     2.13458
   -1.66924     1.48463     1.57127     2.14502    -1.49815     1.52443    -1.00646
   -1.66924     1.48463     1.57127     2.14502    -4.63974    -1.52443     2.13513
     -1.018    0.851264 -0.00431848     2.14502    0.022428    0.145345    -2.52362
     -1.018    0.851264 -0.00431848     2.14502    -3.11916   -0.145345    0.617976
   -1.66925     1.47758     1.57043     2.14502    -1.49266     1.51991    -1.00681
   -1.66925     1.47758     1.57043     2.14502    -4.63425    -1.51991     2.13478
   -1.02391    0.851273   0.0105114     2.14502  -0.0545399    0.145536     -2.4436
   -1.02391    0.851273   0.0105114     2.14502    -3.19613   -0.145536    0.697993
   -1.66925     1.48232     1.57101     2.14502    -1.49634     1.52296    -1.00658
   -1.66925     1.48232     1.57101     2.14502    -4.63793    -1.52296     2.13501
   -1.01453    0.851279  -0.0130123     2.14502   0.0674786    0.145658    -2.57046
   -1.01453    0.851279  -0.0130123     2.14502    -3.07411   -0.145658    0.571136
   -1.03021    0.851331   0.0263239     2.14502   -0.135816    0.146742    -2.35907
   -1.03021    0.851331   0.0263239     2.14502    -3.27741   -0.146742    0.782522
   -1.66923     1.47498      1.5701     2.14502    -1.49065     1.51822    -1.00693
   -1.66923     1.47498      1.5701     2.14502    -4.63224    -1.51822     2.13466
   -1.66923     1.48677     1.57149     2.14502    -1.49982     1.52577    -1.00635
   -1.66923     1.48677     1.57149     2.14502    -4.64141    -1.52577     2.13524
   -1.02084    0.851263  0.00280237     2.14502  -0.0145547    0.145323    -2.48517
   -1.02084    0.851263  0.00280237     2.14502    -3.15615   -0.145323    0.656423
   -1.66925     1.47942     1.57066     2.14502    -1.49409      1.5211    -1.00672
   -1.66925     1.47942     1.57066     2.14502    -4.63568     -1.5211     2.13487
   -1.01107    0.851309  -0.0217028     2.14502    0.112215    0.146284    -2.61698
   -1.01107    0.851309  -0.0217028     2.14502    -3.02938   -0.146284    0.524613
   -1.02675    0.851293   0.0176332     2.14502   -0.091314    0.145952    -2.40536
   -1.02675    0.851293   0.0176332     2.14502    -3.23291   -0.145952    0.736233
   -1.66924     1.48416     1.57121     2.14502    -1.49778     1.52413    -1.00649
   -1.66924     1.48416     1.57121     2.14502    -4.63937    -1.52413     2.13511
   -1.01737    0.851266 -0.00589001     2.14502   0.0305848    0.145378     -2.5321
   -1.01737    0.851266 -0.00589001     2.14502    -3.11101   -0.145378    0.609496
   -1.66924     1.47711     1.57037     2.14502     -1.4923     1.51961    -1.00683
   -1.66924     1.47711     1.57037     2.14502    -4.63389    -1.51961     2.13476
   -1.02368    0.851272  0.00992262     2.14502   -0.051491    0.145511    -2.44677
   -1.02368    0.851272  0.00992262     2.14502    -3.19308   -0.145511    0.694824
   -1.66925     1.48156     1.57092     2.14502    -1.49575     1.52247    -1.00662
   -1.66925     1.48156     1.57092     2.14502    -4.63734    -1.52247     2.13498
   -1.01391    0.851283  -0.0145837     2.14502   0.0755954    0.145749     -2.5789
   -1.01391    0.851283  -0.0145837     2.14502      -3.066   -0.145749    0.562696
   -1.02959    0.851323   0.0247524     2.14502   -0.127806    0.146576     -2.3674
   -1.02959    0.851323   0.0247524     2.14502     -3.2694   -0.146576    0.774189