    0.175671      1.05963   -0.0248117      1.85608    0.0962797     0.227034     -1.41084
    0.163392      1.05962    0.0196936      1.85608   -0.0765136     0.226623     -1.23295
   -0.430258      1.66835      1.57162      1.85608      -1.6642        1.599   -0.0560859
    0.170923       1.0596  -0.00760309      1.85608    0.0295933     0.226027     -1.34218
   -0.430281      1.67276        1.571      1.85608     -1.66861      1.59964   -0.0561729
    0.166175       1.0596   0.00960802      1.85608   -0.0373891      0.22609     -1.27323
   -0.430233      1.66592      1.57194      1.85608     -1.66178      1.59862   -0.0560237
    0.173706      1.05961   -0.0176897      1.85608    0.0687567     0.226488      -1.3825
    0.161113      1.05964    0.0279553      1.85608     -0.10838     0.227332     -1.20014
   -0.430272      1.67034      1.57135      1.85608     -1.66618      1.59929   -0.0561293
    0.168958      1.05959 -0.000479192      1.85608   0.00186609     0.225923     -1.31364
   -0.430282      1.67448      1.57074      1.85608     -1.67033      1.59987   -0.0561973
    0.176489      1.05964   -0.0277738      1.85608     0.107683     0.227314     -1.42258
    0.163896      1.05961    0.0178704      1.85608   -0.0694557       0.2265     -1.24022
   -0.430254      1.66791      1.57168      1.85608     -1.66376      1.59893   -0.0560754
    0.171426       1.0596  -0.00942621      1.85608    0.0366831     0.226084     -1.34948
   -0.430279      1.67205       1.5711      1.85608      -1.6679      1.59954   -0.0561612
    0.166678       1.0596   0.00778428      1.85608   -0.0302973     0.226032     -1.28053
   -0.430227      1.66548        1.572      1.85608     -1.66134      1.59855   -0.0560114
    0.174209      1.05962   -0.0195129      1.85608    0.0758151     0.226611     -1.38977
     0.16193      1.05963    0.0249926      1.85608   -0.0969763      0.22705     -1.21188
   -0.430267      1.66962      1.57145      1.85608     -1.66547      1.59919   -0.0561144
    0.169461      1.05959  -0.00230299      1.85608   0.00896671     0.225932     -1.32095
   -0.430282      1.67404      1.57081      1.85608     -1.66989      1.59981   -0.0561914
    0.164713      1.05961    0.0149074      1.85608   -0.0579704     0.226325     -1.25204
    -0.43025      1.66747      1.57174      1.85608     -1.66332      1.59887   -0.0560646
    0.171929       1.0596   -0.0112502      1.85608    0.0437724     0.226152     -1.35678
   -0.430278      1.67161      1.57117      1.85608     -1.66746      1.59948   -0.0561535
    0.167496       1.0596   0.00482066      1.85608   -0.0187663     0.225965      -1.2924
    0.175027      1.05962    -0.022476      1.85608    0.0872687     0.226835     -1.40156
    0.162433      1.05963    0.0231694      1.85608   -0.0899449     0.226892     -1.21912
   -0.430264      1.66918      1.57151      1.85608     -1.66503      1.59912   -0.0561048
    0.169964       1.0596   -0.0041268      1.85608    0.0160664     0.225953     -1.32826
   -0.430282      1.67333      1.57092      1.85608     -1.66918      1.59972   -0.0561815
    0.165216       1.0596    0.0130837      1.85608   -0.0508929     0.226232     -1.25933
   -0.430242      1.66676      1.57183      1.85608     -1.66261      1.59875   -0.0560462
    0.172747      1.05961   -0.0142139      1.85608    0.0552803     0.226288     -1.36863
   -0.430276      1.67117      1.57123      1.85608     -1.66702      1.59942   -0.0561456
    0.167999      1.05959   0.00299692      1.85608   -0.0116674     0.225939     -1.29971
   -0.430281      1.67531      1.57061      1.85608     -1.67117      1.59998   -0.0562074
     0.17553      1.05963   -0.0242986      1.85608    0.0943015     0.226988      -1.4088
    0.162936      1.05962    0.0213466      1.85608   -0.0829051     0.226746     -1.22637
   -0.430261      1.66875      1.57157      1.85608     -1.66459      1.59906   -0.0560951
    0.170782       1.0596     -0.00709      1.85608    0.0275974     0.226014     -1.34013
   -0.430281      1.67289      1.57098      1.85608     -1.66874      1.59966   -0.0561748
    0.165719       1.0596    0.0112609      1.85608   -0.0438132     0.226152     -1.26662
   -0.430237      1.66632      1.57189      1.85608     -1.66217      1.59869   -0.0560345
    0.173565      1.05961   -0.0171769      1.85608    0.0667701     0.226456     -1.38045
   -0.430274      1.67073      1.57129      1.85608     -1.66658      1.59935   -0.0561371
    0.168817      1.05959  3.36021e-05      1.85608 -0.000130443     0.225923     -1.31158
   -0.430282      1.67487      1.57068      1.85608     -1.67073      1.59993   -0.0562024
    0.176033      1.05963   -0.0261215      1.85608     0.101326     0.227154     -1.41603
     0.16344      1.05962    0.0195227      1.85608   -0.0758524     0.226612     -1.23363