    -1.21546      1.63165      1.57126      1.56832     -1.63165      1.57111     -1.14005
    -1.21545      1.64145      1.57014      1.56832     -1.64145      1.56997     -1.13997
   -0.685451      1.10252   -0.0191105      1.56832    0.0375784     0.471119     -2.22045
    -1.21548      1.63559      1.57085      1.56832     -1.63559      1.57069     -1.14005
   -0.689589       1.1025 -0.000841022      1.56832   0.00165475     0.470777     -2.18433
    -1.21544      1.62973      1.57144      1.56832     -1.62973      1.57129     -1.14005
    -1.21547      1.63928      1.57042      1.56832     -1.63928      1.57025     -1.14001
   -0.693727      1.10251    0.0174283      1.56832   -0.0342731     0.471061      -2.1482
    -1.21547      1.63343      1.57108      1.56832     -1.63343      1.57093     -1.14005
    -1.21544      1.64322       1.5699      1.56832     -1.64322      1.56972     -1.13993
   -0.687164      1.10251   -0.0115513      1.56832    0.0227212     0.470902     -2.20551
    -1.21548      1.63712      1.57068      1.56832     -1.63712      1.57051     -1.14003
   -0.691302       1.1025   0.00671887      1.56832   -0.0132173     0.470819     -2.16937
    -1.21546      1.63126       1.5713      1.56832     -1.63126      1.57115     -1.14005
    -1.21546      1.64106      1.57019      1.56832     -1.64105      1.57002     -1.13998
   -0.684738      1.10252   -0.0222583      1.56832    0.0437606     0.471241     -2.22667
   -0.695714      1.10253    0.0261971      1.56832   -0.0514907      0.47142     -2.13089
    -1.21548      1.63495      1.57092      1.56832     -1.63495      1.57076     -1.14005
   -0.689151       1.1025  -0.00277823      1.56832   0.00546582     0.470784     -2.18816
    -1.21544       1.6291       1.5715      1.56832      -1.6291      1.57135     -1.14004
    -1.21547      1.63889      1.57046      1.56832     -1.63889       1.5703     -1.14001
   -0.693289      1.10251    0.0154902      1.56832   -0.0304644     0.471002     -2.15203
    -1.21547      1.63303      1.57112      1.56832     -1.63303      1.57097     -1.14006
    -1.21544      1.64258      1.56999      1.56832     -1.64258      1.56981     -1.13995
   -0.686725      1.10251   -0.0134863      1.56832    0.0265258     0.470947     -2.20934
    -1.21548      1.63673      1.57072      1.56832     -1.63673      1.57056     -1.14004
   -0.690863       1.1025   0.00478375      1.56832  -0.00941074     0.470798      -2.1732
    -1.21546      1.63087      1.57133      1.56832     -1.63087      1.57118     -1.14005
    -1.21546      1.64042      1.57027      1.56832     -1.64042       1.5701     -1.13999
     -0.6843      1.10253   -0.0241921      1.56832    0.0475567     0.471325     -2.23048
   -0.695276      1.10253    0.0242603      1.56832   -0.0476901     0.471328     -2.13471
    -1.21548      1.63456      1.57096      1.56832     -1.63456       1.5708     -1.14005
   -0.688438       1.1025   -0.0059256      1.56832    0.0116572      0.47081     -2.19439
    -1.21543      1.62871      1.57153      1.56832     -1.62871      1.57139     -1.14004
    -1.21548      1.63826      1.57054      1.56832     -1.63825      1.57038     -1.14002
   -0.692851      1.10251    0.0135564      1.56832   -0.0266632     0.470949     -2.15585
    -1.21547       1.6324      1.57119      1.56832      -1.6324      1.57103     -1.14006
    -1.21545      1.64219      1.57004      1.56832     -1.64219      1.56987     -1.13995
   -0.686013      1.10251   -0.0166314      1.56832    0.0327075     0.471036     -2.21555
    -1.21548      1.63634      1.57077      1.56832     -1.63634       1.5706     -1.14004
   -0.690425       1.1025   0.00284642      1.56832   -0.0055996     0.470784     -2.17703
    -1.21545      1.63023       1.5714      1.56832     -1.63024      1.57125     -1.14005
    -1.21547      1.64003      1.57032      1.56832     -1.64003      1.57015        -1.14
   -0.683861      1.10253   -0.0261266      1.56832    0.0513529     0.471416      -2.2343
   -0.694563      1.10252    0.0211161      1.56832   -0.0415174     0.471195     -2.14092
    -1.21548      1.63417        1.571      1.56832     -1.63417      1.57085     -1.14005
      -0.688       1.1025  -0.00785869      1.56832    0.0154595     0.470834     -2.19821
    -1.21543      1.62831      1.57157      1.56832     -1.62832      1.57142     -1.14004
    -1.21548      1.63786      1.57059      1.56832     -1.63786      1.57042     -1.14002
   -0.692138       1.1025    0.0104092      1.56832   -0.0204752     0.470878     -2.16208
    -1.21547      1.63201      1.57123      1.56832     -1.63201      1.57107     -1.14005
    -1.21545       1.6418      1.57009      1.56832      -1.6418      1.56992     -1.13996
   -0.685574      1.10251   -0.0185675      1.56832    0.0365117       0.4711     -2.21938
    -1.21548       1.6357      1.57084      1.56832      -1.6357      1.57068     -1.14004
   -0.689987       1.1025  0.000911236      1.56832  -0.00179252     0.470777     -2.18086
    -1.21545      1.63009      1.57141      1.56832     -1.63009      1.57126     -1.14005
    -1.21547      1.63964      1.57037      1.56832     -1.63964       1.5702        -1.14
   -0.694125      1.10252    0.0191813      1.56832   -0.0377172     0.471121     -2.14474
    -1.21547      1.63354      1.57107      1.56832     -1.63354      1.57091     -1.14005
    -1.21544      1.64309      1.56992      1.56832     -1.64308      1.56974     -1.13994
   -0.687561       1.1025  -0.00979584      1.56832    0.0192694     0.470867     -2.20204
    -1.21548      1.63723      1.57066      1.56832     -1.63723       1.5705     -1.14003
   -0.691699       1.1025   0.00847334      1.56832   -0.0166681     0.470844     -2.16591
    -1.21546      1.63162      1.57126      1.56832     -1.63162      1.57111     -1.14005