   -0.768452      1.49402      1.56961      2.22642     -1.51062      1.52308   -0.0400459
   -0.768545      1.50595       1.5708      2.22642     -1.51937      1.53128   -0.0396725
   -0.768452      1.51788      1.57162      2.22642     -1.52834      1.53919   -0.0392125
   -0.100319     0.863155   -0.0273769      2.22642     0.379426    0.0561905     -1.99353
   -0.116017     0.863096    0.0121427      2.22642    -0.175321    0.0529222     -1.42957
   -0.768512      1.49882      1.57013      2.22642     -1.51411      1.52641   -0.0399057
   -0.768531      1.51045      1.57115      2.22642     -1.52272       1.5343   -0.0395096
   -0.106237     0.863097   -0.0124784      2.22642     0.180064    0.0529673      -1.7907
   -0.121935     0.863154    0.0270413      2.22642    -0.375214    0.0560938     -1.22621
    -0.76854      1.50331      1.57057      2.22642     -1.51741      1.52949   -0.0397621
   -0.768488      1.51524      1.57147      2.22642     -1.52634      1.53747    -0.039322
  -0.0968504      0.86321   -0.0361068      2.22642     0.483548    0.0590391     -2.09969
   -0.112548     0.863083   0.00340962      2.22642   -0.0497156    0.0521561     -1.55722
   -0.127852     0.863254    0.0419353      2.22642    -0.547128    0.0612796     -1.05083
   -0.768483      1.49618      1.56985      2.22642     -1.51218      1.52459   -0.0399843
   -0.768542      1.50781      1.57095      2.22642     -1.52075      1.53254   -0.0396066
    -0.10316     0.863122   -0.0202239      2.22642     0.286706    0.0543662     -1.89915
   -0.118467     0.863115    0.0183097      2.22642    -0.260886    0.0539622     -1.34257
   -0.768527      1.50068      1.57032      2.22642     -1.51547      1.52769   -0.0398477
   -0.768516      1.51261       1.5713      2.22642     -1.52435      1.53573   -0.0394268
   -0.093383     0.863279   -0.0448346      2.22642     0.576972    0.0624844     -2.19515
   -0.109079     0.863085  -0.00532377      2.22642    0.0775347    0.0522509      -1.6865
   -0.124777     0.863197    0.0341933      2.22642    -0.461623    0.0583615     -1.13813
   -0.768445      1.49354      1.56956      2.22642     -1.51027      1.52275    -0.040059
   -0.768545      1.50547      1.57076      2.22642     -1.51901      1.53096    -0.039689
   -0.768463       1.5171      1.57157      2.22642     -1.52775      1.53869   -0.0392452
  -0.0996916     0.863164   -0.0289551      2.22642     0.399015    0.0566577     -2.01349
   -0.114998     0.863091   0.00957692      2.22642     -0.13883     0.052608     -1.46666
   -0.768507      1.49834      1.57008      2.22642     -1.51376      1.52608   -0.0399203
   -0.768534      1.50997      1.57112      2.22642     -1.52237      1.53398   -0.0395275
    -0.10561     0.863101   -0.0140569      2.22642     0.202237     0.053202     -1.81324
   -0.121308     0.863145    0.0254631      2.22642    -0.355231    0.0556541     -1.24656
   -0.768538      1.50284      1.57052      2.22642     -1.51706      1.52917   -0.0397779
   -0.768497      1.51447      1.57142      2.22642     -1.52575      1.53696   -0.0393533
  -0.0962235     0.863221   -0.0376848      2.22642     0.501237    0.0596202     -2.11775
   -0.111529     0.863082  0.000843465      2.22642   -0.0123072    0.0520932     -1.59522
   -0.127225     0.863242    0.0403575      2.22642    -0.530392    0.0606486     -1.06793
   -0.768477       1.4957       1.5698      2.22642     -1.51184      1.52425   -0.0399981
   -0.768543      1.50733      1.57091      2.22642      -1.5204      1.53221   -0.0396236
   -0.102141     0.863133   -0.0227893      2.22642     0.320668     0.054963     -1.93371
    -0.11784     0.863109    0.0167313      2.22642    -0.239316    0.0536574     -1.36451
   -0.768523       1.5002      1.57027      2.22642     -1.51512      1.52737   -0.0398627
    -0.76852      1.51213      1.57127      2.22642     -1.52399      1.53542   -0.0394455
   -0.108452     0.863086  -0.00690272      2.22642     0.100388    0.0523603     -1.70972
   -0.123758      0.86318    0.0316285      2.22642    -0.431438    0.0574977     -1.16892
   -0.768437      1.49307       1.5695      2.22642     -1.50993      1.52241   -0.0400722
   -0.768544       1.5047      1.57069      2.22642     -1.51844      1.53043   -0.0397156
    -0.76847      1.51663      1.57155      2.22642     -1.52739      1.53838    -0.039265
  -0.0986725     0.863179   -0.0315202      2.22642     0.430146    0.0574624     -2.04522
   -0.114371     0.863088   0.00799841      2.22642    -0.116181    0.0524525     -1.48968
   -0.768499      1.49757         1.57      2.22642     -1.51319      1.52555   -0.0399436
   -0.768536      1.50949      1.57108      2.22642     -1.52201      1.53366   -0.0395452
   -0.104983     0.863106   -0.0156356      2.22642     0.224205    0.0534615     -1.83558
   -0.120681     0.863138    0.0238847      2.22642    -0.334931     0.055239     -1.26723
   -0.768536      1.50236      1.57048      2.22642     -1.51671      1.52884   -0.0397936
   -0.768502      1.51399      1.57139      2.22642     -1.52539      1.53665   -0.0393723
  -0.0955967     0.863233   -0.0392626      2.22642     0.518572    0.0602213     -2.13545
   -0.110902     0.863082 -0.000735246      2.22642    0.0107314     0.052092     -1.61863
   -0.126207     0.863222    0.0377933      2.22642    -0.502437    0.0596611     -1.09648
   -0.768466      1.49493      1.56971      2.22642     -1.51127      1.52371   -0.0400203
   -0.768544      1.50686      1.57087      2.22642     -1.52004      1.53189   -0.0396406
   -0.768442      1.51849      1.57165      2.22642      -1.5288      1.53959   -0.0391865
   -0.101514      0.86314   -0.0243676      2.22642     0.341177     0.055363     -1.95458
   -0.117213     0.863104    0.0151524      2.22642    -0.217502    0.0533789     -1.38669
   -0.768517      1.49943      1.57019      2.22642     -1.51455      1.52683    -0.039887
   -0.768525      1.51136      1.57121      2.22642      -1.5234       1.5349   -0.0394752
   -0.107432     0.863091  -0.00946867      2.22642     0.137285    0.0525967     -1.74722
   -0.123131      0.86317    0.0300504      2.22642    -0.412415    0.0569945     -1.18831
   -0.768429      1.49259      1.56944      2.22642     -1.50958      1.52208   -0.0400851
   -0.768543      1.50422      1.57065      2.22642     -1.51809      1.53011   -0.0397318
   -0.768481      1.51585       1.5715      2.22642      -1.5268      1.53787    -0.039297
  -0.0980456     0.863189   -0.0330983      2.22642      0.44885    0.0579852     -2.06429
   -0.113351     0.863085   0.00543226      2.22642   -0.0791048    0.0522566     -1.52736
   -0.129439     0.863289    0.0459294      2.22642    -0.587931    0.0629532     -1.00909
   -0.768494      1.49709      1.56995      2.22642     -1.51284      1.52522   -0.0399577
    -0.76854      1.50872      1.57102      2.22642     -1.52143      1.53314   -0.0395735
   -0.103963     0.863114   -0.0182015      2.22642     0.259419    0.0539401     -1.87139
   -0.119662     0.863126    0.0213192      2.22642    -0.301294    0.0546136     -1.30146
   -0.768534      1.50188      1.57044      2.22642     -1.51636      1.52852   -0.0398091
    -0.76851      1.51322      1.57134      2.22642     -1.52481      1.53614    -0.039403
  -0.0945779     0.863254   -0.0418269      2.22642     0.545993    0.0612358     -2.16347
   -0.110274     0.863082  -0.00231392      2.22642    0.0337575    0.0521195     -1.64202
    -0.12558     0.863211    0.0362151      2.22642    -0.484771    0.0590795     -1.11452
   -0.768459      1.49445      1.56966      2.22642     -1.51093      1.52338   -0.0400338
   -0.768545      1.50608      1.57081      2.22642     -1.51947      1.53137   -0.0396679
    -0.76845      1.51801      1.57162      2.22642     -1.52844      1.53928   -0.0392067
   -0.100887     0.863148   -0.0259462      2.22642     0.361385    0.0557868     -1.97516
   -0.116193     0.863097    0.0125868      2.22642     -0.18159     0.052983      -1.4232
   -0.768513      1.49895      1.57015      2.22642     -1.51421       1.5265   -0.0399016
   -0.768529      1.51088      1.57118      2.22642     -1.52305      1.53459   -0.0394932
   -0.106805     0.863094   -0.0110473      2.22642     0.159799      0.05278      -1.7701
   -0.122112     0.863156     0.027485      2.22642    -0.380776    0.0562213     -1.22054
   -0.768541      1.50345      1.57058      2.22642     -1.51751      1.52959   -0.0397577
   -0.768487      1.51538      1.57148      2.22642     -1.52644      1.53756   -0.0393165
  -0.0974187       0.8632   -0.0346764      2.22642     0.467208    0.0585288     -2.08301
   -0.113116     0.863084    0.0048404      2.22642   -0.0705173    0.0522235     -1.53608
    -0.12842     0.863266    0.0433652      2.22642    -0.561994    0.0618657     -1.03563
   -0.768485      1.49631      1.56987      2.22642     -1.51228      1.52468   -0.0399804
   -0.768541      1.50824      1.57098      2.22642     -1.52107      1.53282    -0.039591
   -0.103336      0.86312     -0.01978      2.22642     0.280754    0.0542685     -1.89309
   -0.118643     0.863116    0.0187535      2.22642    -0.266907    0.0540516     -1.33645
    -0.76853      1.50111      1.57036      2.22642     -1.51579      1.52799    -0.039834
   -0.768512      1.51304      1.57133      2.22642     -1.52467      1.53602     -0.03941
  -0.0939511     0.863267   -0.0434048      2.22642     0.562403     0.061883     -2.18024
   -0.109647     0.863083  -0.00389275      2.22642     0.056749    0.0521755     -1.66538
   -0.124561     0.863193    0.0336504      2.22642    -0.455309    0.0581731     -1.14457
   -0.768447      1.49368      1.56957      2.22642     -1.51037      1.52284   -0.0400553
   -0.768545      1.50561      1.57077      2.22642     -1.51911      1.53105   -0.0396844
   -0.768457      1.51754       1.5716      2.22642     -1.52808      1.53897   -0.0392269