    0.241987      0.91197  -0.00840126      1.43333   0.00929369     0.796328       -1.323
    0.230435     0.912034     0.031379      1.43333   -0.0346999     0.796765     -1.27944
   -0.254669      1.37169      1.56944      1.43333     -1.37334      1.59659    -0.372259
   -0.254655       1.3806      1.57269      1.43333      -1.3826      1.59855    -0.371865
    0.248895     0.912038   -0.0321882      1.43333    0.0355942     0.796789     -1.34904
    0.237631     0.911968   0.00659798      1.43333  -0.00729874     0.796315     -1.30657
   -0.254602      1.36623       1.5673      1.43333     -1.36764      1.59525    -0.372479
   -0.254682      1.37513      1.57073      1.43333     -1.37692      1.59738    -0.372113
   -0.254605      1.38427      1.57394      1.43333      -1.3864      1.59927    -0.371688
     0.24454     0.911986   -0.0171921      1.43333    0.0190166     0.796436     -1.33263
    0.232987     0.912001    0.0225903      1.43333   -0.0249854     0.796538     -1.28905
   -0.254651      1.36967      1.56867      1.43333     -1.37124      1.59611    -0.372342
    -0.25467      1.37881      1.57206      1.43333     -1.38074      1.59817    -0.371949
    0.240184     0.911965   -0.0021936      1.43333   0.00242675     0.796297      -1.3162
    0.228632     0.912064    0.0375843      1.43333   -0.0415552     0.796969     -1.27265
   -0.254677      1.37311      1.56998      1.43333     -1.37482      1.59692      -0.3722
   -0.254636      1.38225      1.57326      1.43333     -1.38431      1.59888    -0.371786
    0.247093     0.912012   -0.0259823      1.43333    0.0287355     0.796617     -1.34225
     0.23554     0.911978    0.0138001      1.43333   -0.0152651     0.796386     -1.29868
   -0.254625      1.36765      1.56787      1.43333     -1.36913      1.59561    -0.372423
    -0.25468      1.37679      1.57134      1.43333     -1.37864      1.59774     -0.37204
    0.242449     0.911972  -0.00999098      1.43333    0.0110521     0.796342     -1.32474
    0.231184     0.912023    0.0287968      1.43333   -0.0318462      0.79669     -1.28226
   -0.254667      1.37132       1.5693      1.43333     -1.37296       1.5965    -0.372275
   -0.254659      1.38023      1.57256      1.43333     -1.38222      1.59847    -0.371882
    0.249645      0.91205   -0.0347703      1.43333     0.038447     0.796872     -1.35187
    0.238093     0.911967   0.00500879      1.43333  -0.00554078     0.796306     -1.30831
   -0.254592      1.36563      1.56706      1.43333     -1.36702       1.5951    -0.372501
   -0.254682      1.37477       1.5706      1.43333     -1.37654       1.5973    -0.372129
   -0.254615      1.38367      1.57374      1.43333     -1.38579      1.59916    -0.371717
    0.245002      0.91199   -0.0187812      1.43333    0.0207739     0.796463     -1.33437
    0.233449     0.911996    0.0210008      1.43333    -0.023228     0.796505     -1.29079
   -0.254647       1.3693      1.56852      1.43333     -1.37086      1.59602    -0.372357
   -0.254674      1.37821      1.57185      1.43333     -1.38012      1.59805    -0.371976
    0.240646     0.911966  -0.00378253      1.43333   0.00418447     0.796301     -1.31794
    0.229093     0.912056    0.0359956      1.43333   -0.0398004     0.796913     -1.27439
   -0.254676      1.37275      1.56984      1.43333     -1.37444      1.59684    -0.372215
   -0.254643      1.38166      1.57305      1.43333      -1.3837      1.59876    -0.371815
    0.247554     0.912018   -0.0275708      1.43333    0.0304914     0.796657     -1.34399
     0.23629     0.911974    0.0112174      1.43333   -0.0124085     0.796355     -1.30151
    -0.25462      1.36729      1.56773      1.43333     -1.36875      1.59552    -0.372437
   -0.254681      1.37642       1.5712      1.43333     -1.37826      1.59766    -0.372056
    0.243199     0.911976   -0.0125735      1.43333    0.0139086      0.79637     -1.32757
    0.231646     0.912017    0.0272083      1.43333   -0.0300905     0.796648       -1.284
   -0.254664      1.37096      1.56916      1.43333     -1.37258      1.59642     -0.37229
   -0.254662      1.37987      1.57243      1.43333     -1.38184       1.5984    -0.371899
    0.250107     0.912058   -0.0363585      1.43333    0.0402015     0.796925      -1.3536
    0.238554     0.911966   0.00341982      1.43333  -0.00378302       0.7963     -1.31005
   -0.254681      1.37417      1.57038      1.43333     -1.37593      1.59716    -0.372155
    -0.25462      1.38331      1.57362      1.43333     -1.38541      1.59909    -0.371735
    0.245752     0.911997   -0.0213636      1.43333    0.0236294     0.796512     -1.33719
    0.234199     0.911989    0.0184187      1.43333   -0.0203728     0.796456     -1.29362
    -0.25464      1.36871      1.56829      1.43333     -1.37024      1.59587    -0.372381
   -0.254676      1.37785      1.57172      1.43333     -1.37974      1.59797    -0.371992
    0.241107     0.911967  -0.00537179      1.43333   0.00594255     0.796308     -1.31968
    0.229555     0.912048    0.0344071      1.43333   -0.0380456      0.79686     -1.27612
   -0.254674      1.37238      1.56971      1.43333     -1.37406      1.59675     -0.37223
   -0.254648      1.38129      1.57293      1.43333     -1.38332      1.59869    -0.371833
    0.248016     0.912025   -0.0291594      1.43333    0.0322472       0.7967     -1.34573
    0.236751     0.911971   0.00962797      1.43333   -0.0106504     0.796339     -1.30325
    -0.25461      1.36669      1.56749      1.43333     -1.36813      1.59537     -0.37246
   -0.254682      1.37583      1.57099      1.43333     -1.37765      1.59753    -0.372082
   -0.254596      1.38474      1.57409      1.43333     -1.38689      1.59936    -0.371664
     0.24366     0.911979   -0.0141631      1.43333    0.0156667      0.79639     -1.32931
    0.232396     0.912008    0.0246258      1.43333   -0.0272358     0.796584     -1.28683
   -0.254658      1.37037      1.56893      1.43333     -1.37196      1.59627    -0.372314
   -0.254667      1.37927      1.57222      1.43333     -1.38122      1.59827    -0.371927
    0.250568     0.912066   -0.0379467      1.43333    0.0419557     0.796982     -1.35534
    0.239304     0.911965   0.00083676      1.43333 -0.000925555     0.796295     -1.31288
    -0.25468      1.37381      1.57024      1.43333     -1.37555      1.59708     -0.37217
   -0.254626      1.38294      1.57349      1.43333     -1.38503      1.59902    -0.371753
    0.246213     0.912002   -0.0229532      1.43333    0.0253869     0.796546     -1.33893
     0.23466     0.911985    0.0168296      1.43333   -0.0186156      0.79643     -1.29536
   -0.254635      1.36835      1.56815      1.43333     -1.36986      1.59578    -0.372395
   -0.254677      1.37748      1.57159      1.43333     -1.37937      1.59789    -0.372009
    0.241569     0.911968    -0.006961      1.43333   0.00770052     0.796318     -1.32142
    0.230305     0.912036    0.0318255      1.43333   -0.0351932     0.796778     -1.27895
    -0.25467      1.37179      1.56948      1.43333     -1.37345      1.59661    -0.372255
   -0.254652      1.38093       1.5728      1.43333     -1.38294      1.59861     -0.37185
    0.248766     0.912036   -0.0317416      1.43333    0.0351007     0.796776     -1.34855
    0.237213     0.911969   0.00803876      1.43333   -0.0088925     0.796325     -1.30499
   -0.254604      1.36633      1.56734      1.43333     -1.36775      1.59527    -0.372474
   -0.254682      1.37524      1.57077      1.43333     -1.37703       1.5974    -0.372108
   -0.254603      1.38437      1.57397      1.43333     -1.38651      1.59929    -0.371682
     0.24441     0.911985   -0.0167454      1.43333    0.0185226     0.796428     -1.33214
    0.232857     0.912002    0.0230366      1.43333   -0.0254789     0.796548     -1.28857
   -0.254652      1.36977       1.5687      1.43333     -1.37134      1.59613    -0.372338
   -0.254669      1.37891       1.5721      1.43333     -1.38085       1.5982    -0.371944
    0.239766     0.911965 -0.000752762      1.43333  0.000832841     0.796295     -1.31462
   -0.254679      1.37344      1.57011      1.43333     -1.37517        1.597    -0.372186
   -0.254634      1.38235      1.57329      1.43333     -1.38442       1.5989    -0.371781
    0.246675     0.912007   -0.0245421      1.43333    0.0271434     0.796582     -1.34067
    0.235122     0.911981    0.0152405      1.43333   -0.0168581     0.796405      -1.2971
    -0.25463      1.36798        1.568      1.43333     -1.36948      1.59569     -0.37241
   -0.254679      1.37712      1.57146      1.43333     -1.37899      1.59782    -0.372025
    0.242319     0.911971  -0.00954378      1.43333    0.0105575     0.796338     -1.32425
    0.230766     0.912029    0.0302369      1.43333   -0.0334377     0.796731     -1.28068