   -0.789055      1.84771      1.57083      1.39178      -1.8435      1.52213    -0.935099
   -0.299424      1.34267   0.00209737      1.39178  -0.00515904     0.407151     -1.83871
   -0.789026      1.84237      1.57362      1.39178      -1.8387      1.52569     -0.93605
   -0.789043      1.85129      1.56889      1.39178     -1.84672      1.51968    -0.934393
   -0.789052      1.84596      1.57175      1.39178     -1.84193       1.5233    -0.935424
   -0.297401      1.34268   -0.0169201      1.39178    0.0415989     0.407489     -1.88392
   -0.789053      1.84932      1.56996      1.39178     -1.84495      1.52103    -0.934788
   -0.300854      1.34267    0.0155301      1.39178   -0.0381843     0.407435     -1.80677
   -0.789041      1.84399      1.57278      1.39178     -1.84016      1.52462    -0.935775
   -0.789031      1.85268      1.56813      1.39178     -1.84797      1.51872    -0.934105
   -0.789055      1.84735      1.57102      1.39178     -1.84318      1.52237    -0.935167
    -0.29883      1.34267  -0.00348905      1.39178   0.00858268      0.40716     -1.85199
   -0.789022      1.84201       1.5738      1.39178     -1.83838      1.52592    -0.936109
   -0.789045      1.85094      1.56909      1.39178      -1.8464      1.51992    -0.934466
   -0.789049      1.84538      1.57206      1.39178     -1.84141      1.52369    -0.935529
   -0.789054      1.84896      1.57015      1.39178     -1.84463      1.52127    -0.934858
   -0.300488      1.34267    0.0120901      1.39178   -0.0297318     0.407321     -1.81495
   -0.789036      1.84341      1.57308      1.39178     -1.83964        1.525    -0.935874
   -0.789034      1.85233      1.56832      1.39178     -1.84765      1.51896    -0.934179
   -0.789055      1.84699      1.57121      1.39178     -1.84286      1.52261    -0.935233
   -0.298464      1.34267  -0.00692746      1.39178    0.0170394     0.407203     -1.86017
   -0.789017      1.84166      1.57398      1.39178     -1.83806      1.52616    -0.936168
   -0.789048      1.85036       1.5694      1.39178     -1.84588      1.52032    -0.934583
   -0.789047      1.84502      1.57224      1.39178     -1.84109      1.52393    -0.935592
   -0.789055      1.84839      1.57046      1.39178     -1.84411      1.52167     -0.93497
   -0.300122      1.34267   0.00865304      1.39178   -0.0212823     0.407236     -1.82312
   -0.789033      1.84305      1.57327      1.39178     -1.83932      1.52524    -0.935935
   -0.789039      1.85175      1.56864      1.39178     -1.84713      1.51936      -0.9343
   -0.789054      1.84664       1.5714      1.39178     -1.84254      1.52285      -0.9353
   -0.298098      1.34267   -0.0103675      1.39178    0.0254978     0.407275     -1.86835
    -0.78905         1.85       1.5696      1.39178     -1.84556      1.52057    -0.934654
   -0.789044      1.84444      1.57255      1.39178     -1.84057      1.52432    -0.935695
   -0.789021      1.85359      1.56763      1.39178     -1.84878      1.51809    -0.933913
   -0.789055      1.84803      1.57066      1.39178     -1.84379      1.52191    -0.935038
   -0.299756      1.34267   0.00521609      1.39178   -0.0128301     0.407178     -1.83129
   -0.789027      1.84247      1.57356      1.39178     -1.83879      1.52562    -0.936033
   -0.789042      1.85139      1.56884      1.39178     -1.84681      1.51961    -0.934373
   -0.789052      1.84606       1.5717      1.39178     -1.84202      1.52324    -0.935406
   -0.297503      1.34267    -0.015956      1.39178    0.0392309     0.407451     -1.88163
   -0.789052      1.84942      1.56991      1.39178     -1.84504      1.52096    -0.934769
   -0.300956      1.34267    0.0164962      1.39178   -0.0405572     0.407472     -1.80448
   -0.789041      1.84409      1.57273      1.39178     -1.84025      1.52455    -0.935757
   -0.789027      1.85301      1.56795      1.39178     -1.84826      1.51849    -0.934037
   -0.789055      1.84745      1.57096      1.39178     -1.84327       1.5223    -0.935148
   -0.299161      1.34267 -0.000371695      1.39178  0.000914539     0.407146     -1.84458