    -1.18823      1.44476      1.56971      1.52084     -1.44486      1.57599      -1.3191
    -1.18823      1.44476      1.56971      1.52084     -4.58645     -1.57599      1.82249
    -1.18823      1.45432      1.57177      1.52084     -1.45452      1.57756     -1.31891
    -1.18823      1.45432      1.57177      1.52084     -4.59611     -1.57756      1.82268
   -0.670685     0.953694   -0.0101972      1.52084    0.0134412     0.667132     -2.33912
   -0.670685     0.953694   -0.0101972      1.52084     -3.12815    -0.667132     0.802475
    -1.18825      1.44836      1.57052      1.52084      -1.4485      1.57662     -1.31904
    -1.18825      1.44836      1.57052      1.52084     -4.59009     -1.57662      1.82255
   -0.675402     0.953689   0.00636154      1.52084  -0.00838548     0.667094      -2.3171
   -0.675402     0.953689   0.00636154      1.52084     -3.14998    -0.667094     0.824488
    -1.18824      1.45221      1.57134      1.52084     -1.45238      1.57724     -1.31896
    -1.18824      1.45221      1.57134      1.52084     -4.59398     -1.57724      1.82263
   -0.668093     0.953712   -0.0192986      1.52084     0.025434     0.667291     -2.35121
   -0.668093     0.953712   -0.0192986      1.52084     -3.11616    -0.667291      0.79038
    -1.18824      1.44625      1.57005      1.52084     -1.44637      1.57626     -1.31908
    -1.18824      1.44625      1.57005      1.52084     -4.58796     -1.57626      1.82251
   -0.672809     0.953687  -0.00274032      1.52084   0.00361241     0.667075      -2.3292
   -0.672809     0.953687  -0.00274032      1.52084     -3.13798    -0.667075     0.812388
    -1.18825       1.4501       1.5709      1.52084     -1.45025      1.57691     -1.31901
    -1.18825       1.4501       1.5709      1.52084     -4.59184     -1.57691      1.82258
   -0.677233     0.953698    0.0127885      1.52084   -0.0168561     0.667167     -2.30856
   -0.677233     0.953698    0.0127885      1.52084     -3.15845    -0.667167     0.833031
    -1.18822      1.44437      1.56962      1.52084     -1.44447      1.57592     -1.31911
    -1.18822      1.44437      1.56962      1.52084     -4.58606     -1.57592      1.82248
    -1.18823       1.4537      1.57164      1.52084     -1.45389      1.57747     -1.31893
    -1.18823       1.4537      1.57164      1.52084     -4.59548     -1.57747      1.82266
   -0.670217     0.953696   -0.0118417      1.52084    0.0156086     0.667154      -2.3413
   -0.670217     0.953696   -0.0118417      1.52084     -3.12598    -0.667154     0.800289
    -1.18825      1.44798      1.57044      1.52084     -1.44812      1.57656     -1.31905
    -1.18825      1.44798      1.57044      1.52084     -4.58971     -1.57656      1.82254
    -0.67464     0.953688   0.00368673      1.52084  -0.00485968     0.667079     -2.32066
    -0.67464     0.953688   0.00368673      1.52084     -3.14645    -0.667079     0.820932
    -1.18824      1.45159      1.57121      1.52084     -1.45176      1.57715     -1.31898
    -1.18824      1.45159      1.57121      1.52084     -4.59335     -1.57715      1.82262
   -0.679357     0.953714    0.0202463      1.52084   -0.0266822     0.667313     -2.29865
   -0.679357     0.953714    0.0202463      1.52084     -3.16827    -0.667313     0.842941
    -1.18824      1.44587      1.56996      1.52084     -1.44598      1.57619     -1.31909
    -1.18824      1.44587      1.56996      1.52084     -4.58757     -1.57619      1.82251
   -0.672341     0.953688  -0.00438571      1.52084   0.00578131     0.667082     -2.33139
   -0.672341     0.953688  -0.00438571      1.52084     -3.13581    -0.667082       0.8102
    -1.18825      1.44971      1.57082      1.52084     -1.44986      1.57685     -1.31902
    -1.18825      1.44971      1.57082      1.52084     -4.59146     -1.57685      1.82258
   -0.676764     0.953695    0.0111447      1.52084   -0.0146898     0.667144     -2.31075
   -0.676764     0.953695    0.0111447      1.52084     -3.15628    -0.667144     0.830846
    -1.18822      1.44399      1.56953      1.52084     -1.44409      1.57585     -1.31912
    -1.18822      1.44399      1.56953      1.52084     -4.58568     -1.57585      1.82248
    -1.18824      1.45332      1.57157      1.52084      -1.4535      1.57742     -1.31894
    -1.18824      1.45332      1.57157      1.52084      -4.5951     -1.57742      1.82265
   -0.669748     0.953699   -0.0134876      1.52084    0.0177777     0.667178     -2.34349
   -0.669748     0.953699   -0.0134876      1.52084     -3.12382    -0.667178     0.798102
    -1.18824      1.44736       1.5703      1.52084     -1.44749      1.57645     -1.31906
    -1.18824      1.44736       1.5703      1.52084     -4.58908     -1.57645      1.82253
   -0.674172     0.953687   0.00204211      1.52084  -0.00269179     0.667073     -2.32285
   -0.674172     0.953687   0.00204211      1.52084     -3.14428    -0.667073     0.818746
    -1.18825      1.45121      1.57113      1.52084     -1.45137      1.57709     -1.31899
    -1.18825      1.45121      1.57113      1.52084     -4.59296     -1.57709      1.82261
   -0.678595     0.953707    0.0175727      1.52084   -0.0231601     0.667253      -2.3022
   -0.678595     0.953707    0.0175727      1.52084     -3.16475    -0.667253     0.839389
    -1.18823      1.44548      1.56987      1.52084     -1.44559      1.57612     -1.31909
    -1.18823      1.44548      1.56987      1.52084     -4.58719     -1.57612       1.8225
    -1.18822      1.45481      1.57187      1.52084     -1.45501      1.57764      -1.3189
    -1.18822      1.45481      1.57187      1.52084      -4.5966     -1.57764      1.82269
   -0.671579      0.95369  -0.00706047      1.52084   0.00930698       0.6671     -2.33495
   -0.671579      0.95369  -0.00706047      1.52084     -3.13229      -0.6671     0.806645
    -1.18825      1.44909      1.57068      1.52084     -1.44924      1.57674     -1.31903
    -1.18825      1.44909      1.57068      1.52084     -4.59083     -1.57674      1.82256
   -0.676296     0.953693   0.00949931      1.52084   -0.0125212     0.667124     -2.31293
   -0.676296     0.953693   0.00949931      1.52084     -3.15411    -0.667124      0.82866
    -1.18824      1.45294      1.57149      1.52084     -1.45312      1.57736     -1.31895
    -1.18824      1.45294      1.57149      1.52084     -4.59471     -1.57736      1.82265
   -0.668986     0.953704   -0.0161611      1.52084    0.0213005     0.667225     -2.34704
   -0.668986     0.953704   -0.0161611      1.52084     -3.12029    -0.667225     0.794549
    -1.18824      1.44698      1.57022      1.52084      -1.4471      1.57639     -1.31907
    -1.18824      1.44698      1.57022      1.52084      -4.5887     -1.57639      1.82252
   -0.673703     0.953687  0.000396609      1.52084 -0.000522685     0.667071     -2.32503
   -0.673703     0.953687  0.000396609      1.52084     -3.14212    -0.667071     0.816558
    -1.18825      1.45082      1.57105      1.52084     -1.45099      1.57703     -1.31899
    -1.18825      1.45082      1.57105      1.52084     -4.59258     -1.57703       1.8226
   -0.678127     0.953704    0.0159265      1.52084   -0.0209911      0.66722     -2.30439
   -0.678127     0.953704    0.0159265      1.52084     -3.16258     -0.66722     0.837202
    -1.18823       1.4451      1.56979      1.52084     -1.44521      1.57606      -1.3191
    -1.18823       1.4451      1.56979      1.52084      -4.5868     -1.57606      1.82249
    -1.18823      1.45443      1.57179      1.52084     -1.45463      1.57758     -1.31891
    -1.18823      1.45443      1.57179      1.52084     -4.59622     -1.57758      1.82268
    -0.67111     0.953692  -0.00870579      1.52084    0.0114756     0.667115     -2.33714
    -0.67111     0.953692  -0.00870579      1.52084     -3.13012    -0.667115     0.804458
    -1.18825      1.44871       1.5706      1.52084     -1.44885      1.57668     -1.31904
    -1.18825      1.44871       1.5706      1.52084     -4.59044     -1.57668      1.82256
   -0.675534      0.95369    0.0068239      1.52084   -0.0089949     0.667098     -2.31649
   -0.675534      0.95369    0.0068239      1.52084     -3.15059    -0.667098     0.825103
    -1.18824      1.45256      1.57141      1.52084     -1.45273       1.5773     -1.31896
    -1.18824      1.45256      1.57141      1.52084     -4.59433      -1.5773      1.82264
   -0.668517     0.953708   -0.0178079      1.52084    0.0234702     0.667258     -2.34923
   -0.668517     0.953708   -0.0178079      1.52084     -3.11812    -0.667258      0.79236
    -1.18824       1.4466      1.57013      1.52084     -1.44672      1.57632     -1.31907
    -1.18824       1.4466      1.57013      1.52084     -4.58831     -1.57632      1.82252
   -0.673234     0.953687  -0.00124872      1.52084   0.00164619     0.667072     -2.32722
   -0.673234     0.953687  -0.00124872      1.52084     -3.13995    -0.667072     0.814371
    -1.18825       1.4502      1.57092      1.52084     -1.45036      1.57693     -1.31901
    -1.18825       1.4502      1.57092      1.52084     -4.59195     -1.57693      1.82259
   -0.677658       0.9537    0.0142818      1.52084    -0.018824     0.667191     -2.30658
   -0.677658       0.9537    0.0142818      1.52084     -3.16042    -0.667191     0.835016
    -1.18823      1.44472       1.5697      1.52084     -1.44482      1.57599      -1.3191
    -1.18823      1.44472       1.5697      1.52084     -4.58641     -1.57599      1.82249
    -1.18823      1.45381      1.57167      1.52084       -1.454      1.57749     -1.31893
    -1.18823      1.45381      1.57167      1.52084     -4.59559     -1.57749      1.82267