   -0.696566      1.25012      1.56967      1.95638     -1.27263      1.45097    -0.284501
   -0.696566      1.25012      1.56967      1.95638     -4.41423     -1.45097      2.85709
   -0.696514      1.26144      1.57456      1.95638     -1.28157      1.45938    -0.281904
   -0.696514      1.26144      1.57456      1.95638     -4.42317     -1.45938      2.85969
  -0.0441664     0.695662   -0.0231433      1.95638    0.0315256     0.489886     -1.61587
  -0.0441664     0.695662   -0.0231433      1.95638     -3.11007    -0.489886      1.52572
  -0.0613812     0.695624    0.0143181      1.95638   -0.0195081     0.489715     -1.55929
  -0.0613812     0.695624    0.0143181      1.95638      -3.1611    -0.489715       1.5823
   -0.696569      1.25439      1.57155      1.95638     -1.27599      1.45417    -0.283517
   -0.696569      1.25439      1.57155      1.95638     -4.41759     -1.45417      2.85808
  -0.0508227      0.69561  -0.00865842      1.95638    0.0117983     0.489647       -1.594
  -0.0508227      0.69561  -0.00865842      1.95638     -3.12979    -0.489647      1.54759
  -0.0684776     0.695701    0.0297611      1.95638   -0.0405301     0.490067     -1.53598
  -0.0684776     0.695701    0.0297611      1.95638     -3.18212    -0.490067      1.60561
   -0.696552      1.24762      1.56854      1.95638     -1.27067      1.44907    -0.285081
   -0.696552      1.24762      1.56854      1.95638     -4.41226     -1.44907      2.85651
   -0.696542      1.25894      1.57351      1.95638     -1.27959      1.45755    -0.282474
   -0.696542      1.25894      1.57351      1.95638     -4.42118     -1.45755      2.85912
   -0.040266     0.695714   -0.0316314      1.95638    0.0430741     0.490126     -1.62867
   -0.040266     0.695714   -0.0316314      1.95638     -3.09852    -0.490126      1.51292
  -0.0579207     0.695607   0.00678762      1.95638  -0.00924896     0.489632     -1.57066
  -0.0579207     0.695607   0.00678762      1.95638     -3.15084    -0.489632      1.57093
   -0.696571      1.25217      1.57058      1.95638     -1.27424      1.45251    -0.284028
   -0.696571      1.25217      1.57058      1.95638     -4.41584     -1.45251      2.85756
  -0.0469213     0.695635   -0.0171483      1.95638    0.0233632     0.489761     -1.60682
  -0.0469213     0.695635   -0.0171483      1.95638     -3.11823    -0.489761      1.53477
   -0.064577     0.695652    0.0212727      1.95638   -0.0289789     0.489843     -1.54879
   -0.064577     0.695652    0.0212727      1.95638     -3.17057    -0.489843       1.5928
   -0.696529      1.24512      1.56739      1.95638     -1.26871      1.44716    -0.285663
   -0.696529      1.24512      1.56739      1.95638      -4.4103     -1.44716      2.85593
   -0.696561      1.25644      1.57244      1.95638     -1.27761       1.4557    -0.283047
   -0.696561      1.25644      1.57244      1.95638      -4.4192      -1.4557      2.85855
   -0.054019     0.695602  -0.00170286      1.95638   0.00232065      0.48961     -1.58349
   -0.054019     0.695602  -0.00170286      1.95638     -3.13927     -0.48961       1.5581
  -0.0712317     0.695746    0.0357547      1.95638   -0.0486792     0.490271     -1.52695
  -0.0712317     0.695746    0.0357547      1.95638     -3.19027    -0.490271      1.61465
   -0.696565      1.24967      1.56947      1.95638     -1.27228      1.45063    -0.284606
   -0.696565      1.24967      1.56947      1.95638     -4.41387     -1.45063      2.85699
   -0.696523       1.2607      1.57425      1.95638     -1.28099      1.45884    -0.282071
   -0.696523       1.2607      1.57425      1.95638     -4.42258     -1.45884      2.85952
  -0.0430204     0.695676   -0.0256373      1.95638      0.03492     0.489949     -1.61963
  -0.0430204     0.695676   -0.0256373      1.95638     -3.10667    -0.489949      1.52196
  -0.0606759      0.69562    0.0127832      1.95638   -0.0174174     0.489693     -1.56161
  -0.0606759      0.69562    0.0127832      1.95638     -3.15901    -0.489693      1.57998
    -0.69657      1.25394      1.57136      1.95638     -1.27564      1.45384    -0.283621
    -0.69657      1.25394      1.57136      1.95638     -4.41723     -1.45384      2.85797
  -0.0501174     0.695613   -0.0101932      1.95638    0.0138894     0.489662     -1.59632
  -0.0501174     0.695613   -0.0101932      1.95638      -3.1277    -0.489662      1.54528
  -0.0673317     0.695685    0.0272673      1.95638   -0.0371375     0.489994     -1.53974
  -0.0673317     0.695685    0.0272673      1.95638     -3.17873    -0.489994      1.60185
   -0.696549      1.24717      1.56834      1.95638     -1.27031      1.44873    -0.285186
   -0.696549      1.24717      1.56834      1.95638     -4.41191     -1.44873      2.85641
   -0.696548       1.2582       1.5732      1.95638     -1.27901        1.457    -0.282642
   -0.696548       1.2582       1.5732      1.95638      -4.4206       -1.457      2.85895
   -0.039561     0.695726   -0.0331657      1.95638    0.0451604     0.490178     -1.63099
   -0.039561     0.695726   -0.0331657      1.95638     -3.09643    -0.490178       1.5106
  -0.0567743     0.695603   0.00429293      1.95638  -0.00584969     0.489618     -1.57443
  -0.0567743     0.695603   0.00429293      1.95638     -3.14744    -0.489618      1.56716
    -0.69657      1.25144      1.57026      1.95638     -1.27367      1.45196    -0.284198
    -0.69657      1.25144      1.57026      1.95638     -4.41526     -1.45196       2.8574
  -0.0462161     0.695641   -0.0186831      1.95638    0.0254533     0.489789     -1.60914
  -0.0462161     0.695641   -0.0186831      1.95638     -3.11614    -0.489789      1.53246
  -0.0638718     0.695645     0.019738      1.95638   -0.0268894      0.48981     -1.55111
  -0.0638718     0.695645     0.019738      1.95638     -3.16848     -0.48981      1.59049
   -0.696524      1.24467      1.56719      1.95638     -1.26836      1.44682    -0.285768
   -0.696524      1.24467      1.56719      1.95638     -4.40995     -1.44682      2.85582
   -0.696563      1.25599      1.57225      1.95638     -1.27725      1.45536    -0.283151
   -0.696563      1.25599      1.57225      1.95638     -4.41885     -1.45536      2.85844
  -0.0533137     0.695602  -0.00323777      1.95638   0.00441222     0.489614     -1.58581
  -0.0533137     0.695602  -0.00323777      1.95638     -3.13718    -0.489614      1.55578
  -0.0705267     0.695734    0.0342204      1.95638   -0.0465938     0.490215     -1.52926
  -0.0705267     0.695734    0.0342204      1.95638     -3.18819    -0.490215      1.61233
   -0.696561      1.24894      1.56914      1.95638      -1.2717      1.45007    -0.284776
   -0.696561      1.24894      1.56914      1.95638     -4.41329     -1.45007      2.85682
   -0.696529      1.26025      1.57406      1.95638     -1.28063      1.45851    -0.282174
   -0.696529      1.26025      1.57406      1.95638     -4.42222     -1.45851      2.85942
  -0.0423153     0.695685   -0.0271718      1.95638     0.037008     0.489991     -1.62195
  -0.0423153     0.695685   -0.0271718      1.95638     -3.10458    -0.489991      1.51964
  -0.0599706     0.695616    0.0112484      1.95638   -0.0153266     0.489674     -1.56393
  -0.0599706     0.695616    0.0112484      1.95638     -3.15692    -0.489674      1.57767
   -0.696571      1.25349      1.57116      1.95638     -1.27528       1.4535    -0.283725
   -0.696571      1.25349      1.57116      1.95638     -4.41687      -1.4535      2.85787
  -0.0494121     0.695617    -0.011728      1.95638    0.0159803      0.48968     -1.59863
  -0.0494121     0.695617    -0.011728      1.95638     -3.12561     -0.48968      1.54296
  -0.0666265     0.695676    0.0257328      1.95638   -0.0350496     0.489951     -1.54206
  -0.0666265     0.695676    0.0257328      1.95638     -3.17664    -0.489951      1.59953
   -0.696543      1.24644        1.568      1.95638     -1.26974      1.44817    -0.285357
   -0.696543      1.24644        1.568      1.95638     -4.41133     -1.44817      2.85624
   -0.696552      1.25775        1.573      1.95638     -1.27865      1.45667    -0.282746
   -0.696552      1.25775        1.573      1.95638     -4.42024     -1.45667      2.85885
  -0.0384152     0.695745   -0.0356592      1.95638    0.0485498     0.490267     -1.63475
  -0.0384152     0.695745   -0.0356592      1.95638     -3.09304    -0.490267      1.50685
   -0.056069     0.695602   0.00275809      1.95638  -0.00375823     0.489612     -1.57675
   -0.056069     0.695602   0.00275809      1.95638     -3.14535    -0.489612      1.56484
   -0.696569      1.25099      1.57005      1.95638     -1.27331      1.45162    -0.284302
   -0.696569      1.25099      1.57005      1.95638      -4.4149     -1.45162      2.85729
  -0.0455108     0.695647   -0.0202177      1.95638    0.0275429      0.48982     -1.61145
  -0.0455108     0.695647   -0.0202177      1.95638     -3.11405     -0.48982      1.53014
  -0.0627256     0.695635    0.0172438      1.95638    -0.023493     0.489762     -1.55487
  -0.0627256     0.695635    0.0172438      1.95638     -3.16509    -0.489762      1.58672
   -0.696518      1.24422      1.56698      1.95638       -1.268      1.44647    -0.285874
   -0.696518      1.24422      1.56698      1.95638     -4.40959     -1.44647      2.85572
   -0.696565      1.25554      1.57205      1.95638      -1.2769      1.45503    -0.283254
   -0.696565      1.25554      1.57205      1.95638     -4.41849     -1.45503      2.85834
  -0.0521673     0.695605  -0.00573229      1.95638   0.00781135     0.489625     -1.58958
  -0.0521673     0.695605  -0.00573229      1.95638     -3.13378    -0.489625      1.55201
  -0.0698217     0.695722    0.0326862      1.95638    -0.044508     0.490162     -1.53157
  -0.0698217     0.695722    0.0326862      1.95638      -3.1861    -0.490162      1.61002
   -0.696558      1.24849      1.56893      1.95638     -1.27135      1.44973    -0.284881
   -0.696558      1.24849      1.56893      1.95638     -4.41294     -1.44973      2.85671
   -0.696536      1.25952      1.57375      1.95638     -1.28005      1.45797    -0.282342
   -0.696536      1.25952      1.57375      1.95638     -4.42164     -1.45797      2.85925
  -0.0416102     0.695695   -0.0287063      1.95638    0.0390957     0.490035     -1.62426
  -0.0416102     0.695695   -0.0287063      1.95638      -3.1025    -0.490035      1.51733
  -0.0588243      0.69561   0.00875382      1.95638    -0.011928     0.489648     -1.56769
  -0.0588243      0.69561   0.00875382      1.95638     -3.15352    -0.489648       1.5739
   -0.696571      1.25275      1.57084      1.95638      -1.2747      1.45295    -0.283894
   -0.696571      1.25275      1.57084      1.95638     -4.41629     -1.45295       2.8577
  -0.0482658     0.695624   -0.0142225      1.95638    0.0193783     0.489713      -1.6024
  -0.0482658     0.695624   -0.0142225      1.95638     -3.12221    -0.489713      1.53919
  -0.0659214     0.695668    0.0241983      1.95638   -0.0329612     0.489912     -1.54438
  -0.0659214     0.695668    0.0241983      1.95638     -3.17455    -0.489912      1.59722
   -0.696538      1.24599      1.56779      1.95638     -1.26938      1.44782    -0.285462
   -0.696538      1.24599      1.56779      1.95638     -4.41098     -1.44782      2.85613
   -0.696557      1.25702      1.57269      1.95638     -1.27807      1.45613    -0.282914
   -0.696557      1.25702      1.57269      1.95638     -4.41966     -1.45613      2.85868
  -0.0377103     0.695758   -0.0371933      1.95638    0.0506346     0.490325     -1.63706
  -0.0377103     0.695758   -0.0371933      1.95638     -3.09096    -0.490325      1.50453
  -0.0549226     0.695601  0.000263486      1.95638 -0.000358875     0.489608     -1.58052
  -0.0549226     0.695601  0.000263486      1.95638     -3.14195    -0.489608      1.56107
   -0.696567      1.25025      1.56973      1.95638     -1.27273      1.45107    -0.284472
   -0.696567      1.25025      1.56973      1.95638     -4.41433     -1.45107      2.85712
   -0.696513      1.26157      1.57461      1.95638     -1.28167      1.45948    -0.281874
   -0.696513      1.26157      1.57461      1.95638     -4.42327     -1.45948      2.85972
  -0.0443647      0.69566   -0.0227118      1.95638    0.0309383     0.489876     -1.61522
  -0.0443647      0.69566   -0.0227118      1.95638     -3.11065    -0.489876      1.52637
  -0.0620204     0.695629    0.0157091      1.95638   -0.0214028     0.489736     -1.55719
  -0.0620204     0.695629    0.0157091      1.95638       -3.163    -0.489736       1.5844
   -0.696509      1.24349      1.56663      1.95638     -1.26743       1.4459    -0.286045
   -0.696509      1.24349      1.56663      1.95638     -4.40902      -1.4459      2.85555
   -0.696568       1.2548      1.57173      1.95638     -1.27632      1.45448    -0.283423
   -0.696568       1.2548      1.57173      1.95638     -4.41791     -1.45448      2.85817
   -0.051462     0.695607  -0.00726717      1.95638   0.00990272     0.489636      -1.5919
   -0.051462     0.695607  -0.00726717      1.95638     -3.13169    -0.489636       1.5497
  -0.0686758     0.695704    0.0301925      1.95638   -0.0411168     0.490081     -1.53533
  -0.0686758     0.695704    0.0301925      1.95638     -3.18271    -0.490081      1.60626
   -0.696555      1.24803      1.56873      1.95638     -1.27099      1.44938    -0.284986
   -0.696555      1.24803      1.56873      1.95638     -4.41258     -1.44938      2.85661
   -0.696541      1.25907      1.57356      1.95638     -1.27969      1.45764    -0.282445
   -0.696541      1.25907      1.57356      1.95638     -4.42128     -1.45764      2.85915
  -0.0404643     0.695711      -0.0312      1.95638    0.0424875     0.490113     -1.62802
  -0.0404643     0.695711      -0.0312      1.95638     -3.09911    -0.490113      1.51357
  -0.0581189     0.695607    0.0072191      1.95638  -0.00983688     0.489635     -1.57001
  -0.0581189     0.695607    0.0072191      1.95638     -3.15143    -0.489635      1.57158
   -0.696571       1.2523      1.57064      1.95638     -1.27434      1.45261    -0.283999
   -0.696571       1.2523      1.57064      1.95638     -4.41594     -1.45261      2.85759
  -0.0475605     0.695629   -0.0157572      1.95638    0.0214687     0.489737     -1.60472
  -0.0475605     0.695629   -0.0157572      1.95638     -3.12012    -0.489737      1.53687
  -0.0647753     0.695655    0.0217042      1.95638   -0.0295663     0.489852     -1.54814
  -0.0647753     0.695655    0.0217042      1.95638     -3.17116    -0.489852      1.59345
   -0.696534      1.24553      1.56758      1.95638     -1.26903      1.44748    -0.285567
   -0.696534      1.24553      1.56758      1.95638     -4.41062     -1.44748      2.85603
   -0.696558      1.25685      1.57262      1.95638     -1.27793        1.456    -0.282953
   -0.696558      1.25685      1.57262      1.95638     -4.41953       -1.456      2.85864
  -0.0542173     0.695601  -0.00127137      1.95638   0.00173265     0.489609     -1.58284
  -0.0542173     0.695601  -0.00127137      1.95638     -3.13986    -0.489609      1.55875
  -0.0718706     0.695757    0.0371452      1.95638   -0.0505689     0.490323     -1.52485
  -0.0718706     0.695757    0.0371452      1.95638     -3.19216    -0.490323      1.61674
   -0.696565       1.2498      1.56952      1.95638     -1.27238      1.45072    -0.284577
   -0.696565       1.2498      1.56952      1.95638     -4.41397     -1.45072      2.85702
   -0.696518      1.26111      1.57442      1.95638     -1.28131      1.45914    -0.281978
   -0.696518      1.26111      1.57442      1.95638     -4.42291     -1.45914      2.85962