   -0.567371      1.25567   -0.0131283      1.87694     0.945521    0.0153907      -2.9756
   -0.571755      1.25567    0.0108683      1.87694    -0.854002    0.0137068     -1.17312
   -0.569185      1.25567  -0.00319403      1.87694     0.325714   0.00949331     -2.35457
    -0.57357      1.25568    0.0207999      1.87694     -1.14197    0.0217468    -0.883932
      -0.571      1.25567   0.00673747      1.87694    -0.618784    0.0110432     -1.40885
   -0.568721      1.25567  -0.00573564      1.87694     0.545045    0.0105179     -2.57421
   -0.573105      1.25567    0.0182562      1.87694      -1.0911    0.0195651    -0.935119
   -0.570536      1.25567    0.0041948      1.87694    -0.417433   0.00983257     -1.61051
   -0.568256      1.25567  -0.00828052      1.87694     0.718772    0.0119555     -2.74825
   -0.572641      1.25567    0.0157152      1.87694     -1.02769    0.0174524    -0.998845
   -0.570071      1.25567   0.00165164      1.87694    -0.172905   0.00912841     -1.85535
   -0.567501      1.25567   -0.0124116      1.87694     0.918772    0.0148466     -2.94876
   -0.571886      1.25567     0.011584      1.87694    -0.885324    0.0142275     -1.14171
   -0.569607      1.25567 -0.000891685      1.87694    0.0940278   0.00902993      -2.1226