   -0.318899     0.777757   -0.0201201      1.83775    0.0281036     0.526357     -1.91088
    -0.33407     0.777746    0.0172398      1.83775    -0.024082     0.526296     -1.85431
    -0.93345      1.32386      1.56918      1.83775     -1.33268      1.50476    -0.657145
   -0.933433      1.33478      1.57304      1.83775     -1.34229      1.51118    -0.655602
   -0.309209     0.777913   -0.0439825      1.83775    0.0613666     0.527232     -1.94694
   -0.324766     0.777719  -0.00567397      1.83775   0.00792764     0.526144     -1.88901
   -0.340324     0.777824    0.0326409      1.83775   -0.0455705     0.526735     -1.83101
   -0.933372      1.31733       1.5667      1.83775     -1.32697      1.50077     -0.65807
   -0.933465      1.32825      1.57077      1.83775     -1.33653      1.50738    -0.656525
   -0.933379       1.3389       1.5744      1.83775     -1.34593      1.51352     -0.65502
   -0.315462     0.777799   -0.0285864      1.83775    0.0399174     0.526593     -1.92369
   -0.330632     0.777724   0.00877285      1.83775   -0.0122566     0.526169     -1.86713
   -0.346188     0.777941    0.0470803      1.83775   -0.0656751     0.527393     -1.80921
   -0.933429      1.32145      1.56828      1.83775     -1.33056      1.50329    -0.657487
   -0.933452      1.33237      1.57222      1.83775     -1.34016      1.50979    -0.655943
   -0.321327     0.777736   -0.0141414      1.83775    0.0197556      0.52624     -1.90183
   -0.336887     0.777776    0.0241766      1.83775   -0.0337651      0.52646     -1.84381
    -0.93346      1.32584       1.5699      1.83775     -1.33441      1.50594    -0.656866
   -0.933414      1.33648      1.57361      1.83775     -1.34379      1.51216    -0.655361
   -0.312025     0.777856   -0.0370498      1.83775    0.0517148     0.526911     -1.93648
   -0.327194     0.777716   0.00030604      1.83775 -0.000427436     0.526126     -1.87995
   -0.342751     0.777868    0.0386179      1.83775   -0.0538986     0.526978     -1.82198
   -0.933403      1.31931      1.56746      1.83775     -1.32869      1.50198     -0.65779
   -0.933463      1.32996      1.57138      1.83775     -1.33803      1.50838    -0.656284
   -0.933345      1.34087      1.57504      1.83775     -1.34768      1.51463     -0.65474
   -0.317889     0.777768   -0.0226075      1.83775    0.0315756     0.526418     -1.91464
   -0.333449     0.777741    0.0157101      1.83775    -0.021946     0.526267     -1.85662
   -0.933447      1.32343      1.56902      1.83775      -1.3323      1.50449    -0.657207
   -0.933437      1.33434      1.57289      1.83775      -1.3419      1.51093    -0.655664
   -0.308588     0.777927   -0.0455122      1.83775    0.0634946      0.52731     -1.94925
   -0.323755     0.777723  -0.00816199      1.83775    0.0114035     0.526164     -1.89278
   -0.339314     0.777809    0.0301541      1.83775   -0.0421034     0.526646     -1.83477
   -0.933365       1.3169      1.56653      1.83775     -1.32659      1.50049    -0.658132
   -0.933464      1.32754      1.57052      1.83775     -1.33591      1.50696    -0.656625
   -0.933386      1.33846      1.57426      1.83775     -1.34554      1.51328    -0.655081
   -0.314452     0.777814   -0.0310723      1.83775    0.0433841     0.526678     -1.92745
   -0.330011     0.777721   0.00724205      1.83775    -0.010118     0.526156     -1.86944
   -0.345178     0.777918    0.0445942      1.83775   -0.0622173     0.527263     -1.81296
   -0.933424      1.32101      1.56811      1.83775     -1.33018      1.50303    -0.657549
   -0.933455      1.33193      1.57207      1.83775     -1.33977      1.50954    -0.656005
   -0.320706     0.777741   -0.0156718      1.83775    0.0218928     0.526266     -1.90415
   -0.335877     0.777764     0.021689      1.83775   -0.0302934     0.526395     -1.84757
   -0.933457      1.32513      1.56965      1.83775     -1.33379      1.50552    -0.656966
   -0.933419      1.33605      1.57346      1.83775     -1.34341      1.51191    -0.655423
   -0.311015     0.777875   -0.0395358      1.83775    0.0551771     0.527019     -1.94023
   -0.326572     0.777716  -0.00122517      1.83775   0.00171197     0.526127     -1.88227
    -0.34213     0.777856    0.0370872      1.83775   -0.0517665     0.526912     -1.82429
   -0.933392       1.3186      1.56719      1.83775     -1.32807      1.50155    -0.657891
   -0.933464      1.32952      1.57122      1.83775     -1.33765      1.50812    -0.656346
   -0.933358      1.34016      1.57481      1.83775     -1.34705      1.51424     -0.65484
   -0.317268     0.777775   -0.0241383      1.83775     0.033712     0.526459     -1.91696
   -0.332827     0.777737    0.0141792      1.83775   -0.0198081     0.526241     -1.85894
   -0.933441      1.32272      1.56875      1.83775     -1.33167      1.50406    -0.657308
   -0.933443      1.33364      1.57265      1.83775     -1.34128      1.51052    -0.655764
   -0.307967     0.777941   -0.0470415      1.83775    0.0656215     0.527391     -1.95156
   -0.323134     0.777726  -0.00969228      1.83775    0.0135413     0.526179     -1.89509
   -0.338693     0.777799    0.0286235      1.83775   -0.0399688     0.526594     -1.83708
   -0.933352      1.31619      1.56625      1.83775     -1.32597      1.50005    -0.658233
   -0.933464      1.32711      1.57036      1.83775     -1.33553       1.5067    -0.656687
   -0.933393      1.33802      1.57412      1.83775     -1.34516      1.51303    -0.655143
    -0.31383     0.777824   -0.0326032      1.83775    0.0455183     0.526734     -1.92976
   -0.329389      0.77772    0.0057117      1.83775  -0.00798003     0.526144     -1.87176
   -0.344557     0.777904    0.0430633      1.83775   -0.0600872     0.527186     -1.81527
   -0.933419      1.32058      1.56795      1.83775      -1.3298      1.50276     -0.65761
   -0.933458      1.33122      1.57182      1.83775     -1.33915      1.50912    -0.656105
   -0.319696      0.77775   -0.0181593      1.83775    0.0253662     0.526314     -1.90791
   -0.335255     0.777757    0.0201578      1.83775   -0.0281559     0.526358     -1.84989
   -0.933455      1.32469      1.56949      1.83775     -1.33341      1.50526    -0.657028
   -0.933424      1.33561      1.57332      1.83775     -1.34302      1.51166    -0.655485
   -0.310394     0.777887   -0.0410661      1.83775    0.0573077      0.52709     -1.94254
   -0.325951     0.777717  -0.00275579      1.83775   0.00385053      0.52613     -1.88459
   -0.341509     0.777845    0.0355582      1.83775   -0.0496363     0.526849      -1.8266
   -0.933386      1.31817      1.56702      1.83775     -1.32769      1.50128    -0.657952
   -0.933464      1.32908      1.57107      1.83775     -1.33726      1.50787    -0.656407
   -0.933365      1.33973      1.57467      1.83775     -1.34666      1.51399    -0.654902
   -0.316646     0.777783   -0.0256684      1.83775     0.035847     0.526503     -1.91927
   -0.331817      0.77773    0.0116909      1.83775   -0.0163327     0.526204     -1.86271
   -0.347372      0.77797    0.0499944      1.83775    -0.069726     0.527554     -1.80482
   -0.933437      1.32228      1.56859      1.83775     -1.33129       1.5038    -0.657369
   -0.933449      1.33293      1.57241      1.83775     -1.34065      1.51011    -0.655864
   -0.307346     0.777956    -0.048571      1.83775     0.067748     0.527474     -1.95386
   -0.322512     0.777729   -0.0112229      1.83775    0.0156793     0.526198     -1.89741
   -0.338072     0.777791    0.0270937      1.83775   -0.0378351     0.526545     -1.83939
   -0.933344      1.31575      1.56608      1.83775     -1.32559      1.49978    -0.658295
   -0.933463      1.32667      1.57021      1.83775     -1.33514      1.50644    -0.656748
   -0.933403      1.33732      1.57389      1.83775     -1.34453      1.51263    -0.655244
   -0.313209     0.777835    -0.034133      1.83775    0.0476506     0.526792     -1.93207
   -0.328379     0.777717    0.0032236      1.83775  -0.00450381     0.526131     -1.87553
   -0.343936     0.777892    0.0415345      1.83775   -0.0579595     0.527112     -1.81757
   -0.933414      1.32014      1.56778      1.83775     -1.32942       1.5025    -0.657672
    -0.93346      1.33079      1.57167      1.83775     -1.33876      1.50887    -0.656167
   -0.319074     0.777756   -0.0196905      1.83775     0.027504     0.526347     -1.91023
   -0.334245     0.777748    0.0176708      1.83775   -0.0246838     0.526304     -1.85365
   -0.933452      1.32426      1.56932      1.83775     -1.33303      1.50499     -0.65709
   -0.933429      1.33518      1.57317      1.83775     -1.34264      1.51141    -0.655546
   -0.309772       0.7779   -0.0425957      1.83775    0.0594367     0.527163     -1.94485
    -0.32494     0.777719  -0.00524357      1.83775   0.00732632     0.526141     -1.88836
   -0.340499     0.777827    0.0330715      1.83775   -0.0461708     0.526751     -1.83036
   -0.933374      1.31746      1.56675      1.83775     -1.32707      1.50084    -0.658053
   -0.933465      1.32865      1.57091      1.83775     -1.33688      1.50761    -0.656469
   -0.933373      1.33929      1.57453      1.83775     -1.34628      1.51375    -0.654964
   -0.315636     0.777797   -0.0281553      1.83775    0.0393162     0.526579     -1.92304
   -0.330807     0.777725   0.00920367      1.83775   -0.0128584     0.526174     -1.86647
   -0.346362     0.777945    0.0475093      1.83775   -0.0662715     0.527416     -1.80856
   -0.933433      1.32185      1.56843      1.83775     -1.33091      1.50354    -0.657431
    -0.93345      1.33276      1.57235      1.83775     -1.34051      1.51002    -0.655887
   -0.321502     0.777735   -0.0137105      1.83775    0.0191538     0.526233     -1.90118
   -0.337062     0.777778    0.0246058      1.83775    -0.034364     0.526472     -1.84316
   -0.933335      1.31532      1.56591      1.83775     -1.32521      1.49951    -0.658357
   -0.933461      1.32596      1.56995      1.83775     -1.33452      1.50601    -0.656849
   -0.933405      1.33715      1.57383      1.83775     -1.34438      1.51254    -0.655267
   -0.312199     0.777852   -0.0366199      1.83775    0.0511158     0.526892     -1.93583
   -0.327757     0.777717    0.0016934      1.83775  -0.00236584     0.526127     -1.87785
   -0.343314     0.777879    0.0400042      1.83775    -0.055829     0.527041     -1.81989
   -0.933408      1.31971      1.56762      1.83775     -1.32904      1.50223    -0.657734
   -0.933462      1.33008      1.57142      1.83775     -1.33814      1.50845    -0.656267
   -0.318064     0.777766   -0.0221776      1.83775    0.0309756     0.526407     -1.91399
   -0.333624     0.777743    0.0161404      1.83775   -0.0225469     0.526275     -1.85597