   -0.696566      1.25012      1.56967      1.95638     -1.27263      1.45097    -0.276083
   -0.696566      1.25012      1.56967      1.95638     -4.41423     -1.45097      2.86551
   -0.696514      1.26144      1.57456      1.95638     -1.28157      1.45938    -0.273485
   -0.696514      1.26144      1.57456      1.95638     -4.42317     -1.45938      2.86811
  -0.0441664     0.695662   -0.0231433      1.95638    0.0315256     0.489886     -1.60745
  -0.0441664     0.695662   -0.0231433      1.95638     -3.11007    -0.489886      1.53414
  -0.0613812     0.695624    0.0143181      1.95638   -0.0195081     0.489715     -1.55087
  -0.0613812     0.695624    0.0143181      1.95638      -3.1611    -0.489715      1.59072
   -0.696569      1.25439      1.57155      1.95638     -1.27599      1.45417    -0.275099
   -0.696569      1.25439      1.57155      1.95638     -4.41759     -1.45417      2.86649
  -0.0508227      0.69561  -0.00865842      1.95638    0.0117983     0.489647     -1.58558
  -0.0508227      0.69561  -0.00865842      1.95638     -3.12979    -0.489647      1.55601
  -0.0684776     0.695701    0.0297611      1.95638   -0.0405301     0.490067     -1.52756
  -0.0684776     0.695701    0.0297611      1.95638     -3.18212    -0.490067      1.61403
   -0.696552      1.24762      1.56854      1.95638     -1.27067      1.44907    -0.276662
   -0.696552      1.24762      1.56854      1.95638     -4.41226     -1.44907      2.86493
   -0.696542      1.25894      1.57351      1.95638     -1.27959      1.45755    -0.274055
   -0.696542      1.25894      1.57351      1.95638     -4.42118     -1.45755      2.86754
   -0.040266     0.695714   -0.0316314      1.95638    0.0430741     0.490126     -1.62026
   -0.040266     0.695714   -0.0316314      1.95638     -3.09852    -0.490126      1.52134
  -0.0579207     0.695607   0.00678762      1.95638  -0.00924896     0.489632     -1.56225
  -0.0579207     0.695607   0.00678762      1.95638     -3.15084    -0.489632      1.57935
   -0.696571      1.25217      1.57058      1.95638     -1.27424      1.45251    -0.275609
   -0.696571      1.25217      1.57058      1.95638     -4.41584     -1.45251      2.86598
  -0.0469213     0.695635   -0.0171483      1.95638    0.0233632     0.489761      -1.5984
  -0.0469213     0.695635   -0.0171483      1.95638     -3.11823    -0.489761      1.54319
   -0.064577     0.695652    0.0212727      1.95638   -0.0289789     0.489843     -1.54037
   -0.064577     0.695652    0.0212727      1.95638     -3.17057    -0.489843      1.60122
   -0.696529      1.24512      1.56739      1.95638     -1.26871      1.44716    -0.277244
   -0.696529      1.24512      1.56739      1.95638      -4.4103     -1.44716      2.86435
   -0.696561      1.25644      1.57244      1.95638     -1.27761       1.4557    -0.274628
   -0.696561      1.25644      1.57244      1.95638      -4.4192      -1.4557      2.86696
   -0.054019     0.695602  -0.00170286      1.95638   0.00232065      0.48961     -1.57507
   -0.054019     0.695602  -0.00170286      1.95638     -3.13927     -0.48961      1.56652
  -0.0712317     0.695746    0.0357547      1.95638   -0.0486792     0.490271     -1.51853
  -0.0712317     0.695746    0.0357547      1.95638     -3.19027    -0.490271      1.62306
   -0.696565      1.24967      1.56947      1.95638     -1.27228      1.45063    -0.276187
   -0.696565      1.24967      1.56947      1.95638     -4.41387     -1.45063      2.86541
   -0.696523       1.2607      1.57425      1.95638     -1.28099      1.45884    -0.273652
   -0.696523       1.2607      1.57425      1.95638     -4.42258     -1.45884      2.86794
  -0.0430204     0.695676   -0.0256373      1.95638      0.03492     0.489949     -1.61121
  -0.0430204     0.695676   -0.0256373      1.95638     -3.10667    -0.489949      1.53038
  -0.0606759      0.69562    0.0127832      1.95638   -0.0174174     0.489693     -1.55319
  -0.0606759      0.69562    0.0127832      1.95638     -3.15901    -0.489693       1.5884
    -0.69657      1.25394      1.57136      1.95638     -1.27564      1.45384    -0.275202
    -0.69657      1.25394      1.57136      1.95638     -4.41723     -1.45384      2.86639
  -0.0501174     0.695613   -0.0101932      1.95638    0.0138894     0.489662      -1.5879
  -0.0501174     0.695613   -0.0101932      1.95638      -3.1277    -0.489662      1.55369
  -0.0673317     0.695685    0.0272673      1.95638   -0.0371375     0.489994     -1.53133
  -0.0673317     0.695685    0.0272673      1.95638     -3.17873    -0.489994      1.61027
   -0.696549      1.24717      1.56834      1.95638     -1.27031      1.44873    -0.276767
   -0.696549      1.24717      1.56834      1.95638     -4.41191     -1.44873      2.86483
   -0.696548       1.2582       1.5732      1.95638     -1.27901        1.457    -0.274224
   -0.696548       1.2582       1.5732      1.95638      -4.4206       -1.457      2.86737
   -0.039561     0.695726   -0.0331657      1.95638    0.0451604     0.490178     -1.62257
   -0.039561     0.695726   -0.0331657      1.95638     -3.09643    -0.490178      1.51902
  -0.0567743     0.695603   0.00429293      1.95638  -0.00584969     0.489618     -1.56601
  -0.0567743     0.695603   0.00429293      1.95638     -3.14744    -0.489618      1.57558
    -0.69657      1.25144      1.57026      1.95638     -1.27367      1.45196    -0.275779
    -0.69657      1.25144      1.57026      1.95638     -4.41526     -1.45196      2.86581
  -0.0462161     0.695641   -0.0186831      1.95638    0.0254533     0.489789     -1.60072
  -0.0462161     0.695641   -0.0186831      1.95638     -3.11614    -0.489789      1.54087
  -0.0638718     0.695645     0.019738      1.95638   -0.0268894      0.48981     -1.54269
  -0.0638718     0.695645     0.019738      1.95638     -3.16848     -0.48981       1.5989
   -0.696524      1.24467      1.56719      1.95638     -1.26836      1.44682    -0.277349
   -0.696524      1.24467      1.56719      1.95638     -4.40995     -1.44682      2.86424
   -0.696563      1.25599      1.57225      1.95638     -1.27725      1.45536    -0.274732
   -0.696563      1.25599      1.57225      1.95638     -4.41885     -1.45536      2.86686
  -0.0533137     0.695602  -0.00323777      1.95638   0.00441222     0.489614     -1.57739
  -0.0533137     0.695602  -0.00323777      1.95638     -3.13718    -0.489614       1.5642
  -0.0705267     0.695734    0.0342204      1.95638   -0.0465938     0.490215     -1.52084
  -0.0705267     0.695734    0.0342204      1.95638     -3.18819    -0.490215      1.62075
   -0.696561      1.24894      1.56914      1.95638      -1.2717      1.45007    -0.276357
   -0.696561      1.24894      1.56914      1.95638     -4.41329     -1.45007      2.86524
   -0.696529      1.26025      1.57406      1.95638     -1.28063      1.45851    -0.273755
   -0.696529      1.26025      1.57406      1.95638     -4.42222     -1.45851      2.86784
  -0.0423153     0.695685   -0.0271718      1.95638     0.037008     0.489991     -1.61353
  -0.0423153     0.695685   -0.0271718      1.95638     -3.10458    -0.489991      1.52806
  -0.0599706     0.695616    0.0112484      1.95638   -0.0153266     0.489674     -1.55551
  -0.0599706     0.695616    0.0112484      1.95638     -3.15692    -0.489674      1.58608
   -0.696571      1.25349      1.57116      1.95638     -1.27528       1.4535    -0.275307
   -0.696571      1.25349      1.57116      1.95638     -4.41687      -1.4535      2.86629
  -0.0494121     0.695617    -0.011728      1.95638    0.0159803      0.48968     -1.59022
  -0.0494121     0.695617    -0.011728      1.95638     -3.12561     -0.48968      1.55138
  -0.0666265     0.695676    0.0257328      1.95638   -0.0350496     0.489951     -1.53364
  -0.0666265     0.695676    0.0257328      1.95638     -3.17664    -0.489951      1.60795
   -0.696543      1.24644        1.568      1.95638     -1.26974      1.44817    -0.276938
   -0.696543      1.24644        1.568      1.95638     -4.41133     -1.44817      2.86465
   -0.696552      1.25775        1.573      1.95638     -1.27865      1.45667    -0.274327
   -0.696552      1.25775        1.573      1.95638     -4.42024     -1.45667      2.86727
  -0.0384152     0.695745   -0.0356592      1.95638    0.0485498     0.490267     -1.62633
  -0.0384152     0.695745   -0.0356592      1.95638     -3.09304    -0.490267      1.51526
   -0.056069     0.695602   0.00275809      1.95638  -0.00375823     0.489612     -1.56833
   -0.056069     0.695602   0.00275809      1.95638     -3.14535    -0.489612      1.57326
   -0.696569      1.25099      1.57005      1.95638     -1.27331      1.45162    -0.275883
   -0.696569      1.25099      1.57005      1.95638      -4.4149     -1.45162      2.86571
  -0.0455108     0.695647   -0.0202177      1.95638    0.0275429      0.48982     -1.60304
  -0.0455108     0.695647   -0.0202177      1.95638     -3.11405     -0.48982      1.53856
  -0.0627256     0.695635    0.0172438      1.95638    -0.023493     0.489762     -1.54645
  -0.0627256     0.695635    0.0172438      1.95638     -3.16509    -0.489762      1.59514
   -0.696518      1.24422      1.56698      1.95638       -1.268      1.44647    -0.277455
   -0.696518      1.24422      1.56698      1.95638     -4.40959     -1.44647      2.86414
   -0.696565      1.25554      1.57205      1.95638      -1.2769      1.45503    -0.274835
   -0.696565      1.25554      1.57205      1.95638     -4.41849     -1.45503      2.86676
  -0.0521673     0.695605  -0.00573229      1.95638   0.00781135     0.489625     -1.58116
  -0.0521673     0.695605  -0.00573229      1.95638     -3.13378    -0.489625      1.56043
  -0.0698217     0.695722    0.0326862      1.95638    -0.044508     0.490162     -1.52315
  -0.0698217     0.695722    0.0326862      1.95638      -3.1861    -0.490162      1.61844
   -0.696558      1.24849      1.56893      1.95638     -1.27135      1.44973    -0.276462
   -0.696558      1.24849      1.56893      1.95638     -4.41294     -1.44973      2.86513
   -0.696536      1.25952      1.57375      1.95638     -1.28005      1.45797    -0.273923
   -0.696536      1.25952      1.57375      1.95638     -4.42164     -1.45797      2.86767
  -0.0416102     0.695695   -0.0287063      1.95638    0.0390957     0.490035     -1.61584
  -0.0416102     0.695695   -0.0287063      1.95638      -3.1025    -0.490035      1.52575
  -0.0588243      0.69561   0.00875382      1.95638    -0.011928     0.489648     -1.55928
  -0.0588243      0.69561   0.00875382      1.95638     -3.15352    -0.489648      1.58232
   -0.696571      1.25275      1.57084      1.95638      -1.2747      1.45295    -0.275476
   -0.696571      1.25275      1.57084      1.95638     -4.41629     -1.45295      2.86612
  -0.0482658     0.695624   -0.0142225      1.95638    0.0193783     0.489713     -1.59398
  -0.0482658     0.695624   -0.0142225      1.95638     -3.12221    -0.489713      1.54761
  -0.0659214     0.695668    0.0241983      1.95638   -0.0329612     0.489912     -1.53596
  -0.0659214     0.695668    0.0241983      1.95638     -3.17455    -0.489912      1.60564
   -0.696538      1.24599      1.56779      1.95638     -1.26938      1.44782    -0.277043
   -0.696538      1.24599      1.56779      1.95638     -4.41098     -1.44782      2.86455
   -0.696557      1.25702      1.57269      1.95638     -1.27807      1.45613    -0.274495
   -0.696557      1.25702      1.57269      1.95638     -4.41966     -1.45613       2.8671
  -0.0377103     0.695758   -0.0371933      1.95638    0.0506346     0.490325     -1.62864
  -0.0377103     0.695758   -0.0371933      1.95638     -3.09096    -0.490325      1.51295
  -0.0549226     0.695601  0.000263486      1.95638 -0.000358875     0.489608      -1.5721
  -0.0549226     0.695601  0.000263486      1.95638     -3.14195    -0.489608      1.56949
   -0.696567      1.25025      1.56973      1.95638     -1.27273      1.45107    -0.276053
   -0.696567      1.25025      1.56973      1.95638     -4.41433     -1.45107      2.86554
   -0.696513      1.26157      1.57461      1.95638     -1.28167      1.45948    -0.273456
   -0.696513      1.26157      1.57461      1.95638     -4.42327     -1.45948      2.86814
  -0.0443647      0.69566   -0.0227118      1.95638    0.0309383     0.489876      -1.6068
  -0.0443647      0.69566   -0.0227118      1.95638     -3.11065    -0.489876      1.53479
  -0.0620204     0.695629    0.0157091      1.95638   -0.0214028     0.489736     -1.54877
  -0.0620204     0.695629    0.0157091      1.95638       -3.163    -0.489736      1.59282
   -0.696509      1.24349      1.56663      1.95638     -1.26743       1.4459    -0.277627
   -0.696509      1.24349      1.56663      1.95638     -4.40902      -1.4459      2.86397
   -0.696568       1.2548      1.57173      1.95638     -1.27632      1.45448    -0.275004
   -0.696568       1.2548      1.57173      1.95638     -4.41791     -1.45448      2.86659
   -0.051462     0.695607  -0.00726717      1.95638   0.00990272     0.489636     -1.58348
   -0.051462     0.695607  -0.00726717      1.95638     -3.13169    -0.489636      1.55811
  -0.0686758     0.695704    0.0301925      1.95638   -0.0411168     0.490081     -1.52691
  -0.0686758     0.695704    0.0301925      1.95638     -3.18271    -0.490081      1.61468
   -0.696555      1.24803      1.56873      1.95638     -1.27099      1.44938    -0.276567
   -0.696555      1.24803      1.56873      1.95638     -4.41258     -1.44938      2.86503
   -0.696541      1.25907      1.57356      1.95638     -1.27969      1.45764    -0.274027
   -0.696541      1.25907      1.57356      1.95638     -4.42128     -1.45764      2.86757
  -0.0404643     0.695711      -0.0312      1.95638    0.0424875     0.490113     -1.61961
  -0.0404643     0.695711      -0.0312      1.95638     -3.09911    -0.490113      1.52199
  -0.0581189     0.695607    0.0072191      1.95638  -0.00983688     0.489635     -1.56159
  -0.0581189     0.695607    0.0072191      1.95638     -3.15143    -0.489635         1.58
   -0.696571       1.2523      1.57064      1.95638     -1.27434      1.45261     -0.27558
   -0.696571       1.2523      1.57064      1.95638     -4.41594     -1.45261      2.86601
  -0.0475605     0.695629   -0.0157572      1.95638    0.0214687     0.489737      -1.5963
  -0.0475605     0.695629   -0.0157572      1.95638     -3.12012    -0.489737      1.54529
  -0.0647753     0.695655    0.0217042      1.95638   -0.0295663     0.489852     -1.53972
  -0.0647753     0.695655    0.0217042      1.95638     -3.17116    -0.489852      1.60187
   -0.696534      1.24553      1.56758      1.95638     -1.26903      1.44748    -0.277148
   -0.696534      1.24553      1.56758      1.95638     -4.41062     -1.44748      2.86444
   -0.696558      1.25685      1.57262      1.95638     -1.27793        1.456    -0.274534
   -0.696558      1.25685      1.57262      1.95638     -4.41953       -1.456      2.86706
  -0.0542173     0.695601  -0.00127137      1.95638   0.00173265     0.489609     -1.57442
  -0.0542173     0.695601  -0.00127137      1.95638     -3.13986    -0.489609      1.56717
  -0.0718706     0.695757    0.0371452      1.95638   -0.0505689     0.490323     -1.51643
  -0.0718706     0.695757    0.0371452      1.95638     -3.19216    -0.490323      1.62516
   -0.696565       1.2498      1.56952      1.95638     -1.27238      1.45072    -0.276158
   -0.696565       1.2498      1.56952      1.95638     -4.41397     -1.45072      2.86543
   -0.696518      1.26111      1.57442      1.95638     -1.28131      1.45914    -0.273559
   -0.696518      1.26111      1.57442      1.95638     -4.42291     -1.45914      2.86803