    -1.27504     0.704985   -0.0558121      1.96407    0.0791883     0.474585     -2.83966
    -1.29253     0.704669   -0.0174251      1.96407    0.0247762     0.473057     -2.77949
    -1.31003     0.704684    0.0209806      1.96407   -0.0298283     0.473132     -2.71912
    -1.32709     0.705018    0.0584056      1.96407   -0.0828491     0.474746     -2.66049
    -1.94165      1.25343      1.56553      1.96407     -1.27808      1.44626     -1.44843
    -1.94176      1.26477      1.57052      1.96407     -1.28695      1.45484     -1.44595
    -1.94168      1.27583      1.57503      1.96407     -1.29569      1.46293     -1.44355
    -1.28207     0.704818   -0.0403851      1.96407    0.0573644     0.473779     -2.81552
    -1.29913     0.704635   -0.0029453      1.96407   0.00418894     0.472897     -2.75673
    -1.31663     0.704776    0.0354567      1.96407   -0.0503778     0.473576      -2.6964
    -1.94171      1.25771      1.56745      1.96407     -1.28141      1.44953     -1.44749
    -1.94175      1.26904       1.5723      1.96407     -1.29032        1.458     -1.44502
    -1.28866      0.70471   -0.0259104      1.96407    0.0368309     0.473257     -2.79282
    -1.30617     0.704652    0.0124947      1.96407   -0.0177675     0.472977     -2.73246
    -1.32323     0.704915    0.0499274      1.96407   -0.0708718     0.474247     -2.67374
     -1.9416      1.25093      1.56438      1.96407     -1.27613      1.44433     -1.44899
    -1.94175      1.26226      1.56944      1.96407     -1.28498      1.45297     -1.44649
    -1.94171      1.27332      1.57404      1.96407      -1.2937      1.46112     -1.44409
     -1.2782     0.704903    -0.048866      1.96407    0.0693711      0.47419      -2.8288
     -1.2957     0.704647   -0.0104731      1.96407    0.0148937     0.472952     -2.76856
    -1.31277     0.704716    0.0269729      1.96407   -0.0383392     0.473288     -2.70971
    -1.94168      1.25548      1.56646      1.96407     -1.27968      1.44784     -1.44798
    -1.94176      1.26654      1.57126      1.96407     -1.28834      1.45615     -1.44556
    -1.94164      1.27788      1.57584      1.96407     -1.29732       1.4644     -1.44311
     -1.2848     0.704767   -0.0343952      1.96407    0.0488728     0.473536     -2.80613
     -1.3023     0.704636    0.0040077      1.96407  -0.00569946     0.472901      -2.7458
     -1.3198     0.704837    0.0424061      1.96407    -0.060227      0.47387     -2.68551
    -1.94173      1.25976      1.56836      1.96407     -1.28302      1.45108     -1.44704
    -1.94174      1.27081      1.57303      1.96407     -1.29171       1.4593     -1.44463
    -1.27434     0.705004   -0.0573442      1.96407    0.0813514     0.474679     -2.84205
    -1.29183     0.704675   -0.0189587      1.96407    0.0269557     0.473088      -2.7819
     -1.3089     0.704673    0.0184876      1.96407   -0.0262859     0.473078     -2.72304
    -1.32639     0.704998    0.0568731      1.96407   -0.0806859      0.47465     -2.66288
    -1.94164      1.25298      1.56532      1.96407     -1.27772      1.44592     -1.44853
    -1.94176      1.26403       1.5702      1.96407     -1.28637      1.45429     -1.44611
    -1.94168      1.27537      1.57486      1.96407     -1.29533       1.4626     -1.44365
    -1.28137     0.704832   -0.0419188      1.96407    0.0595371     0.473848     -2.81792
    -1.29843     0.704637  -0.00447929      1.96407   0.00637049     0.472903     -2.75914
    -1.31593     0.704764    0.0339228      1.96407   -0.0482023     0.473518     -2.69881
    -1.94171      1.25725      1.56725      1.96407     -1.28106      1.44919     -1.44759
    -1.94175      1.26859      1.57212      1.96407     -1.28996      1.45767     -1.44512
    -1.94161      1.27965      1.57652      1.96407     -1.29873      1.46566     -1.44273
    -1.28796     0.704719   -0.0274442      1.96407    0.0390088     0.473302     -2.79522
    -1.30547     0.704648    0.0109607      1.96407   -0.0155866     0.472957     -2.73487
    -1.32253     0.704898    0.0483948      1.96407   -0.0687042     0.474165     -2.67614
    -1.94159      1.25047      1.56416      1.96407     -1.27578      1.44398     -1.44909
    -1.94175      1.26153      1.56913      1.96407      -1.2844      1.45242     -1.44665
    -1.94172      1.27287      1.57386      1.96407     -1.29334      1.46079     -1.44419
    -1.27707     0.704931   -0.0513573      1.96407    0.0728939     0.474326     -2.83269
    -1.29456     0.704653   -0.0129658      1.96407    0.0184377     0.472984     -2.77248
    -1.31207     0.704707    0.0254385      1.96407   -0.0361605     0.473244     -2.71212
    -1.94167      1.25475      1.56612      1.96407      -1.2791      1.44727     -1.44814
    -1.94176      1.26609      1.57107      1.96407     -1.28798      1.45582     -1.44566
    -1.94166      1.27714      1.57555      1.96407     -1.29673      1.46387     -1.44327
     -1.2841      0.70478   -0.0359285      1.96407    0.0510473     0.473594     -2.80853
    -1.30116     0.704635   0.00151408      1.96407  -0.00215312     0.472893     -2.74972
    -1.31866     0.704814    0.0399138      1.96407   -0.0566962     0.473758     -2.68942
    -1.94173      1.25931      1.56816      1.96407     -1.28266      1.45074     -1.44714
    -1.94174      1.27036      1.57284      1.96407     -1.29136      1.45896     -1.44473
    -1.27364     0.705024   -0.0588764      1.96407    0.0835137     0.474776     -2.84444
     -1.2907     0.704686   -0.0214523      1.96407    0.0304988     0.473142     -2.78581
     -1.3082     0.704667    0.0169533      1.96407   -0.0241055     0.473048     -2.72545
    -1.32526     0.704967    0.0543826      1.96407   -0.0771688       0.4745     -2.66677
    -1.94163      1.25253      1.56511      1.96407     -1.27737      1.44557     -1.44863
    -1.94175      1.26358      1.57001      1.96407     -1.28601      1.45395      -1.4462
     -1.9417      1.27464      1.57456      1.96407     -1.29474      1.46207     -1.44381
    -1.28067     0.704847   -0.0434518      1.96407    0.0617084     0.473919     -2.82032
    -1.29773     0.704638  -0.00601375      1.96407   0.00855265     0.472912     -2.76155
     -1.3148     0.704746    0.0314307      1.96407   -0.0446668     0.473429     -2.70272
     -1.9417      1.25652      1.56692      1.96407     -1.28048      1.44863     -1.44775
    -1.94175      1.26786      1.57181      1.96407     -1.28938      1.45712     -1.44527
    -1.94162      1.27919      1.57634      1.96407     -1.29837      1.46534     -1.44283
    -1.28683     0.704735   -0.0299371      1.96407    0.0425475      0.47338     -2.79914
    -1.30433     0.704642   0.00846672      1.96407   -0.0120405     0.472931     -2.73879
    -1.32183     0.704881    0.0468614      1.96407   -0.0665346     0.474086     -2.67853
    -1.94174      1.26108      1.56893      1.96407     -1.28405      1.45208     -1.44675
    -1.94172      1.27241      1.57368      1.96407     -1.29298      1.46046     -1.44429
    -1.27637     0.704949   -0.0528901      1.96407    0.0750604     0.474413     -2.83509
    -1.29386     0.704658   -0.0144999      1.96407    0.0206185     0.473006     -2.77489
    -1.31137     0.704699    0.0239048      1.96407   -0.0339823     0.473203     -2.71453
    -1.32842     0.705058    0.0613264      1.96407   -0.0869692     0.474936     -2.65593
    -1.94167       1.2543      1.56592      1.96407     -1.27875      1.44693     -1.44824
    -1.94176      1.26535      1.57076      1.96407     -1.28741      1.45527     -1.44582
    -1.94166      1.27669      1.57537      1.96407     -1.29637      1.46355     -1.44337
     -1.2834     0.704792    -0.037462      1.96407    0.0532215     0.473655     -2.81094
    -1.30046     0.704634 -2.01464e-05      1.96407  2.88334e-05     0.472892     -2.75213
    -1.31796       0.7048    0.0383801      1.96407   -0.0545227     0.473693     -2.69182
    -1.94172      1.25857      1.56783      1.96407     -1.28209      1.45018      -1.4473
    -1.94174      1.26991      1.57266      1.96407       -1.291      1.45863     -1.44483
    -1.27251     0.705058   -0.0613664      1.96407    0.0870261     0.474938     -2.84833
       -1.29     0.704694   -0.0229867      1.96407    0.0326785      0.47318     -2.78822
    -1.30706     0.704658    0.0144602      1.96407   -0.0205617     0.473006     -2.72937
    -1.32456     0.704949    0.0528494      1.96407   -0.0750026      0.47441     -2.66917
    -1.94162      1.25179      1.56477      1.96407      -1.2768        1.445      -1.4488
    -1.94175      1.26284      1.56969      1.96407     -1.28544       1.4534     -1.44637
     -1.9417      1.27418      1.57438      1.96407     -1.29438      1.46174     -1.44391
    -1.27953     0.704872   -0.0459435      1.96407    0.0652359      0.47404     -2.82422
     -1.2966     0.704643  -0.00850725      1.96407    0.0120985     0.472931     -2.76547
     -1.3141     0.704735     0.029897      1.96407   -0.0424901     0.473378     -2.70512
    -1.94169      1.25606      1.56672      1.96407     -1.28013      1.44828     -1.44785
    -1.94175       1.2674      1.57162      1.96407     -1.28902      1.45679     -1.44537
    -1.94163      1.27846      1.57606      1.96407     -1.29778      1.46481     -1.44299
    -1.28613     0.704746    -0.031471      1.96407    0.0447243     0.473431     -2.80154
    -1.30363      0.70464   0.00693285      1.96407   -0.0098593     0.472918      -2.7412
    -1.32069     0.704856    0.0443696      1.96407   -0.0630075     0.473963     -2.68244
    -1.94174      1.26062      1.56873      1.96407     -1.28369      1.45174     -1.44685
    -1.94173      1.27168      1.57338      1.96407      -1.2924      1.45993     -1.44445
    -1.27567     0.704968   -0.0544227      1.96407    0.0772259     0.474502     -2.83749
    -1.29316     0.704663   -0.0160344      1.96407    0.0227997     0.473032      -2.7773
    -1.31023     0.704686    0.0214124      1.96407   -0.0304417     0.473141     -2.71844
    -1.32772     0.705037    0.0597943      1.96407   -0.0848084     0.474835     -2.65832
    -1.94165      1.25356      1.56558      1.96407     -1.27818      1.44636     -1.44841
    -1.94176       1.2649      1.57057      1.96407     -1.28705      1.45493     -1.44592
    -1.94167      1.27624      1.57519      1.96407     -1.29601      1.46322     -1.44347
    -1.28226     0.704814   -0.0399541      1.96407    0.0567536      0.47376     -2.81484
    -1.29976     0.704635  -0.00155449      1.96407   0.00221096     0.472893     -2.75454
    -1.31727     0.704787    0.0368471      1.96407   -0.0523494      0.47363     -2.69422
    -1.94172      1.25812      1.56763      1.96407     -1.28173      1.44984      -1.4474
    -1.94175      1.26946      1.57247      1.96407     -1.29064       1.4583     -1.44493
    -1.28886     0.704707   -0.0254791      1.96407    0.0362184     0.473245     -2.79214
    -1.30636     0.704653    0.0129255      1.96407     -0.01838     0.472983     -2.73178
    -1.32386     0.704931    0.0513172      1.96407    -0.072837     0.474324     -2.67156
    -1.94161      1.25134      1.56456      1.96407     -1.27645      1.44465      -1.4489
    -1.94175      1.26239       1.5695      1.96407     -1.28508      1.45306     -1.44646
    -1.94171      1.27373       1.5742      1.96407     -1.29402      1.46142       -1.444
     -1.2784     0.704898   -0.0484349      1.96407    0.0687612     0.474167     -2.82812
     -1.2959     0.704646   -0.0100412      1.96407    0.0142797     0.472947     -2.76788
     -1.3134     0.704725    0.0283632      1.96407   -0.0403131      0.47333     -2.70753
    -1.94169      1.25589      1.56664      1.96407        -1.28      1.44815     -1.44789
    -1.94176      1.26667      1.57132      1.96407     -1.28844      1.45625     -1.44553
    -1.94164        1.278      1.57588      1.96407     -1.29742      1.46449     -1.44309
    -1.28543     0.704757   -0.0330045      1.96407    0.0469001     0.473485     -2.80395
    -1.30293     0.704638   0.00539804      1.96407  -0.00767669     0.472908     -2.74361
    -1.32043      0.70485    0.0437953      1.96407   -0.0621945     0.473935     -2.68333
    -1.94174      1.26017      1.56854      1.96407     -1.28334      1.45139     -1.44695
    -1.94174      1.27094      1.57308      1.96407     -1.29182      1.45939     -1.44461