   1.09897   0.542775   0.186319    2.92263   -2.84173   0.329859   -2.16717
  0.581008   0.972559    1.56931    2.92263   -1.42524   0.988424    -2.8237
   1.08083   0.544444   0.223531    2.92263   -2.78391   0.334123   -2.20812
  0.581073   0.982088    1.57848    2.92263   -1.41943   0.999597   -2.82168
  0.581333   0.991858    1.58755    2.92263   -1.41374    1.01099   -2.81947
  0.581773    1.00138    1.59609    2.92263   -1.40845    1.02202   -2.81717
  0.582411    1.01114    1.60453    2.92263   -1.40328    1.03327   -2.81469
   1.18546   0.539012 0.00983298    2.92263   -3.12555   0.320065   -1.96292
  0.583316   0.927916    1.52192    2.92263   -1.45615   0.935167   -2.83127
   1.16643   0.539257  0.0485874    2.92263    -3.0624   0.320711   -2.00864
  0.582432   0.937663    1.53292    2.92263   -1.44886    0.94693    -2.8299
   1.14791   0.539809  0.0863221    2.92263   -3.00118    0.32216   -2.05286
  0.581779   0.947178     1.5433    2.92263   -1.44204   0.958337    -2.8284
   1.12899   0.540694   0.124929    2.92263   -2.93903   0.324474    -2.0976
  0.581317   0.956944    1.55359    2.92263   -1.43534   0.969971   -2.82671
   1.11017   0.541901   0.163398    2.92263    -2.8778   0.327606   -2.14146
  0.581067    0.96647    1.56328    2.92263   -1.42909   0.981251   -2.82492
   1.09194   0.543385   0.200733    2.92263   -2.81921   0.331422   -2.18316
  0.581011   0.976243    1.57289    2.92263   -1.42296   0.992752   -2.82294
  0.581154   0.986016    1.58217    2.92263   -1.41711    1.00418   -2.82081
  0.581482   0.995541    1.59089    2.92263   -1.41166    1.01526   -2.81859
  0.582007     1.0053    1.59952    2.92263   -1.40634    1.02655   -2.81619
    0.5827    1.01482    1.60763    2.92263    -1.4014    1.03749   -2.81372
   1.17781   0.539072  0.0254158    2.92263   -3.10014   0.320222   -1.98132
  0.582957   0.931589    1.52611    2.92263   -1.45337    0.93961   -2.83077
   1.15926   0.539434  0.0631866    2.92263   -3.03867   0.321176   -2.02579
  0.582155   0.941341    1.53697    2.92263   -1.44619   0.951348   -2.82934
   1.14029   0.540126   0.101856    2.92263    -2.9761   0.322991   -2.07094
  0.581568   0.951103    1.54748    2.92263   -1.43931   0.963022   -2.82774
   1.12188   0.541111   0.139451    2.92263   -2.91583    0.32556   -2.11426
  0.581197   0.960627    1.55738    2.92263   -1.43289    0.97434   -2.82604
    1.1031   0.542439   0.177857    2.92263   -2.85501   0.328994   -2.15772
   0.58102   0.970399    1.56719    2.92263   -1.42659   0.985883   -2.82414
   1.08446   0.544084   0.216068    2.92263   -2.79542   0.333208   -2.19999
  0.581042   0.979928    1.57643    2.92263   -1.42072   0.997071   -2.82215
  0.581259     0.9897    1.58558    2.92263   -1.41497    1.00848   -2.81997
   0.58167   0.999467     1.5944    2.92263   -1.40949    1.01981   -2.81764
  0.582254    1.00898    1.60269    2.92263    -1.4044    1.03079   -2.81525
   1.18967   0.539002   0.001266    2.92263   -3.13953   0.320038    -1.9528
   1.17063   0.539175  0.0400265    2.92263   -3.07633   0.320495   -1.99855
  0.582609   0.935508    1.53052    2.92263   -1.45044   0.944336   -2.83022
   1.15163   0.539673  0.0787424    2.92263   -3.01344   0.321804   -2.04401
  0.581909    0.94502    1.54097    2.92263   -1.44356   0.955757   -2.82875
   1.13316   0.540471   0.116408    2.92263    -2.9527   0.323892   -2.08778
  0.581401   0.954785    1.55134    2.92263    -1.4368   0.967406    -2.8271
   1.11432   0.541606    0.15491    2.92263   -2.89124   0.326845   -2.13186
  0.581102   0.964555    1.56136    2.92263   -1.43033   0.978989   -2.82529
   1.09606   0.543022   0.192288    2.92263   -2.83239   0.330493   -2.17381
  0.581006   0.974084     1.5708    2.92263   -1.42429   0.990217   -2.82339
   1.07748   0.544787   0.230416    2.92263   -2.77332   0.334993   -2.21559
  0.581105   0.983857    1.58015    2.92263   -1.41838    1.00166   -2.82129
  0.581391   0.993383    1.58894    2.92263   -1.41287    1.01276   -2.81911
  0.581874    1.00315    1.59764    2.92263   -1.40749    1.02407   -2.81673
  0.582527    1.01266    1.60582    2.92263    -1.4025    1.03502   -2.81429
   1.18201   0.539033  0.0168505    2.92263    -3.1141   0.320119   -1.97121
   0.58314   0.929679    1.52394    2.92263   -1.45481   0.937301   -2.83103
   1.16346   0.539325   0.054631    2.92263   -3.05257   0.320889   -2.01574
  0.582314   0.939185     1.5346    2.92263   -1.44775   0.948759   -2.82967
   1.14448   0.539945  0.0933193    2.92263   -2.98987   0.322517   -2.06102
   0.58168   0.948945    1.54519    2.92263   -1.44081   0.960448   -2.82811
   1.12557   0.540888   0.131904    2.92263   -2.92787   0.324981   -2.10562
  0.581264   0.958468    1.55516    2.92263   -1.43432   0.971781   -2.82644
   1.10724   0.542118   0.169385    2.92263   -2.86835   0.328167   -2.14821
  0.581042   0.968239    1.56505    2.92263   -1.42796   0.983338   -2.82457
   1.08857   0.543693   0.207643    2.92263   -2.80847   0.332211   -2.19077
  0.581022   0.978013     1.5746    2.92263   -1.42188   0.994827   -2.82256
  0.581194   0.987541    1.58358    2.92263   -1.41622    1.00596   -2.82046
  0.581563   0.997309    1.59248    2.92263   -1.41068    1.01731   -2.81817
  0.582106    1.00683    1.60084    2.92263   -1.40553    1.02831    -2.8158
   1.17484   0.539109   0.031464    2.92263   -3.09028    0.32032   -1.98846
  0.582796   0.933354     1.5281    2.92263   -1.45204   0.941739   -2.83052
   1.15582   0.539535  0.0701933    2.92263    -3.0273   0.321442   -2.03401
  0.582033   0.943108     1.5389    2.92263   -1.44492   0.953466   -2.82906
   1.13734   0.540263   0.107881    2.92263    -2.9664   0.323349   -2.07792
  0.581495   0.952627    1.54908    2.92263   -1.43827   0.964838   -2.82748
   1.11847   0.541328   0.146416    2.92263   -2.90474   0.326123    -2.1222
   0.58115   0.962396    1.55918    2.92263   -1.43173   0.976435   -2.82571
   1.10018   0.542674   0.183833    2.92263   -2.84562   0.329601    -2.1644
  0.581011   0.971924    1.56869    2.92263   -1.42563   0.987678   -2.82383
   1.08157    0.54437   0.222011    2.92263   -2.78625   0.333934   -2.20647
  0.581066   0.981697    1.57811    2.92263   -1.41966   0.999141   -2.82176
   0.58131   0.991224    1.58697    2.92263    -1.4141    1.01025   -2.81961
  0.581751    1.00099    1.59575    2.92263   -1.40866    1.02157   -2.81727
  0.582382    1.01075     1.6042    2.92263   -1.40348    1.03282   -2.81479
   1.18622   0.539009 0.00828433    2.92263   -3.12808   0.320057   -1.96109
  0.583356   0.927527    1.52147    2.92263   -1.45645   0.934696   -2.83132
   1.16766   0.539232  0.0460724    2.92263   -3.06649   0.320643   -2.00567
  0.582483    0.93703    1.53222    2.92263   -1.44932   0.946168   -2.82999
   1.14867    0.53978  0.0847774    2.92263   -3.00367   0.322085   -2.05106
  0.581802   0.946788    1.54288    2.92263   -1.44231   0.957871   -2.82847
   1.12974   0.540652   0.123389    2.92263    -2.9415   0.324366   -2.09583
  0.581341   0.956309    1.55293    2.92263   -1.43577   0.969218   -2.82683
   1.11138   0.541813   0.160904    2.92263   -2.88175   0.327378   -2.13864
  0.581073    0.96608    1.56289    2.92263   -1.42934    0.98079     -2.825
   1.09268   0.543318   0.199207    2.92263   -2.82159   0.331252   -2.18147
  0.581009   0.975853    1.57252    2.92263    -1.4232   0.992294   -2.82302
  0.581139   0.985382    1.58157    2.92263   -1.41748    1.00344   -2.82095
  0.581465   0.995151    1.59054    2.92263   -1.41188    1.01481   -2.81869
  0.581967    1.00467    1.59897    2.92263   -1.40668    1.02582   -2.81635
  0.582668    1.01443     1.6073    2.92263    -1.4016    1.03705   -2.81382
   1.17904   0.539059  0.0228995    2.92263   -3.10424   0.320187   -1.97835
  0.582994     0.9312    1.52567    2.92263   -1.45366   0.939139   -2.83083
   1.16002   0.539413  0.0616401    2.92263   -3.04118   0.321121   -2.02398
  0.582183   0.940951    1.53655    2.92263   -1.44647    0.95088    -2.8294
   1.14152   0.540071  0.0993479    2.92263   -2.98014   0.322847   -2.06803
    0.5816   0.950469     1.5468    2.92263   -1.43975   0.962266   -2.82785
   1.12263   0.541065   0.137913    2.92263   -2.91828   0.325439    -2.1125
  0.581209   0.960237    1.55698    2.92263   -1.43315   0.973878   -2.82611
   1.10385   0.542379   0.176326    2.92263   -2.85741   0.328842     -2.156
  0.581026   0.969765    1.56656    2.92263   -1.42699   0.985135   -2.82427
   1.08567   0.543968   0.213594    2.92263   -2.79925   0.332911   -2.19729
  0.581037   0.979538    1.57606    2.92263   -1.42096   0.996614   -2.82223
  0.581246   0.989309    1.58522    2.92263   -1.41519    1.00802   -2.82006
  0.581637   0.998833    1.59384    2.92263   -1.40984    1.01908    -2.8178
  0.582226    1.00859    1.60236    2.92263    -1.4046    1.03034   -2.81535
   1.17139   0.539162  0.0384786    2.92263   -3.07885    0.32046   -1.99673
  0.582642   0.935119    1.53008    2.92263   -1.45073   0.943867   -2.83027
   1.15286   0.539631  0.0762315    2.92263   -3.01751   0.321694   -2.04108
  0.581934   0.944631    1.54055    2.92263   -1.44384    0.95529   -2.82882
   1.13392   0.540432   0.114867    2.92263   -2.95517    0.32379     -2.086
  0.581418   0.954395    1.55094    2.92263   -1.43706   0.966942   -2.82717
   1.11554   0.541523   0.152416    2.92263    -2.8952   0.326628   -2.12903
  0.581115   0.963921    1.56072    2.92263   -1.43074   0.978239   -2.82542
    1.0968   0.542958    0.19076    2.92263   -2.83478   0.330329   -2.17211
  0.581006   0.973693    1.57042    2.92263   -1.42453   0.989758   -2.82347
   1.07868   0.544663   0.227948    2.92263   -2.77711   0.334678   -2.21292
  0.581093   0.983222    1.57955    2.92263   -1.41875    1.00092   -2.82143
  0.581376   0.992993    1.58859    2.92263   -1.41309     1.0123    -2.8192
  0.581851    1.00276     1.5973    2.92263    -1.4077    1.02362   -2.81683
  0.582497    1.01227    1.60549    2.92263    -1.4027    1.03457   -2.81439
   1.18325   0.539024  0.0143336    2.92263   -3.11821   0.320096   -1.96824
  0.583202   0.929047    1.52321    2.92263   -1.45529   0.936536   -2.83112
   1.16422   0.539307   0.053084    2.92263   -3.05508   0.320841   -2.01392
  0.582344   0.938796    1.53417    2.92263   -1.44803   0.948291   -2.82973
   1.14524   0.539914  0.0917758    2.92263   -2.99236   0.322436   -2.05922
  0.581701   0.948555    1.54477    2.92263   -1.44108   0.959982   -2.82817
    1.1268   0.540817   0.129403    2.92263   -2.93187   0.324796   -2.10275
  0.581277   0.958078    1.55476    2.92263   -1.43458   0.971318   -2.82651
   1.10799   0.542062   0.167853    2.92263   -2.87077   0.328021   -2.14649
  0.581047   0.967849    1.56466    2.92263   -1.42821   0.982878   -2.82465
   1.08978   0.543582   0.205166    2.92263   -2.81232   0.331925   -2.18804
  0.581017   0.977378    1.57399    2.92263   -1.42227   0.994083    -2.8227
  0.581183    0.98715    1.58322    2.92263   -1.41644    1.00551   -2.82055
  0.581533   0.996675    1.59191    2.92263   -1.41103    1.01658   -2.81832
   0.58208    1.00644     1.6005    2.92263   -1.40574    1.02786    -2.8159
    1.1756   0.539099  0.0299158    2.92263    -3.0928   0.320293   -1.98663
  0.582831   0.932964    1.52766    2.92263   -1.45234   0.941269   -2.83058
   1.15658   0.539512  0.0686481    2.92263    -3.0298   0.321381    -2.0322
  0.582076   0.942474    1.53821    2.92263   -1.44537   0.952707   -2.82916
    1.1381   0.540227   0.106339    2.92263   -2.96888   0.323255   -2.07614
  0.581514   0.952237    1.54867    2.92263   -1.43853   0.964373   -2.82755
   1.11969   0.541249   0.143918    2.92263   -2.90871   0.325918   -2.11936
  0.581166   0.961761    1.55853    2.92263   -1.43215   0.975684   -2.82583
   1.10093   0.542613   0.182304    2.92263   -2.84802   0.329443   -2.16269
  0.581013   0.971534     1.5683    2.92263   -1.42588   0.987218   -2.82391
   1.08231   0.544296   0.220489    2.92263    -2.7886   0.333746   -2.20482
   0.58106   0.981307    1.57774    2.92263   -1.41989   0.998684   -2.82185
  0.581297   0.990834    1.58662    2.92263   -1.41432     1.0098    -2.8197
   0.58173     1.0006     1.5954    2.92263   -1.40887    1.02112   -2.81737
  0.582335    1.01012    1.60366    2.92263   -1.40381     1.0321   -2.81496
   1.18698   0.539007 0.00673532    2.92263    -3.1306   0.320051   -1.95926
   1.16842   0.539216   0.044525    2.92263   -3.06901   0.320603   -2.00385
  0.582515    0.93664    1.53178    2.92263   -1.44961   0.945699   -2.83005
   1.14943   0.539752  0.0832322    2.92263   -3.00617   0.322011   -2.04926
  0.581839   0.946154     1.5422    2.92263   -1.44276   0.957113   -2.82857
   1.13097   0.540586   0.120886    2.92263   -2.94551   0.324193   -2.09295
  0.581356   0.955919    1.55252    2.92263   -1.43603   0.968754    -2.8269
   1.11213   0.541759    0.15937    2.92263   -2.88418    0.32724   -2.13691
   0.58108    0.96569     1.5625    2.92263   -1.42959   0.980329   -2.82507
   1.09343   0.543252   0.197681    2.92263   -2.82397   0.331082   -2.17978
  0.581008   0.975463    1.57214    2.92263   -1.42344   0.991836    -2.8231
   0.58113   0.984991    1.58121    2.92263   -1.41771    1.00299   -2.82104
  0.581438   0.994517    1.58997    2.92263   -1.41224    1.01407   -2.81884
  0.581943    1.00428    1.59863    2.92263   -1.40689    1.02537   -2.81645
  0.582636    1.01404    1.60698    2.92263    -1.4018     1.0366   -2.81393
    1.1798   0.539051  0.0213505    2.92263   -3.10677   0.320168   -1.97652
   0.58303   0.930811    1.52522    2.92263   -1.45395   0.938669   -2.83088
   1.16126    0.53938  0.0591269    2.92263   -3.04526   0.321034   -2.02103
  0.582229   0.940318    1.53585    2.92263   -1.44693    0.95012    -2.8295
   1.14228   0.540038  0.0978048    2.92263   -2.98263   0.322761   -2.06623
   0.58162   0.950079    1.54639    2.92263   -1.44002   0.961801   -2.82792
   1.12338   0.541019   0.136375    2.92263   -2.92073    0.32532   -2.11074
   0.58122   0.959846    1.55658    2.92263   -1.43341   0.973416   -2.82618
   1.10506   0.542284   0.173838    2.92263   -2.86133   0.328597   -2.15321
  0.581029   0.969374    1.56618    2.92263   -1.42724   0.984676   -2.82435
   1.08641   0.543897   0.212071    2.92263   -2.80161    0.33273   -2.19562
  0.581033   0.979147    1.57568    2.92263   -1.42119   0.996157   -2.82232
  0.581227   0.988675    1.58463    2.92263   -1.41556    1.00728    -2.8202
  0.581618   0.998443    1.59349    2.92263   -1.41005    1.01863   -2.81789
  0.582182    1.00796    1.60181    2.92263   -1.40494    1.02961   -2.81551
   1.17263   0.539142  0.0359634    2.92263   -3.08295   0.320406   -1.99376
  0.582696   0.934486    1.52937    2.92263    -1.4512   0.943104   -2.83036
   1.15362   0.539606  0.0746863    2.92263   -3.02001   0.321627   -2.03927
  0.581959   0.944241    1.54013    2.92263   -1.44411   0.954823   -2.82888
   1.13467   0.540394   0.113326    2.92263   -2.95765   0.323691   -2.08422
  0.581434   0.954005    1.55053    2.92263   -1.43733   0.966478   -2.82724
   1.11629   0.541472    0.15088    2.92263   -2.89764   0.326497   -2.12728
  0.581123    0.96353    1.56033    2.92263   -1.43099   0.977777   -2.82549
   1.09755   0.542895   0.189232    2.92263   -2.83717   0.330166   -2.17041
  0.581007   0.973059     1.5698    2.92263   -1.42493   0.989012    -2.8236
   1.07942   0.544587   0.226428    2.92263   -2.77945   0.334486   -2.21127
  0.581086   0.982832    1.57918    2.92263   -1.41898    1.00047   -2.82152
  0.581361   0.992602    1.58823    2.92263   -1.41331    1.01185   -2.81929
  0.581815    1.00212    1.59674    2.92263   -1.40805    1.02288   -2.81699
  0.582467    1.01188    1.60516    2.92263    -1.4029    1.03413   -2.81449
   1.18401   0.539019  0.0127854    2.92263   -3.12073   0.320084   -1.96641
  0.583241   0.928658    1.52277    2.92263   -1.45559   0.936065   -2.83117
   1.16498   0.539289  0.0515366    2.92263    -3.0576   0.320795    -2.0121
  0.582374   0.938406    1.53374    2.92263   -1.44832   0.947823   -2.82979
   1.14647   0.539865  0.0892657    2.92263   -2.99642   0.322307    -2.0563
  0.581736   0.947921    1.54409    2.92263   -1.44152   0.959225   -2.82828
   1.12755   0.540774   0.127863    2.92263   -2.93434   0.324684   -2.10098
  0.581291   0.957687    1.55436    2.92263   -1.43484   0.970855   -2.82658
   1.10921   0.541971   0.165362    2.92263    -2.8747   0.327788   -2.14368
  0.581056   0.967215    1.56403    2.92263   -1.42861   0.982129   -2.82478
   1.09052   0.543513    0.20364    2.92263   -2.81469   0.331751   -2.18636
  0.581015   0.976988    1.57361    2.92263    -1.4225   0.993626   -2.82278
  0.581173    0.98676    1.58286    2.92263   -1.41667    1.00505   -2.82064
  0.581515   0.996285    1.59156    2.92263   -1.41125    1.01613   -2.81842
  0.582054    1.00605    1.60016    2.92263   -1.40595    1.02741     -2.816
   1.17636   0.539089  0.0283676    2.92263   -3.09533   0.320267   -1.98481
  0.582888   0.932332    1.52695    2.92263   -1.45281   0.940506   -2.83067
   1.15782   0.539475  0.0661346    2.92263   -3.03388   0.321284   -2.02925
  0.582103   0.942084    1.53778    2.92263   -1.44565   0.952239   -2.82922
   1.13885   0.540192   0.104796    2.92263   -2.97136   0.323163   -2.07435
  0.581544   0.951602      1.548    2.92263   -1.43897   0.963618   -2.82766
   1.12044   0.541201   0.142382    2.92263   -2.91116   0.325793    -2.1176
  0.581177   0.961371    1.55814    2.92263    -1.4324   0.975222    -2.8259
   1.10168   0.542553   0.180774    2.92263   -2.85042   0.329288   -2.16098
  0.581015   0.971143    1.56792    2.92263   -1.42612   0.986759   -2.82399
   1.08305   0.544223   0.218969    2.92263   -2.79094    0.33356   -2.20316
  0.581051   0.980672    1.57714    2.92263   -1.42027   0.997942   -2.82199
  0.581283   0.990444    1.58626    2.92263   -1.41454    1.00934   -2.81979
  0.581696   0.999967    1.59484    2.92263   -1.40922    1.02039   -2.81752
  0.582307    1.00973    1.60333    2.92263   -1.40401    1.03165   -2.81506
   1.18774   0.539005 0.00518644    2.92263   -3.13313   0.320045   -1.95743
   1.16966   0.539193   0.042009    2.92263    -3.0731   0.320541   -2.00089
  0.582547   0.936251    1.53135    2.92263    -1.4499    0.94523   -2.83011
   1.15019   0.539724  0.0816878    2.92263   -3.00867   0.321939   -2.04745
  0.581863   0.945764    1.54178    2.92263   -1.44303   0.956646   -2.82863
   1.13172   0.540546   0.119345    2.92263   -2.94798   0.324088   -2.09117
  0.581371   0.955529    1.55212    2.92263   -1.43629    0.96829   -2.82697
   1.11335   0.541673   0.156877    2.92263   -2.88813   0.327017   -2.13409
  0.581087   0.965299    1.56211    2.92263   -1.42984   0.979868   -2.82515
   1.09417   0.543186   0.196154    2.92263   -2.82635   0.330913   -2.17809
  0.581007   0.974828    1.57152    2.92263   -1.42383   0.991091   -2.82323
  0.581121   0.984601    1.58084    2.92263   -1.41794    1.00253   -2.82112
  0.581421   0.994127    1.58961    2.92263   -1.41245    1.01362   -2.81893
  0.581919    1.00389    1.59829    2.92263   -1.40709    1.02492   -2.81655
  0.582605    1.01365    1.60665    2.92263     -1.402    1.03615   -2.81403
   1.18104    0.53904  0.0188344    2.92263   -3.11087   0.320139   -1.97355
  0.583091   0.930178     1.5245    2.92263   -1.45443   0.937904   -2.83097
   1.16202   0.539361  0.0575799    2.92263   -3.04778   0.320983   -2.01921
  0.582258   0.939928    1.53542    2.92263   -1.44721   0.949652   -2.82956
   1.14304   0.540006   0.096262    2.92263   -2.98512   0.322676   -2.06444
   0.58164   0.949689    1.54598    2.92263   -1.44029   0.961335   -2.82798
   1.12414   0.540974   0.134837    2.92263   -2.92319   0.325202   -2.10898
   0.58124   0.959212    1.55593    2.92263   -1.43383   0.972663    -2.8263
   1.10581   0.542227   0.172306    2.92263   -2.86374   0.328448   -2.15149
  0.581033   0.968984    1.56579    2.92263   -1.42749   0.984216   -2.82442
   1.08762   0.543783   0.209595    2.92263   -2.80544   0.332439   -2.19291
  0.581026   0.978513    1.57508    2.92263   -1.42158   0.995413   -2.82245
  0.581215   0.988285    1.58427    2.92263   -1.41579    1.00683   -2.82029
  0.581599   0.998053    1.59314    2.92263   -1.41027    1.01817   -2.81799
  0.582156    1.00757    1.60148    2.92263   -1.40514    1.02917   -2.81561
   1.17339    0.53913  0.0344149    2.92263   -3.08547   0.320376   -1.99194
   0.58273   0.934096    1.52894    2.92263   -1.45149   0.942635   -2.83042
   1.15485   0.539566  0.0721741    2.92263   -3.02409   0.321522   -2.03633
  0.581984   0.943851    1.53971    2.92263   -1.44439   0.954356   -2.82894
   1.13543   0.540356   0.111784    2.92263   -2.96012   0.323592   -2.08244
  0.581462   0.953371    1.54986    2.92263   -1.43776   0.965723   -2.82735
   1.11704   0.541422   0.149344    2.92263   -2.90008   0.326367   -2.12554
  0.581132    0.96314    1.55993    2.92263   -1.43124   0.977315   -2.82556
   1.09876   0.542793   0.186749    2.92263   -2.84105   0.329904   -2.16765
  0.581008   0.972668    1.56942    2.92263   -1.42517   0.988553   -2.82368
   1.08016   0.544512   0.224908    2.92263   -2.78179   0.334295   -2.20962
  0.581079   0.982442    1.57881    2.92263   -1.41922    1.00001    -2.8216
  0.581346   0.992212    1.58788    2.92263   -1.41354     1.0114   -2.81938
  0.581793    1.00173     1.5964    2.92263   -1.40826    1.02243   -2.81709
  0.582437    1.01149    1.60483    2.92263    -1.4031    1.03368    -2.8146
   1.18477   0.539016  0.0112365    2.92263   -3.12326   0.320074   -1.96458
   0.58328   0.928268    1.52232    2.92263   -1.45588   0.935594   -2.83122
   1.16574   0.539272  0.0499895    2.92263   -3.06012    0.32075   -2.01028
  0.582424   0.937773    1.53304    2.92263   -1.44878   0.947062   -2.82988
   1.14723   0.539835  0.0877216    2.92263   -2.99891   0.322229    -2.0545
  0.581758   0.947531    1.54367    2.92263   -1.44179   0.958759   -2.82834
   1.12878   0.540706   0.125361    2.92263   -2.93834   0.324505    -2.0981
  0.581313   0.957053     1.5537    2.92263   -1.43527   0.970102   -2.82669
   1.10996   0.541916   0.163828    2.92263   -2.87712   0.327646   -2.14195
  0.581061   0.966824    1.56364    2.92263   -1.42886   0.981669   -2.82485
   1.09173   0.543404   0.201162    2.92263   -2.81855   0.331471   -2.18363
  0.581013   0.976597    1.57324    2.92263   -1.42274   0.993168   -2.82286
  0.581157   0.986126    1.58227    2.92263   -1.41704    1.00431   -2.82078
  0.581497   0.995895    1.59121    2.92263   -1.41146    1.01567   -2.81851
  0.582029    1.00566    1.59983    2.92263   -1.40615    1.02696    -2.8161
  0.582709    1.01492    1.60772    2.92263   -1.40135    1.03762   -2.81369
   1.17759   0.539074  0.0258515    2.92263   -3.09943   0.320228   -1.98184
  0.582924   0.931942    1.52651    2.92263    -1.4531   0.940035   -2.83072
   1.15905    0.53944  0.0636219    2.92263   -3.03796   0.321192    -2.0263
   0.58213   0.941694    1.53736    2.92263   -1.44593   0.951772   -2.82928
   1.14008   0.540135   0.102289    2.92263    -2.9754   0.323016   -2.07144
  0.581551   0.951456    1.54785    2.92263   -1.43907   0.963443   -2.82768
    1.1212   0.541154   0.140845    2.92263   -2.91361    0.32567   -2.11585
  0.581187   0.960981    1.55774    2.92263   -1.43266    0.97476   -2.82597
   1.10289   0.542455   0.178286    2.92263   -2.85433   0.329037    -2.1582
  0.581019   0.970509     1.5673    2.92263   -1.42652   0.986012   -2.82412
   1.08426   0.544105   0.216496    2.92263   -2.79476    0.33326   -2.20046
  0.581043   0.980038    1.57653    2.92263   -1.42066   0.997199   -2.82213
  0.581262   0.989809    1.58568    2.92263   -1.41491     1.0086   -2.81994
  0.581676   0.999576     1.5945    2.92263   -1.40943    1.01994   -2.81762
  0.582262    1.00909    1.60279    2.92263   -1.40434    1.03092   -2.81522
   1.18945   0.539002   0.001701    2.92263   -3.13882   0.320038   -1.95331
   1.17042   0.539179  0.0404613    2.92263   -3.07562   0.320505   -1.99907
  0.582579   0.935861    1.53091    2.92263   -1.45018   0.944761   -2.83016
   1.15142   0.539681  0.0791774    2.92263   -3.01274   0.321824   -2.04452
  0.581887   0.945374    1.54136    2.92263   -1.44331    0.95618    -2.8287
   1.13295   0.540481   0.116841    2.92263     -2.952    0.32392   -2.08828
  0.581387   0.955139    1.55171    2.92263   -1.43656   0.967827   -2.82704
    1.1141   0.541621   0.155342    2.92263   -2.89056   0.326882   -2.13235
  0.581099   0.964665    1.56147    2.92263   -1.43025   0.979118   -2.82527
   1.09538    0.54308   0.193673    2.92263   -2.83022   0.330643   -2.17534
  0.581006   0.974438    1.57114    2.92263   -1.42407   0.990632   -2.82331
  0.581108   0.983966    1.58025    2.92263   -1.41831    1.00179   -2.82126
  0.581396   0.993493    1.58904    2.92263   -1.41281    1.01289   -2.81908
  0.581895     1.0035    1.59795    2.92263    -1.4073    1.02447   -2.81664
  0.582555    1.01301    1.60612    2.92263   -1.40232    1.03543    -2.8142
    1.1818   0.539034  0.0172859    2.92263   -3.11339   0.320123   -1.97172
  0.583105   0.930032    1.52434    2.92263   -1.45454   0.937728   -2.83099
   1.16277   0.539342  0.0560334    2.92263   -3.05029   0.320933   -2.01739
  0.582269   0.939782    1.53526    2.92263   -1.44731   0.949477   -2.82958
   1.14379   0.539974  0.0947182    2.92263   -2.98761   0.322592   -2.06264
  0.581674   0.949055     1.5453    2.92263   -1.44073   0.960579   -2.82809
   1.12583   0.540873   0.131374    2.92263   -2.92872   0.324941   -2.10501
  0.581253   0.958822    1.55553    2.92263   -1.43409   0.972201   -2.82637
   1.10703   0.542134   0.169816    2.92263   -2.86767   0.328208    -2.1487
  0.581044   0.968105    1.56492    2.92263   -1.42805    0.98318    -2.8246
   1.08836   0.543713   0.208071    2.92263   -2.80781   0.332261   -2.19124
  0.581025   0.978367    1.57494    2.92263   -1.42166   0.995242   -2.82249
  0.581197    0.98765    1.58368    2.92263   -1.41615    1.00609   -2.82044
  0.581568   0.997419    1.59257    2.92263   -1.41062    1.01744   -2.81814
  0.582129    1.00718    1.60114    2.92263   -1.40535    1.02872   -2.81571
   1.17462   0.539112  0.0318992    2.92263   -3.08957   0.320328   -1.98897
  0.582765   0.933707     1.5285    2.92263   -1.45178   0.942165   -2.83047
   1.15561   0.539542   0.070628    2.92263   -3.02659    0.32146   -2.03452
   0.58201   0.943461    1.53928    2.92263   -1.44467   0.953889     -2.829
   1.13666   0.540296   0.109279    2.92263   -2.96415   0.323435   -2.07954
   0.58149   0.952736     1.5492    2.92263   -1.43819   0.964968   -2.82746
   1.11779   0.541372   0.147808    2.92263   -2.90252   0.326238   -2.12379
  0.581147   0.962506    1.55929    2.92263   -1.43166   0.976565   -2.82569
   1.09904   0.542769   0.186175    2.92263   -2.84195   0.329844   -2.16701
   0.58101   0.972278    1.56904    2.92263   -1.42541   0.988094   -2.82376
   1.08136    0.54439   0.222438    2.92263   -2.78559   0.333987   -2.20694
  0.581072   0.982051    1.57844    2.92263   -1.41945   0.999555   -2.82169
  0.581314   0.991334    1.58707    2.92263   -1.41404    1.01038   -2.81959
  0.581757     1.0011    1.59584    2.92263    -1.4086     1.0217   -2.81724
   0.58239    1.01086    1.60429    2.92263   -1.40343    1.03295   -2.81476