    -0.32117     0.916382   -0.0192368      2.00743    0.0704983     0.218395      -1.9158
   -0.335259     0.916386    0.0202135      2.00743   -0.0740625     0.218456     -1.76474
   -0.954976       1.5319      1.57055      2.00743     -1.53565      1.55413    -0.461934
    -0.95496      1.54308      1.57105      2.00743     -1.54557      1.55931    -0.461762
   -0.326618     0.916352  -0.00398156      2.00743    0.0146175     0.217837      -1.8574
   -0.341067     0.916465    0.0364741      2.00743    -0.133036       0.2199     -1.70308
    -0.95499      1.53623      1.57078      2.00743     -1.53947      1.55617     -0.46188
   -0.317977     0.916419   -0.0281753      2.00743     0.103039     0.219061     -1.94981
   -0.332066     0.916361     0.011273      2.00743    -0.041362     0.218012     -1.79891
   -0.954955      1.52937      1.57039      2.00743     -1.53343      1.55291    -0.461958
   -0.954977      1.54084      1.57098      2.00743     -1.54357      1.55829    -0.461805
   -0.323425     0.916365   -0.0129229      2.00743    0.0474071     0.218075     -1.89167
   -0.337874     0.916416    0.0275367      2.00743    -0.100721     0.219005     -1.73687
   -0.954985      1.53369      1.57065      2.00743     -1.53723      1.55498    -0.461913
   -0.954939      1.54516       1.5711      2.00743     -1.54743      1.56023    -0.461718
   -0.314785     0.916469   -0.0371131      2.00743     0.135337     0.219974     -1.98358
   -0.328873     0.916351   0.00233203      2.00743  -0.00856138     0.217821     -1.83318
   -0.954926      1.52684      1.57021      2.00743     -1.53121      1.55168    -0.461978
   -0.954988       1.5383      1.57088      2.00743     -1.54131      1.55713    -0.461849
   -0.320232     0.916391   -0.0218623      2.00743    0.0800772     0.218565     -1.92581
   -0.334682      0.91638    0.0185977      2.00743   -0.0681635     0.218357      -1.7709
   -0.954971      1.53116       1.5705      2.00743       -1.535      1.55377    -0.461942
   -0.954964      1.54262      1.57103      2.00743     -1.54517       1.5591    -0.461771
    -0.32568     0.916354  -0.00660905      2.00743    0.0242602     0.217881     -1.86748
   -0.340129     0.916449    0.0338486      2.00743    -0.123572     0.219612     -1.71298
    -0.95499      1.53577      1.57076      2.00743     -1.53907      1.55595    -0.461886
   -0.954915      1.54695      1.57114      2.00743     -1.54904      1.56102    -0.461678
    -0.31704     0.916432   -0.0308014      2.00743     0.112557     0.219303     -1.95976
   -0.331489     0.916358   0.00965676      2.00743   -0.0354378     0.217959      -1.8051
    -0.95495      1.52891      1.57036      2.00743     -1.53302      1.55269    -0.461962
   -0.954981      1.54009      1.57095      2.00743     -1.54291      1.55795    -0.461819
   -0.322848     0.916368   -0.0145395      2.00743    0.0533259     0.218145     -1.89785
   -0.336936     0.916404     0.024911      2.00743   -0.0911787     0.218789     -1.74685
   -0.954983      1.53323      1.57063      2.00743     -1.53683      1.55476    -0.461919
   -0.954944       1.5447      1.57109      2.00743     -1.54702      1.56003    -0.461729
   -0.328296      0.91635   0.00071612      2.00743  -0.00262882     0.217813     -1.83938
   -0.954919      1.52638      1.57018      2.00743      -1.5308      1.55146     -0.46198
   -0.954989      1.53784      1.57086      2.00743     -1.54091      1.55692    -0.461856
   -0.319655     0.916398   -0.0234793      2.00743    0.0859686      0.21868     -1.93197
   -0.334105     0.916375    0.0169814      2.00743   -0.0622573     0.218266     -1.77707
   -0.954967       1.5307      1.57048      2.00743      -1.5346      1.55355    -0.461946
   -0.954968      1.54217      1.57102      2.00743     -1.54476      1.55889     -0.46178
   -0.325103     0.916356   -0.0082244      2.00743     0.030186     0.217919     -1.87367
   -0.339552      0.91644    0.0322328      2.00743    -0.117735     0.219445     -1.71908
   -0.954989      1.53502      1.57072      2.00743     -1.53841       1.5556    -0.461896
   -0.954921      1.54649      1.57113      2.00743     -1.54863      1.56082    -0.461688
   -0.316462     0.916441   -0.0324177      2.00743     0.118404     0.219463     -1.96588
   -0.330912     0.916356   0.00804079      2.00743   -0.0295117     0.217914     -1.81129
   -0.954942      1.52817      1.57031      2.00743     -1.53237      1.55233    -0.461968
   -0.954983      1.53963      1.57093      2.00743      -1.5425      1.55774    -0.461827
    -0.32191     0.916376   -0.0171664      2.00743    0.0629342     0.218276     -1.90789
   -0.336359     0.916397    0.0232948      2.00743   -0.0852961     0.218666     -1.75299
   -0.954981      1.53278       1.5706      2.00743     -1.53642      1.55454    -0.461924
   -0.954952      1.54395      1.57107      2.00743     -1.54636       1.5597    -0.461744
   -0.327718      0.91635 -0.000900209      2.00743   0.00330549     0.217813     -1.84558
   -0.954913      1.52592      1.57014      2.00743      -1.5304      1.55123    -0.461983
    -0.95499       1.5371      1.57082      2.00743     -1.54025      1.55657    -0.461867
   -0.319078     0.916405   -0.0250952      2.00743    0.0918495     0.218803     -1.93812
   -0.333166     0.916368    0.0143546      2.00743   -0.0526484     0.218137     -1.78712
   -0.954961      1.52996      1.57043      2.00743     -1.53394      1.55319    -0.461953
   -0.954971      1.54171        1.571      2.00743     -1.54435      1.55869    -0.461789
   -0.324525     0.916359  -0.00984111      2.00743    0.0361145     0.217965     -1.87987
   -0.338975     0.916431     0.030617      2.00743    -0.111889     0.219286      -1.7252
   -0.954988      1.53457       1.5707      2.00743       -1.538      1.55539    -0.461902
   -0.954928      1.54603      1.57112      2.00743     -1.54822      1.56062    -0.461699
   -0.315885      0.91645   -0.0340327      2.00743     0.124237     0.219632     -1.97198
   -0.329973     0.916353   0.00541431      2.00743   -0.0198752     0.217858     -1.82136
   -0.954937      1.52771      1.57027      2.00743     -1.53197      1.55211    -0.461971
   -0.954986      1.53889       1.5709      2.00743     -1.54184       1.5574    -0.461839
   -0.321332     0.916381   -0.0187829      2.00743    0.0688406     0.218368     -1.91407
   -0.335421     0.916387    0.0206682      2.00743   -0.0757219     0.218485       -1.763
   -0.954978      1.53232      1.57057      2.00743     -1.53602      1.55433    -0.461929
   -0.954956       1.5435      1.57106      2.00743     -1.54595      1.55949    -0.461754
    -0.32678     0.916351  -0.00352716      2.00743    0.0129495     0.217832     -1.85566
   -0.341229     0.916468    0.0369283      2.00743    -0.134671     0.219953     -1.70137
   -0.954902      1.52518      1.57008      2.00743     -1.52975      1.55086    -0.461987
    -0.95499      1.53636      1.57079      2.00743     -1.53959      1.55623    -0.461878
    -0.31814     0.916417   -0.0277205      2.00743     0.101389     0.219021     -1.94809
   -0.332228     0.916362    0.0117279      2.00743   -0.0430288     0.218029     -1.79717
   -0.954956       1.5295       1.5704      2.00743     -1.53354      1.55297    -0.461957
   -0.954977      1.54096      1.57098      2.00743     -1.54368      1.55835    -0.461803
   -0.323587     0.916364   -0.0124689      2.00743    0.0457445     0.218057     -1.88993
   -0.338037     0.916418    0.0279911      2.00743     -0.10237     0.219044     -1.73515
   -0.954986      1.53411      1.57067      2.00743      -1.5376      1.55517    -0.461908
   -0.954933      1.54557      1.57111      2.00743      -1.5478      1.56042    -0.461709
   -0.314947     0.916466   -0.0366589      2.00743     0.133703     0.219921     -1.98188
   -0.329396     0.916352   0.00379744      2.00743   -0.0139409     0.217835     -1.82756
   -0.954927      1.52697      1.57022      2.00743     -1.53132      1.55174    -0.461977
   -0.954988      1.53843      1.57088      2.00743     -1.54143      1.55719    -0.461847
   -0.320394      0.91639   -0.0214089      2.00743    0.0784241     0.218534     -1.92408
   -0.334844     0.916382    0.0190516      2.00743   -0.0698214     0.218384     -1.76917