  -0.242319    0.840078  -0.0416198     2.05773    0.127513    0.246134    -1.94403
  -0.257892    0.839907  -0.0024772     2.05773  0.00763642    0.243963    -1.81717
  -0.273466    0.840039   0.0366675     2.05773   -0.112493    0.245648    -1.69006
   -0.89737     1.44744     1.57008     2.05773    -1.46199     1.51257   -0.393073
  -0.897345     1.45904      1.5719     2.05773    -1.47143     1.51956   -0.392319
  -0.248578    0.839973  -0.0258874     2.05773    0.079611      0.2448    -1.89333
  -0.263764    0.839922    0.012283     2.05773   -0.037843    0.244146    -1.76906
  -0.897296     1.44051     1.56882     2.05773    -1.45642     1.50823   -0.393496
  -0.897382     1.45211     1.57086     2.05773    -1.46576     1.51542   -0.392778
  -0.897289     1.46341      1.5725     2.05773    -1.47503     1.52212   -0.392018
   -0.25445    0.839919  -0.0111288     2.05773   0.0342907    0.244112    -1.84537
  -0.270025    0.839984   0.0280197     2.05773  -0.0861324    0.244945    -1.71797
  -0.897353     1.44517     1.56968     2.05773    -1.46016     1.51116   -0.393214
  -0.897367     1.45648     1.57153     2.05773    -1.46933     1.51804   -0.392492
  -0.245137    0.840025   -0.034536     2.05773    0.106011    0.245458    -1.92127
  -0.260323    0.839908  0.00363204     2.05773  -0.0111953    0.243972    -1.79725
  -0.275896    0.840088   0.0427736     2.05773   -0.131002    0.246256    -1.67046
  -0.897379     1.44954     1.57044     2.05773    -1.46369     1.51386   -0.392942
  -0.897321     1.46114      1.5722     2.05773    -1.47315      1.5208   -0.392176
  -0.251008    0.839945  -0.0197797     2.05773   0.0608884    0.244449    -1.87351
  -0.266584    0.839944   0.0193701     2.05773  -0.0596301    0.244429    -1.74601
  -0.897325     1.44261     1.56922     2.05773     -1.4581     1.50956    -0.39337
  -0.897379     1.45392     1.57115     2.05773    -1.46724     1.51651    -0.39266
  -0.241697    0.840091  -0.0431823     2.05773    0.132238      0.2463    -1.94904
   -0.25727    0.839908 -0.00404128     2.05773   0.0124573    0.243976    -1.82227
  -0.272455    0.840022   0.0341265     2.05773   -0.104764    0.245422    -1.69824
  -0.897367     1.44698        1.57     2.05773    -1.46162     1.51228   -0.393102
   -0.89735     1.45858     1.57184     2.05773    -1.47105     1.51929   -0.392351
  -0.247567    0.839987  -0.0284284     2.05773   0.0873824    0.244974    -1.90155
  -0.263142    0.839918   0.0107195     2.05773  -0.0330301      0.2441    -1.77415
  -0.897289     1.44005     1.56873     2.05773    -1.45605     1.50794   -0.393524
  -0.897382     1.45135     1.57074     2.05773    -1.46515     1.51496   -0.392826
  -0.897296     1.46295     1.57244     2.05773    -1.47464     1.52185   -0.392051
  -0.253828    0.839922  -0.0126923     2.05773   0.0391033    0.244159    -1.85046
  -0.269014    0.839971   0.0254782     2.05773  -0.0783577    0.244774    -1.72619
  -0.897346     1.44442     1.56955     2.05773    -1.45955     1.51069    -0.39326
  -0.897369     1.45602     1.57146     2.05773    -1.46895     1.51777   -0.392522
  -0.244515    0.840035  -0.0360988     2.05773    0.110765    0.245596     -1.9263
    -0.2597    0.839907  0.00206813     2.05773 -0.00637478    0.243961    -1.80235
  -0.275274    0.840075   0.0412103     2.05773   -0.126273    0.246092    -1.67547
  -0.897377     1.44908     1.57036     2.05773    -1.46331     1.51357   -0.392971
  -0.897331     1.46039     1.57209     2.05773    -1.47253     1.52036   -0.392228
  -0.250386    0.839952  -0.0213434     2.05773   0.0656869     0.24453    -1.87859
  -0.265962    0.839938   0.0178062     2.05773   -0.054827    0.244356    -1.75109
  -0.897319     1.44214     1.56913     2.05773    -1.45773     1.50926   -0.393398
   -0.89738     1.45345     1.57107     2.05773    -1.46686     1.51623   -0.392691
  -0.241075    0.840105   -0.044745     2.05773    0.136958    0.246472    -1.95403
  -0.256258    0.839911 -0.00658336     2.05773   0.0202911     0.24401    -1.83056
  -0.271833    0.840011   0.0325637     2.05773   -0.100003    0.245291    -1.70328
  -0.897364     1.44652     1.56992     2.05773    -1.46124     1.51199   -0.393131
  -0.897357     1.45783     1.57173     2.05773    -1.47043     1.51884   -0.392402
  -0.246945    0.839996  -0.0299926     2.05773   0.0921605    0.245089    -1.90661
   -0.26252    0.839915  0.00915545     2.05773  -0.0282138    0.244061    -1.77925
  -0.897276     1.43929     1.56858     2.05773    -1.45545     1.50746   -0.393568
  -0.897382     1.45089     1.57066     2.05773    -1.46478     1.51468   -0.392856
  -0.897303     1.46249     1.57238     2.05773    -1.47426     1.52158   -0.392083
  -0.252817     0.83993  -0.0152344     2.05773   0.0469233    0.244248    -1.85874
  -0.268392    0.839963   0.0239147     2.05773  -0.0735692    0.244677    -1.73126
  -0.897341     1.44395     1.56946     2.05773    -1.45918      1.5104   -0.393289
  -0.897372     1.45555      1.5714     2.05773    -1.46857     1.51749   -0.392553
  -0.243504    0.840054    -0.03864     2.05773    0.118483    0.245834    -1.93447
  -0.259078    0.839907 0.000503808     2.05773 -0.00155268    0.243956    -1.80745
  -0.274652    0.840062    0.039648     2.05773    -0.12154    0.245934    -1.68048
  -0.897374     1.44833     1.57023     2.05773     -1.4627     1.51311   -0.393018
  -0.897336     1.45992     1.57203     2.05773    -1.47215     1.52008   -0.392259
  -0.249764    0.839958   -0.022907     2.05773   0.0704818    0.244617    -1.88366
  -0.264951     0.83993   0.0152646     2.05773  -0.0470153    0.244249    -1.75936
  -0.897309     1.44139     1.56899     2.05773    -1.45713     1.50879   -0.393443
  -0.897381     1.45299       1.571     2.05773    -1.46648     1.51595   -0.392721
  -0.255636    0.839913 -0.00814742     2.05773   0.0251097    0.244039    -1.83566
  -0.271211    0.840002       0.031     2.05773  -0.0952346    0.245167    -1.70833
   -0.89736     1.44605     1.56984     2.05773    -1.46087     1.51171    -0.39316
   -0.89736     1.45736     1.57166     2.05773    -1.47005     1.51857   -0.392433
  -0.245934    0.840011  -0.0325332     2.05773   0.0999108    0.245289    -1.91481
  -0.261898    0.839912  0.00759161     2.05773  -0.0233967    0.244028    -1.78435
  -0.897381     1.45043     1.57059     2.05773     -1.4644      1.5144   -0.392886
  -0.897309     1.46202     1.57231     2.05773    -1.47388     1.52131   -0.392115
  -0.252194    0.839934  -0.0167985     2.05773   0.0517315    0.244312    -1.86382
   -0.26777    0.839956   0.0223508     2.05773   -0.068776    0.244586    -1.73633
  -0.897333      1.4432     1.56933     2.05773    -1.45858     1.50993   -0.393334
  -0.897374     1.45509     1.57132     2.05773    -1.46819     1.51721   -0.392583
  -0.242882    0.840066  -0.0402027     2.05773    0.123221    0.245989    -1.93949
  -0.258067    0.839907 -0.00203824     2.05773  0.00628335    0.243961    -1.81574
  -0.273641    0.840043   0.0371069     2.05773   -0.113828    0.245689    -1.68865
  -0.897372     1.44786     1.57016     2.05773    -1.46233     1.51282   -0.393047
  -0.897344     1.45917     1.57192     2.05773    -1.47153     1.51964   -0.392311
  -0.249142    0.839966  -0.0244701     2.05773   0.0752713    0.244711    -1.88873
  -0.263939    0.839923   0.0127227     2.05773  -0.0391961     0.24416    -1.76763
  -0.897298     1.44064     1.56884     2.05773    -1.45653     1.50831   -0.393488
  -0.897382     1.45224     1.57088     2.05773    -1.46587      1.5155   -0.392769
  -0.897282     1.46383     1.57255     2.05773    -1.47537     1.52236   -0.391989
  -0.254625    0.839918  -0.0106889     2.05773   0.0329365      0.2441    -1.84394
    -0.2702    0.839987    0.028459     2.05773  -0.0874751    0.244977    -1.71654
  -0.897354      1.4453     1.56971     2.05773    -1.46026     1.51124   -0.393206
  -0.897366     1.45661     1.57155     2.05773    -1.46943     1.51812   -0.392483
  -0.245312    0.840022  -0.0340965     2.05773    0.104673     0.24542    -1.91985
  -0.260887    0.839909  0.00504959     2.05773  -0.0155641    0.243988    -1.79263
   -0.27607    0.840091   0.0432124     2.05773   -0.132329    0.246303    -1.66906
   -0.89738     1.44996     1.57051     2.05773    -1.46403     1.51411   -0.392915
  -0.897323     1.46098     1.57217     2.05773    -1.47302      1.5207   -0.392187
  -0.251183    0.839944  -0.0193396     2.05773   0.0595372    0.244427    -1.87208
  -0.266759    0.839945   0.0198097     2.05773  -0.0609797    0.244451    -1.74458
  -0.897327     1.44274     1.56924     2.05773    -1.45821     1.50964   -0.393362
  -0.897377     1.45434     1.57121     2.05773    -1.46758     1.51676   -0.392633
  -0.242261    0.840079   -0.041766     2.05773    0.127955    0.246149     -1.9445
  -0.257834    0.839907 -0.00262398     2.05773  0.00808883    0.243964    -1.81765
   -0.27263    0.840025   0.0345662     2.05773   -0.106102     0.24546    -1.69683