   -1.16768     1.47986      1.5698     2.09797    -1.49265     1.52423   -0.574329
   -1.16772     1.49126     1.57114     2.09797    -1.50185     1.53111   -0.573857
  -0.510565    0.863435  -0.0367167     2.09797    0.154226    0.182646    -2.18888
   -0.52595    0.863306  0.00276721     2.09797  -0.0117252    0.180335    -2.01536
  -0.541333    0.863477   0.0422472     2.09797   -0.176957    0.183393    -1.84257
   -1.16772     1.48426     1.57036     2.09797    -1.49618     1.52692   -0.574155
   -1.16769     1.49596     1.57159     2.09797    -1.50569     1.53385    -0.57364
  -0.516749    0.863347  -0.0208478     2.09797   0.0880923    0.181074     -2.1197
  -0.531751    0.863335   0.0176562     2.09797  -0.0746657    0.180862    -1.94957
   -1.16765     1.47727     1.56945     2.09797    -1.49058     1.52263   -0.574426
   -1.16773     1.48867     1.57086     2.09797    -1.49975     1.52957    -0.57397
   -1.16763     1.50037     1.57196     2.09797    -1.50932     1.53639   -0.573423
   -0.52255    0.863309 -0.00595897     2.09797   0.0252462    0.180383    -2.05401
  -0.537935    0.863413    0.033527     2.09797   -0.141031    0.182262    -1.88016
    -1.1677     1.48168     1.57004     2.09797    -1.49411     1.52535   -0.574258
   -1.16771     1.49337     1.57135     2.09797    -1.50358     1.53235   -0.573761
   -0.51335    0.863389  -0.0295706     2.09797    0.124592    0.181833    -2.15787
  -0.528351    0.863313  0.00893021     2.09797  -0.0378221     0.18046    -1.98808
   -1.16773     1.48638     1.57061     2.09797    -1.49789      1.5282   -0.574068
   -1.16766     1.49778     1.57175     2.09797    -1.50719     1.53491   -0.573551
   -0.51915    0.863326  -0.0146851     2.09797   0.0621414    0.180696    -2.09257
  -0.534536    0.863364   0.0248029     2.09797    -0.10468    0.181386    -1.91819
   -1.16767      1.4791      1.5697     2.09797    -1.49204     1.52376   -0.574358
   -1.16772     1.49079     1.57109     2.09797    -1.50147     1.53083   -0.573877
  -0.509951    0.863446  -0.0382937     2.09797    0.160727    0.182848    -2.19568
  -0.525335    0.863305  0.00118911     2.09797 -0.00503844    0.180324    -2.02235
  -0.540335    0.863457   0.0396861     2.09797   -0.166454    0.183034    -1.85356
   -1.16772      1.4838      1.5703     2.09797    -1.49581     1.52664   -0.574174
   -1.16769      1.4952     1.57152     2.09797    -1.50507     1.53341   -0.573675
   -0.51575    0.863358  -0.0234101     2.09797   0.0988459     0.18127    -2.13095
  -0.531136     0.86333   0.0160785     2.09797  -0.0680176     0.18077    -1.95652
   -1.16764      1.4768     1.56938     2.09797    -1.49021     1.52234   -0.574443
   -1.16773     1.48821     1.57081     2.09797    -1.49937      1.5293    -0.57399
   -1.16763      1.4999     1.57192     2.09797    -1.50894     1.53612   -0.573447
  -0.521935    0.863311 -0.00753665     2.09797   0.0319257     0.18042    -2.06099
  -0.536936    0.863397   0.0309628     2.09797   -0.130385    0.181977     -1.8913
    -1.1677     1.48121     1.56998     2.09797    -1.49373     1.52507   -0.574276
   -1.16771     1.49291      1.5713     2.09797    -1.50319     1.53208   -0.573782
  -0.512735    0.863398  -0.0311478     2.09797    0.131155    0.181998    -2.16474
  -0.527736     0.86331  0.00735229     2.09797  -0.0311444    0.180415    -1.99506
   -1.16772     1.48562     1.57052     2.09797    -1.49728     1.52775   -0.574099
   -1.16767     1.49732     1.57171     2.09797    -1.50681     1.53464   -0.573574
  -0.518535    0.863331  -0.0162621     2.09797   0.0687926     0.18078    -2.09953
  -0.533921    0.863357   0.0232266     2.09797  -0.0980757    0.181256    -1.92509
   -1.16767     1.47863     1.56963     2.09797    -1.49167     1.52347   -0.574375
   -1.16772     1.49003     1.57101     2.09797    -1.50085     1.53038   -0.573911
  -0.509337    0.863458    -0.03987     2.09797     0.16721    0.183059    -2.20247
  -0.524336    0.863305 -0.00137484     2.09797  0.00582642    0.180325    -2.03371
  -0.539721    0.863445   0.0381094     2.09797   -0.159967    0.182824    -1.86035
   -1.16771     1.48304     1.57021     2.09797     -1.4952     1.52618   -0.574204
    -1.1677     1.49473     1.57147     2.09797    -1.50469     1.53314   -0.573698
  -0.515136    0.863365  -0.0249869     2.09797    0.105451    0.181402    -2.13786
  -0.530522    0.863325   0.0145011     2.09797   -0.061364    0.180686    -1.96348
   -1.16763     1.47605     1.56927     2.09797    -1.48961     1.52187   -0.574471
   -1.16773     1.48774     1.57076     2.09797    -1.49899     1.52902    -0.57401
   -1.16764     1.49914     1.57186     2.09797    -1.50831     1.53569   -0.573485
  -0.520936    0.863315  -0.0101005     2.09797   0.0427736    0.180499    -2.07233
  -0.536322    0.863388   0.0293867     2.09797   -0.123825    0.181814    -1.89816
   -1.16769     1.48075     1.56992     2.09797    -1.49336     1.52478   -0.574294
   -1.16772     1.49215     1.57123     2.09797    -1.50257     1.53163   -0.573816
  -0.511737    0.863415  -0.0337116     2.09797    0.141797    0.182283    -2.17587
  -0.527122    0.863308  0.00577527     2.09797  -0.0244673     0.18038    -2.00204
   -1.16772     1.48515     1.57046     2.09797     -1.4969     1.52746   -0.574119
   -1.16768     1.49685     1.57167     2.09797    -1.50642     1.53437   -0.573597
  -0.517921    0.863336  -0.0178396     2.09797    0.075439    0.180873    -2.10647
  -0.532922    0.863346   0.0206626     2.09797  -0.0873133    0.181061    -1.93635
   -1.16766     1.47816     1.56957     2.09797    -1.49129     1.52319   -0.574393
   -1.16773     1.48956     1.57096     2.09797    -1.50047      1.5301   -0.573931
  -0.508338    0.863478  -0.0424323     2.09797    0.177715    0.183419    -2.21346
  -0.523722    0.863306 -0.00295103     2.09797    0.012505    0.180337    -2.04069
  -0.539106    0.863434   0.0365327     2.09797   -0.153465    0.182623    -1.86715
   -1.16771     1.48257     1.57015     2.09797    -1.49482      1.5259   -0.574223
    -1.1677     1.49426     1.57143     2.09797     -1.5043     1.53287   -0.573719
  -0.514521    0.863373  -0.0265641     2.09797    0.112048    0.181542    -2.14475
  -0.529907    0.863321   0.0129231     2.09797  -0.0547021    0.180611    -1.97044
   -1.16762     1.47558     1.56921     2.09797    -1.48924     1.52158   -0.574488
   -1.16773     1.48727     1.57071     2.09797    -1.49861     1.52874    -0.57403
   -1.16765     1.49867     1.57182     2.09797    -1.50792     1.53542   -0.573508
  -0.520322    0.863318  -0.0116771     2.09797   0.0494389    0.180559    -2.07929
  -0.535707     0.86338   0.0278102     2.09797   -0.117251    0.181659    -1.90504
   -1.16769     1.48028     1.56985     2.09797    -1.49299     1.52449   -0.574313
   -1.16772     1.49168     1.57118     2.09797    -1.50219     1.53136   -0.573838
  -0.511122    0.863425  -0.0352881     2.09797    0.148324     0.18247     -2.1827
  -0.526507    0.863307  0.00419676     2.09797  -0.0177816    0.180353    -2.00903
  -0.541506    0.863481    0.042691     2.09797   -0.178772    0.183457    -1.84067
   -1.16772     1.48469     1.57041     2.09797    -1.49653     1.52718   -0.574138
   -1.16768     1.49609      1.5716     2.09797     -1.5058     1.53393   -0.573633
  -0.516922    0.863345   -0.020403     2.09797   0.0862231    0.181042    -2.11775
  -0.531924    0.863337   0.0180994     2.09797  -0.0765318    0.180889    -1.94762
   -1.16765      1.4774     1.56946     2.09797    -1.49069     1.52272   -0.574421
   -1.16773      1.4891     1.57091     2.09797    -1.50009     1.52983   -0.573952
  -0.522723    0.863308 -0.00551504     2.09797   0.0233662    0.180375    -2.05204
  -0.538108    0.863416   0.0339699     2.09797   -0.142867    0.182313    -1.87824
    -1.1677     1.48181     1.57005     2.09797    -1.49421     1.52543   -0.574253
   -1.16771      1.4938     1.57139     2.09797    -1.50392      1.5326   -0.573741
  -0.513523    0.863387  -0.0291272     2.09797    0.122744    0.181788    -2.15594
  -0.528908    0.863315   0.0103592     2.09797  -0.0438665    0.180508    -1.98177
   -1.16773     1.48622     1.57059     2.09797    -1.49776     1.52811   -0.574074
   -1.16765      1.4985     1.57181     2.09797    -1.50778     1.53532   -0.573516
  -0.519323    0.863325  -0.0142425     2.09797   0.0602737    0.180673    -2.09062
  -0.534708    0.863366   0.0252467     2.09797   -0.106537    0.181424    -1.91624