    -0.64733      1.79645      1.57287     0.886602     -1.74812      1.43049      -1.2598
   -0.647329      1.80243      1.56865     0.886602     -1.75027      1.42355     -1.25854
   -0.647343      1.79885       1.5712     0.886602       -1.749      1.42772     -1.25932
   -0.328009      1.47716   -0.0156859     0.886602     0.022253     0.777966     -1.85666
   -0.647316      1.79527      1.57367     0.886602     -1.74768      1.43183     -1.26003
   -0.647339      1.80111       1.5696     0.886602      -1.7498       1.4251     -1.25883
   -0.647338      1.79753      1.57212     0.886602     -1.74851      1.42924     -1.25959
   -0.647317      1.80351      1.56786     0.886602     -1.75064      1.42227     -1.25829
   -0.647344      1.79979      1.57054     0.886602     -1.74933      1.42663     -1.25912
   -0.328947      1.47716    0.0163188     0.886602   -0.0231505     0.777977     -1.82226
   -0.647327      1.79621      1.57303     0.886602     -1.74803      1.43076     -1.25985
   -0.647332      1.80219      1.56882     0.886602     -1.75019      1.42383     -1.25859
   -0.647342      1.79846      1.57147     0.886602     -1.74886      1.42817      -1.2594
   -0.647304      1.80445      1.56718     0.886602     -1.75097      1.42117     -1.25807
   -0.647311      1.79488      1.57393     0.886602     -1.74753      1.43227      -1.2601
    -0.64734      1.80087      1.56977     0.886602     -1.74972      1.42537     -1.25889
   -0.647335      1.79714      1.57239     0.886602     -1.74837      1.42969     -1.25967
   -0.647322      1.80312      1.56815     0.886602     -1.75051      1.42273     -1.25838
   -0.647344      1.79955      1.57071     0.886602     -1.74925      1.42691     -1.25917
   -0.328707      1.47716   0.00812247     0.886602   -0.0115237     0.777867     -1.83107
   -0.647325      1.79597       1.5732     0.886602     -1.74794      1.43103      -1.2599
   -0.647335       1.8018       1.5691     0.886602     -1.75005      1.42428     -1.25868
   -0.647341      1.79822      1.57164     0.886602     -1.74877      1.42844     -1.25945
   -0.647307      1.80421      1.56735     0.886602     -1.75088      1.42145     -1.25813
   -0.647307      1.79465      1.57409     0.886602     -1.74744      1.43254     -1.26015
   -0.647342      1.80048      1.57005     0.886602     -1.74958      1.42583     -1.25897
   -0.647334       1.7969      1.57255     0.886602     -1.74828      1.42996     -1.25971
   -0.647325      1.80289      1.56832     0.886602     -1.75043      1.42301     -1.25843
   -0.647344      1.79931      1.57088     0.886602     -1.74916      1.42719     -1.25922
   -0.328467      1.47716 -6.93202e-05     0.886602  9.84578e-05     0.777831     -1.83988
   -0.647322      1.79573      1.57336     0.886602     -1.74785      1.43131     -1.25994
   -0.647336      1.80156      1.56928     0.886602     -1.74996      1.42456     -1.25873
   -0.647341      1.79798      1.57181     0.886602     -1.74868      1.42872      -1.2595
   -0.647313      1.80382      1.56764     0.886602     -1.75075      1.42191     -1.25822
   -0.647301      1.79426      1.57436     0.886602      -1.7473      1.43298     -1.26022
   -0.647343      1.80024      1.57022     0.886602     -1.74949       1.4261     -1.25902
   -0.647332      1.79666      1.57272     0.886602      -1.7482      1.43024     -1.25976
   -0.647329       1.8025       1.5686     0.886602     -1.75029      1.42347     -1.25852
   -0.647343      1.79892      1.57115     0.886602     -1.74902      1.42764      -1.2593
   -0.328077      1.47716   -0.0133811     0.886602    0.0189838     0.777929     -1.85419
   -0.647317      1.79534      1.57362     0.886602     -1.74771      1.43175     -1.26002
   -0.647338      1.80132      1.56945     0.886602     -1.74988      1.42484     -1.25879
   -0.647338       1.7976      1.57208     0.886602     -1.74854      1.42917     -1.25957
   -0.647316      1.80358      1.56781     0.886602     -1.75067       1.4222     -1.25827
   -0.647343          1.8      1.57039     0.886602     -1.74941      1.42638     -1.25907
   -0.647328      1.79627      1.57299     0.886602     -1.74805      1.43068     -1.25984
   -0.647331      1.80226      1.56877     0.886602     -1.75021      1.42375     -1.25858