  -0.700246     1.24697     1.57049     1.97591     -1.2717     1.44479   -0.269515
  -0.700246     1.24697     1.57049     1.97591    -4.41329    -1.44479     2.87208
 -0.0423543    0.688685  -0.0248968     1.97591   0.0344402    0.477392    -1.61829
 -0.0423543    0.688685  -0.0248968     1.97591    -3.10715   -0.477392     1.52331
 -0.0598046    0.688633   0.0126302     1.97591  -0.0174771    0.477152    -1.56064
 -0.0598046    0.688633   0.0126302     1.97591    -3.15907   -0.477152     1.58095
  -0.700205     1.24017     1.56739     1.97591    -1.26645     1.43951   -0.271142
  -0.700205     1.24017     1.56739     1.97591    -4.40805    -1.43951     2.87045
  -0.700237     1.25126     1.57237     1.97591    -1.27502     1.44806   -0.268497
  -0.700237     1.25126     1.57237     1.97591    -4.41661    -1.44806      2.8731
 -0.0491015    0.688627  -0.0103867     1.97591   0.0143735    0.477125    -1.59601
 -0.0491015    0.688627  -0.0103867     1.97591    -3.12722   -0.477125     1.54559
 -0.0669986    0.688704   0.0281011     1.97591  -0.0388677    0.477481    -1.53689
 -0.0669986    0.688704   0.0281011     1.97591    -3.18046   -0.477481      1.6047
  -0.700239     1.24446     1.56936     1.97591    -1.26976     1.44285   -0.270114
  -0.700239     1.24446     1.56936     1.97591    -4.41135    -1.44285     2.87148
  -0.700197     1.25584     1.57433     1.97591    -1.27858     1.45151   -0.267418
  -0.700197     1.25584     1.57433     1.97591    -4.42017    -1.45151     2.87417
 -0.0384006    0.688742  -0.0333996     1.97591   0.0461858     0.47765    -1.63133
 -0.0384006    0.688742  -0.0333996     1.97591    -3.09541    -0.47765     1.51026
 -0.0562967    0.688617  0.00508648     1.97591 -0.00703901    0.477082    -1.57223
 -0.0562967    0.688617  0.00508648     1.97591    -3.14863   -0.477082     1.56936
  -0.700245     1.24903      1.5714     1.97591    -1.27329     1.44637   -0.269025
  -0.700245     1.24903      1.5714     1.97591    -4.41489    -1.44637     2.87257
 -0.0451468    0.688655  -0.0188914     1.97591   0.0261378    0.477255    -1.60907
 -0.0451468    0.688655  -0.0188914     1.97591    -3.11545   -0.477255     1.53252
 -0.0630444    0.688658   0.0195975     1.97591  -0.0271138    0.477269    -1.54994
 -0.0630444    0.688658   0.0195975     1.97591    -3.16871   -0.477269     1.59165
  -0.700222     1.24195     1.56821     1.97591    -1.26782      1.4409   -0.270715
  -0.700222     1.24195     1.56821     1.97591    -4.40941     -1.4409     2.87088
  -0.700223     1.25332     1.57326     1.97591    -1.27662     1.44962    -0.26801
  -0.700223     1.25332     1.57326     1.97591    -4.41821    -1.44962     2.87358
 -0.0523416    0.688616 -0.00341891     1.97591  0.00473166    0.477075     -1.5853
 -0.0523416    0.688616 -0.00341891     1.97591    -3.13686   -0.477075     1.55629
 -0.0697904    0.688747   0.0341054     1.97591  -0.0471598    0.477675    -1.52768
 -0.0697904    0.688747   0.0341054     1.97591    -3.18875   -0.477675     1.61391
  -0.700246     1.24652     1.57029     1.97591    -1.27135     1.44444   -0.269623
  -0.700246     1.24652     1.57029     1.97591    -4.41294    -1.44444     2.87197
 -0.0411926      0.6887  -0.0273952     1.97591   0.0378927     0.47746    -1.62212
 -0.0411926      0.6887  -0.0273952     1.97591     -3.1037    -0.47746     1.51947
 -0.0590897    0.688628   0.0110928     1.97591  -0.0153501    0.477133    -1.56301
 -0.0590897    0.688628   0.0110928     1.97591    -3.15694   -0.477133     1.57859
  -0.700197     1.23943     1.56705     1.97591    -1.26589     1.43894   -0.271319
  -0.700197     1.23943     1.56705     1.97591    -4.40748    -1.43894     2.87027
  -0.700239     1.25081     1.57218     1.97591    -1.27467     1.44772   -0.268604
  -0.700239     1.25081     1.57218     1.97591    -4.41626    -1.44772     2.87299
 -0.0483865    0.688631  -0.0119243     1.97591   0.0165008    0.477143    -1.59837
 -0.0483865    0.688631  -0.0119243     1.97591    -3.12509   -0.477143     1.54322
 -0.0658369    0.688689   0.0256027     1.97591  -0.0354154    0.477411    -1.54073
 -0.0658369    0.688689   0.0256027     1.97591    -3.17701   -0.477411     1.60087
  -0.700237     1.24401     1.56915     1.97591    -1.26941      1.4425   -0.270222
  -0.700237     1.24401     1.56915     1.97591      -4.411     -1.4425     2.87137
  -0.700206      1.2551     1.57402     1.97591      -1.278     1.45096   -0.267592
  -0.700206      1.2551     1.57402     1.97591     -4.4196    -1.45096       2.874
  -0.037686    0.688754  -0.0349363     1.97591   0.0483072    0.477705    -1.63369
  -0.037686    0.688754  -0.0349363     1.97591    -3.09329   -0.477705     1.50791
 -0.0551346    0.688615  0.00258748     1.97591 -0.00358069    0.477072    -1.57607
 -0.0551346    0.688615  0.00258748     1.97591    -3.14517   -0.477072     1.56552
  -0.700246      1.2483     1.57107     1.97591    -1.27272      1.4458     -0.2692
  -0.700246      1.2483     1.57107     1.97591    -4.41431     -1.4458     2.87239
 -0.0444319    0.688662  -0.0204288     1.97591   0.0282637    0.477286    -1.61143
 -0.0444319    0.688662  -0.0204288     1.97591    -3.11333   -0.477286     1.53016
 -0.0623295    0.688652     0.01806     1.97591  -0.0249877    0.477239     -1.5523
 -0.0623295    0.688652     0.01806     1.97591    -3.16658   -0.477239     1.58929
  -0.700218     1.24149       1.568     1.97591    -1.26747     1.44055   -0.270825
  -0.700218     1.24149       1.568     1.97591    -4.40906    -1.44055     2.87077
  -0.700227     1.25287     1.57307     1.97591    -1.27627     1.44928   -0.268118
  -0.700227     1.25287     1.57307     1.97591    -4.41786    -1.44928     2.87348
 -0.0516266    0.688617 -0.00495648     1.97591  0.00685947    0.477081    -1.58766
 -0.0516266    0.688617 -0.00495648     1.97591    -3.13473   -0.477081     1.55393
 -0.0690758    0.688735   0.0325684     1.97591  -0.0450378    0.477622    -1.53004
 -0.0690758    0.688735   0.0325684     1.97591    -3.18663   -0.477622     1.61155
  -0.700244     1.24578     1.56995     1.97591    -1.27078     1.44387   -0.269799
  -0.700244     1.24578     1.56995     1.97591    -4.41237    -1.44387     2.87179
 -0.0404778     0.68871  -0.0289323     1.97591   0.0400163    0.477505    -1.62448
 -0.0404778     0.68871  -0.0289323     1.97591    -3.10158   -0.477505     1.51711
 -0.0583747    0.688625  0.00955527     1.97591  -0.0132228    0.477116    -1.56537
 -0.0583747    0.688625  0.00955527     1.97591    -3.15482   -0.477116     1.57623
  -0.700191     1.23898     1.56684     1.97591    -1.26554     1.43858   -0.271429
  -0.700191     1.23898     1.56684     1.97591    -4.40713    -1.43858     2.87016
  -0.700241     1.25035     1.57198     1.97591    -1.27432     1.44737   -0.268712
  -0.700241     1.25035     1.57198     1.97591    -4.41591    -1.44737     2.87288
 -0.0476716    0.688635  -0.0134618     1.97591   0.0186279    0.477163    -1.60073
 -0.0476716    0.688635  -0.0134618     1.97591    -3.12296   -0.477163     1.54086
  -0.065122    0.688681   0.0240654     1.97591  -0.0332908    0.477371    -1.54309
  -0.065122    0.688681   0.0240654     1.97591    -3.17488   -0.477371     1.59851
  -0.700232     1.24327     1.56882     1.97591    -1.26884     1.44193   -0.270399
  -0.700232     1.24327     1.56882     1.97591    -4.41043    -1.44193     2.87119
  -0.700211     1.25464     1.57382     1.97591    -1.27765     1.45061   -0.267699
  -0.700211     1.25464     1.57382     1.97591    -4.41924    -1.45061     2.87389
 -0.0365246    0.688774  -0.0374343     1.97591   0.0517545    0.477799    -1.63751
 -0.0365246    0.688774  -0.0374343     1.97591    -3.08984   -0.477799     1.50408
 -0.0544197    0.688615  0.00104989     1.97591 -0.00145279    0.477069    -1.57844
 -0.0544197    0.688615  0.00104989     1.97591    -3.14305   -0.477069     1.56316
 -0.0718673    0.688784   0.0385721     1.97591  -0.0533238    0.477845    -1.52084
 -0.0718673    0.688784   0.0385721     1.97591    -3.19492   -0.477845     1.62075
  -0.700247     1.24784     1.57087     1.97591    -1.27237     1.44545   -0.269309
  -0.700247     1.24784     1.57087     1.97591    -4.41396    -1.44545     2.87228
  -0.043717    0.688669  -0.0219662     1.97591   0.0303893     0.47732    -1.61379
  -0.043717    0.688669  -0.0219662     1.97591     -3.1112    -0.47732      1.5278
 -0.0611676    0.688642   0.0155613     1.97591  -0.0215318    0.477195    -1.55614
 -0.0611676    0.688642   0.0155613     1.97591    -3.16312   -0.477195     1.58545
  -0.700214     1.24104     1.56779     1.97591    -1.26712     1.44019   -0.270933
  -0.700214     1.24104     1.56779     1.97591    -4.40871    -1.44019     2.87066
   -0.70023     1.25241     1.57287     1.97591    -1.27592     1.44893   -0.268225
   -0.70023     1.25241     1.57287     1.97591    -4.41751    -1.44893     2.87337
 -0.0504645    0.688621 -0.00745539     1.97591   0.0103175    0.477098     -1.5915
 -0.0504645    0.688621 -0.00745539     1.97591    -3.13128   -0.477098     1.55009
 -0.0683611    0.688724   0.0310313     1.97591  -0.0429153    0.477571     -1.5324
 -0.0683611    0.688724   0.0310313     1.97591    -3.18451   -0.477571     1.60919
  -0.700243     1.24533     1.56975     1.97591    -1.27043     1.44352   -0.269907
  -0.700243     1.24533     1.56975     1.97591    -4.41202    -1.44352     2.87169
   -0.70019     1.25642     1.57457     1.97591    -1.27903     1.45195   -0.267281
   -0.70019     1.25642     1.57457     1.97591    -4.42063    -1.45195     2.87431
 -0.0397631     0.68872  -0.0304694     1.97591   0.0421395    0.477553    -1.62684
 -0.0397631     0.68872  -0.0304694     1.97591    -3.09945   -0.477553     1.51476
 -0.0572127     0.68862  0.00705631     1.97591  -0.0097649    0.477095    -1.56921
 -0.0572127     0.68862  0.00705631     1.97591    -3.15136   -0.477095     1.57239
  -0.700185     1.23853     1.56662     1.97591    -1.26519     1.43822   -0.271538
  -0.700185     1.23853     1.56662     1.97591    -4.40678    -1.43822     2.87005
  -0.700244     1.24962     1.57166     1.97591    -1.27374     1.44681   -0.268887
  -0.700244     1.24962     1.57166     1.97591    -4.41534    -1.44681     2.87271
 -0.0465097    0.688644  -0.0159604     1.97591   0.0220842    0.477202    -1.60457
 -0.0465097    0.688644  -0.0159604     1.97591    -3.11951   -0.477202     1.53702
 -0.0644072    0.688672   0.0225282     1.97591  -0.0311659    0.477333    -1.54545
 -0.0644072    0.688672   0.0225282     1.97591    -3.17276   -0.477333     1.59615
  -0.700229     1.24281     1.56861     1.97591    -1.26849     1.44157   -0.270508
  -0.700229     1.24281     1.56861     1.97591    -4.41008    -1.44157     2.87108
  -0.700218      1.2539     1.57351     1.97591    -1.27707     1.45006   -0.267873
  -0.700218      1.2539     1.57351     1.97591    -4.41867    -1.45006     2.87372
   -0.03581    0.688788  -0.0389711     1.97591   0.0538746    0.477861    -1.63987
   -0.03581    0.688788  -0.0389711     1.97591    -3.08772   -0.477861     1.50172
 -0.0532576    0.688615   -0.001449     1.97591  0.00200548     0.47707    -1.58227
 -0.0532576    0.688615   -0.001449     1.97591    -3.13959    -0.47707     1.55932
 -0.0711528    0.688771   0.0370352     1.97591  -0.0512035    0.477784    -1.52319
 -0.0711528    0.688771   0.0370352     1.97591     -3.1928   -0.477784      1.6184
  -0.700246      1.2471     1.57055     1.97591     -1.2718     1.44489   -0.269484
  -0.700246      1.2471     1.57055     1.97591    -4.41339    -1.44489     2.87211
 -0.0425552    0.688683  -0.0244646     1.97591   0.0338428    0.477381    -1.61762
 -0.0425552    0.688683  -0.0244646     1.97591    -3.10775   -0.477381     1.52397
 -0.0604527    0.688637   0.0140239     1.97591  -0.0194052    0.477171     -1.5585
 -0.0604527    0.688637   0.0140239     1.97591      -3.161   -0.477171     1.58309
  -0.700206      1.2403     1.56745     1.97591    -1.26655     1.43961   -0.271111
  -0.700206      1.2403     1.56745     1.97591    -4.40815    -1.43961     2.87048
  -0.700235     1.25167     1.57255     1.97591    -1.27534     1.44837   -0.268399
  -0.700235     1.25167     1.57255     1.97591    -4.41693    -1.44837     2.87319
 -0.0497496    0.688624 -0.00899294     1.97591    0.012445    0.477111    -1.59387
 -0.0497496    0.688624 -0.00899294     1.97591    -3.12915   -0.477111     1.54773
 -0.0671995    0.688707   0.0285332     1.97591  -0.0394646    0.477493    -1.53623
 -0.0671995    0.688707   0.0285332     1.97591    -3.18106   -0.477493     1.60536
  -0.700241     1.24487     1.56955     1.97591    -1.27008     1.44317   -0.270016
  -0.700241     1.24487     1.56955     1.97591    -4.41167    -1.44317     2.87158
  -0.700196     1.25596     1.57438     1.97591    -1.27868     1.45161   -0.267388
  -0.700196     1.25596     1.57438     1.97591    -4.42027    -1.45161      2.8742
 -0.0386015    0.688738  -0.0329674     1.97591   0.0455891    0.477635    -1.63067
 -0.0386015    0.688738  -0.0329674     1.97591      -3.096   -0.477635     1.51093
 -0.0564977    0.688618   0.0055188     1.97591 -0.00763727    0.477085    -1.57157
 -0.0564977    0.688618   0.0055188     1.97591    -3.14923   -0.477085     1.57002
  -0.700245     1.24916     1.57146     1.97591    -1.27339     1.44646   -0.268995
  -0.700245     1.24916     1.57146     1.97591    -4.41498    -1.44646      2.8726
 -0.0457947    0.688649  -0.0174979     1.97591   0.0242107    0.477228    -1.60693
 -0.0457947    0.688649  -0.0174979     1.97591    -3.11738   -0.477228     1.53466
 -0.0632454     0.68866   0.0200297     1.97591  -0.0277115    0.477278    -1.54928
 -0.0632454     0.68866   0.0200297     1.97591     -3.1693   -0.477278     1.59231
  -0.700226     1.24236      1.5684     1.97591    -1.26814     1.44122   -0.270617
  -0.700226     1.24236      1.5684     1.97591    -4.40973    -1.44122     2.87098
  -0.700219     1.25373     1.57344     1.97591    -1.27694     1.44993   -0.267913
  -0.700219     1.25373     1.57344     1.97591    -4.41853    -1.44993     2.87368
 -0.0525426    0.688615 -0.00298669     1.97591  0.00413352    0.477073    -1.58464
 -0.0525426    0.688615 -0.00298669     1.97591    -3.13746   -0.477073     1.55695
 -0.0704382    0.688758   0.0354984     1.97591  -0.0490827    0.477726    -1.52555
 -0.0704382    0.688758   0.0354984     1.97591    -3.19068   -0.477726     1.61604
  -0.700246     1.24665     1.57034     1.97591    -1.27145     1.44454   -0.269592
  -0.700246     1.24665     1.57034     1.97591    -4.41304    -1.44454       2.872