   -0.696581      1.24829      1.56829      1.99019      -1.2755      1.43918     -0.23684
   -0.696581      1.24829      1.56829      1.99019     -4.41709     -1.43918      2.90475
    -0.69658       1.2597      1.57323      1.99019     -1.28425      1.44796    -0.234189
    -0.69658       1.2597      1.57323      1.99019     -4.42584     -1.44796       2.9074
  -0.0321991     0.691666   -0.0353431      1.99019    0.0507316     0.460559     -1.61531
  -0.0321991     0.691666   -0.0353431      1.99019     -3.09086    -0.460559      1.52628
    -0.04965     0.691524   0.00219348      1.99019  -0.00315138     0.459885     -1.55557
    -0.04965     0.691524   0.00219348      1.99019     -3.14474    -0.459885      1.58602
   -0.696603      1.25259      1.57019      1.99019     -1.27878      1.44252    -0.235836
   -0.696603      1.25259      1.57019      1.99019     -4.42038     -1.44252      2.90576
  -0.0389458     0.691573   -0.0208305      1.99019    0.0299193     0.460118     -1.59223
  -0.0389458     0.691573   -0.0208305      1.99019     -3.11167    -0.460118      1.54936
  -0.0568459     0.691559    0.0176713      1.99019   -0.0253837     0.460052     -1.53092
  -0.0568459     0.691559    0.0176713      1.99019     -3.16698    -0.460052      1.61067
   -0.696555      1.24577      1.56715      1.99019     -1.27358       1.4372    -0.237431
   -0.696555      1.24577      1.56715      1.99019     -4.41517      -1.4372      2.90416
   -0.696597      1.25718      1.57217      1.99019      -1.2823      1.44604    -0.234772
   -0.696597      1.25718      1.57217      1.99019      -4.4239     -1.44604      2.90682
  -0.0461415     0.691527  -0.00535302      1.99019   0.00769121     0.459898     -1.56759
  -0.0461415     0.691527  -0.00535302      1.99019      -3.1339    -0.459898        1.574
  -0.0635931     0.691642    0.0321848      1.99019   -0.0462056     0.460444     -1.50784
  -0.0635931     0.691642    0.0321848      1.99019      -3.1878    -0.460444      1.63376
   -0.696595      1.25035      1.56921      1.99019     -1.27707      1.44079    -0.236357
   -0.696595      1.25035      1.56921      1.99019     -4.41866     -1.44079      2.90524
   -0.696563      1.26148      1.57397      1.99019     -1.28562      1.44931    -0.233779
   -0.696563      1.26148      1.57397      1.99019     -4.42721     -1.44931      2.90781
  -0.0349913     0.691622   -0.0293368      1.99019     0.042123     0.460349     -1.60577
  -0.0349913     0.691622   -0.0293368      1.99019     -3.09947    -0.460349      1.53583
  -0.0528905     0.691533   0.00916355      1.99019   -0.0131651     0.459928     -1.54447
  -0.0528905     0.691533   0.00916355      1.99019     -3.15476    -0.459928      1.59712
   -0.696604      1.25466      1.57109      1.99019     -1.28037      1.44411    -0.235356
   -0.696604      1.25466      1.57109      1.99019     -4.42196     -1.44411      2.90624
   -0.042186     0.691546   -0.0138611      1.99019    0.0199128     0.459987     -1.58114
   -0.042186     0.691546   -0.0138611      1.99019     -3.12168    -0.459987      1.56045
  -0.0596388     0.691588    0.0236788      1.99019   -0.0340066     0.460187     -1.52136
  -0.0596388     0.691588    0.0236788      1.99019      -3.1756    -0.460187      1.62023
   -0.696577      1.24783      1.56808      1.99019     -1.27515      1.43883    -0.236946
   -0.696577      1.24783      1.56808      1.99019     -4.41674     -1.43883      2.90465
   -0.696586      1.25896      1.57292      1.99019     -1.28367       1.4474     -0.23436
   -0.696586      1.25896      1.57292      1.99019     -4.42527      -1.4474      2.90723
  -0.0310376     0.691687   -0.0378417      1.99019    0.0543104     0.460658     -1.61928
  -0.0310376     0.691687   -0.0378417      1.99019     -3.08728    -0.460658      1.52231
  -0.0489349     0.691524  0.000655353      1.99019 -0.000941421     0.459883     -1.55802
  -0.0489349     0.691524  0.000655353      1.99019     -3.14253    -0.459883      1.58357
   -0.696602      1.25214      1.56999      1.99019     -1.27843      1.44217    -0.235942
   -0.696602      1.25214      1.56999      1.99019     -4.42003     -1.44217      2.90565
  -0.0382309     0.691581   -0.0223684      1.99019    0.0321265     0.460154     -1.59468
  -0.0382309     0.691581   -0.0223684      1.99019     -3.10947    -0.460154      1.54691
  -0.0556838      0.69155    0.0151718      1.99019   -0.0217946     0.460007      -1.5349
  -0.0556838      0.69155    0.0151718      1.99019     -3.16339    -0.460007      1.60669
   -0.696549      1.24531      1.56694      1.99019     -1.27323      1.43684    -0.237538
   -0.696549      1.24531      1.56694      1.99019     -4.41482     -1.43684      2.90405
     -0.6966      1.25644      1.57185      1.99019     -1.28173      1.44548    -0.234943
     -0.6966      1.25644      1.57185      1.99019     -4.42333     -1.44548      2.90665
  -0.0449793     0.691531  -0.00785296      1.99019    0.0112827     0.459916     -1.57157
  -0.0449793     0.691531  -0.00785296      1.99019     -3.13031    -0.459916      1.57002
  -0.0628783     0.691631    0.0306471      1.99019   -0.0440013     0.460392     -1.51028
  -0.0628783     0.691631    0.0306471      1.99019     -3.18559    -0.460392      1.63131
    -0.69659      1.24961      1.56888      1.99019     -1.27651      1.44021     -0.23653
    -0.69659      1.24961      1.56888      1.99019      -4.4181     -1.44021      2.90506
   -0.696568      1.26103      1.57378      1.99019     -1.28527      1.44896    -0.233884
   -0.696568      1.26103      1.57378      1.99019     -4.42686     -1.44896      2.90771
  -0.0342765     0.691633   -0.0308745      1.99019    0.0443277     0.460399     -1.60821
  -0.0342765     0.691633   -0.0308745      1.99019     -3.09727    -0.460399      1.53338
  -0.0521755      0.69153   0.00762554      1.99019   -0.0109557     0.459914     -1.54692
  -0.0521755      0.69153   0.00762554      1.99019     -3.15255    -0.459914      1.59467
   -0.696604       1.2542      1.57089      1.99019     -1.28002      1.44376    -0.235462
   -0.696604       1.2542      1.57089      1.99019     -4.42161     -1.44376      2.90613
   -0.041471     0.691551   -0.0153992      1.99019    0.0221215     0.460011     -1.58359
   -0.041471     0.691551   -0.0153992      1.99019     -3.11947    -0.460011        1.558
  -0.0589239      0.69158    0.0221411      1.99019   -0.0317999     0.460148     -1.52381
  -0.0589239      0.69158    0.0221411      1.99019     -3.17339    -0.460148      1.61778
    -0.69657      1.24709      1.56775      1.99019     -1.27458      1.43824     -0.23712
    -0.69657      1.24709      1.56775      1.99019     -4.41618     -1.43824      2.90447
   -0.696589      1.25851      1.57273      1.99019     -1.28332      1.44705    -0.234465
   -0.696589      1.25851      1.57273      1.99019     -4.42492     -1.44705      2.90713
  -0.0482198     0.691524 -0.000882804      1.99019    0.0012686     0.459883     -1.56047
  -0.0482198     0.691524 -0.000882804      1.99019     -3.14032    -0.459883      1.58112
  -0.0656704     0.691677    0.0366532      1.99019   -0.0526079      0.46061     -1.50074
  -0.0656704     0.691677    0.0366532      1.99019      -3.1942     -0.46061      1.64086
     -0.6966      1.25168      1.56979      1.99019     -1.27809      1.44182    -0.236048
     -0.6966      1.25168      1.56979      1.99019     -4.41968     -1.44182      2.90554
   -0.696547      1.26281      1.57451      1.99019     -1.28664       1.4503    -0.233475
   -0.696547      1.26281      1.57451      1.99019     -4.42824      -1.4503      2.90812
   -0.037516     0.691589   -0.0239062      1.99019    0.0343333     0.460192     -1.59713
   -0.037516     0.691589   -0.0239062      1.99019     -3.10726    -0.460192      1.54446
  -0.0549688     0.691545    0.0136338      1.99019    -0.019586     0.459983     -1.53735
  -0.0549688     0.691545    0.0136338      1.99019     -3.16118    -0.459983      1.60424
   -0.696539      1.24457       1.5666      1.99019     -1.27267      1.43626    -0.237713
   -0.696539      1.24457       1.5666      1.99019     -4.41426     -1.43626      2.90388
   -0.696601      1.25598      1.57166      1.99019     -1.28138      1.44513    -0.235049
   -0.696601      1.25598      1.57166      1.99019     -4.42298     -1.44513      2.90654
  -0.0442642     0.691534  -0.00939093      1.99019    0.0134921      0.45993     -1.57402
  -0.0442642     0.691534  -0.00939093      1.99019      -3.1281     -0.45993      1.56757
  -0.0617165     0.691614    0.0281482      1.99019    -0.040418     0.460312     -1.51425
  -0.0617165     0.691614    0.0281482      1.99019     -3.18201    -0.460312      1.62734
   -0.696587      1.24916      1.56868      1.99019     -1.27616      1.43986    -0.236636
   -0.696587      1.24916      1.56868      1.99019     -4.41775     -1.43986      2.90496
   -0.696573      1.26057      1.57359      1.99019     -1.28492      1.44862    -0.233989
   -0.696573      1.26057      1.57359      1.99019     -4.42651     -1.44862       2.9076
  -0.0335617     0.691644    -0.032412      1.99019    0.0465315     0.460452     -1.61065
  -0.0335617     0.691644    -0.032412      1.99019     -3.09506    -0.460452      1.53094
  -0.0510133     0.691527   0.00512572      1.99019  -0.00736427     0.459897      -1.5509
  -0.0510133     0.691527   0.00512572      1.99019     -3.14896    -0.459897      1.59069
   -0.696604      1.25375       1.5707      1.99019     -1.27967      1.44341    -0.235567
   -0.696604      1.25375       1.5707      1.99019     -4.42126     -1.44341      2.90603
  -0.0403089      0.69156   -0.0178987      1.99019    0.0257106     0.460056     -1.58757
  -0.0403089      0.69156   -0.0178987      1.99019     -3.11588    -0.460056      1.55402
  -0.0582089     0.691572    0.0206032      1.99019   -0.0295926     0.460113     -1.52626
  -0.0582089     0.691572    0.0206032      1.99019     -3.17119    -0.460113      1.61534
   -0.696565      1.24663      1.56754      1.99019     -1.27424      1.43789    -0.237227
   -0.696565      1.24663      1.56754      1.99019     -4.41583     -1.43789      2.90437
   -0.696594      1.25776      1.57242      1.99019     -1.28275      1.44649    -0.234637
   -0.696594      1.25776      1.57242      1.99019     -4.42435     -1.44649      2.90696
  -0.0470576     0.691525   -0.0033825      1.99019   0.00486011     0.459889     -1.56445
  -0.0470576     0.691525   -0.0033825      1.99019     -3.13673    -0.459889      1.57714
  -0.0649557     0.691665    0.0351158      1.99019   -0.0504057     0.460551     -1.50318
  -0.0649557     0.691665    0.0351158      1.99019       -3.192    -0.460551      1.63841
   -0.696598      1.25094      1.56947      1.99019     -1.27752      1.44124    -0.236221
   -0.696598      1.25094      1.56947      1.99019     -4.41911     -1.44124      2.90537
   -0.696553      1.26235      1.57433      1.99019     -1.28629      1.44996    -0.233579
   -0.696553      1.26235      1.57433      1.99019     -4.42788     -1.44996      2.90801
  -0.0363541     0.691603   -0.0264054      1.99019    0.0379187      0.46026      -1.6011
  -0.0363541     0.691603   -0.0264054      1.99019     -3.10367     -0.46026      1.54049
  -0.0542537      0.69154    0.0120957      1.99019   -0.0173769     0.459962      -1.5398
  -0.0542537      0.69154    0.0120957      1.99019     -3.15897    -0.459962      1.60179
   -0.696603      1.25524      1.57134      1.99019     -1.28081      1.44456     -0.23522
   -0.696603      1.25524      1.57134      1.99019     -4.42241     -1.44456      2.90637
  -0.0431021      0.69154   -0.0118907      1.99019    0.0170828     0.459959       -1.578
  -0.0431021      0.69154   -0.0118907      1.99019     -3.12451    -0.459959      1.56359
  -0.0610017     0.691605    0.0266104      1.99019   -0.0382125     0.460266      -1.5167
  -0.0610017     0.691605    0.0266104      1.99019     -3.17981    -0.460266      1.62489
   -0.696582      1.24842      1.56834      1.99019     -1.27559      1.43928     -0.23681
   -0.696582      1.24842      1.56834      1.99019     -4.41719     -1.43928      2.90478
   -0.696579      1.25983      1.57328      1.99019     -1.28434      1.44806     -0.23416
   -0.696579      1.25983      1.57328      1.99019     -4.42594     -1.44806      2.90743
     -0.0324     0.691663   -0.0349109      1.99019    0.0501124     0.460543     -1.61463
     -0.0324     0.691663   -0.0349109      1.99019     -3.09148    -0.460543      1.52697
  -0.0502982     0.691525   0.00358761      1.99019  -0.00515442      0.45989     -1.55335
  -0.0502982     0.691525   0.00358761      1.99019     -3.14675     -0.45989      1.58824
   -0.696604        1.253      1.57037      1.99019      -1.2791      1.44284     -0.23574
   -0.696604        1.253      1.57037      1.99019     -4.42069     -1.44284      2.90585
  -0.0395939     0.691567   -0.0194367      1.99019    0.0279185     0.460087     -1.59002
  -0.0395939     0.691567   -0.0194367      1.99019     -3.11367    -0.460087      1.55158
  -0.0570469     0.691561    0.0181037      1.99019   -0.0260045      0.46006     -1.53023
  -0.0570469     0.691561    0.0181037      1.99019      -3.1676     -0.46006      1.61136
    -0.69656      1.24618      1.56733      1.99019     -1.27389      1.43753    -0.237334
    -0.69656      1.24618      1.56733      1.99019     -4.41548     -1.43753      2.90426
   -0.696596      1.25731      1.57222      1.99019      -1.2824      1.44614    -0.234742
   -0.696596      1.25731      1.57222      1.99019     -4.42399     -1.44614      2.90685
  -0.0463425     0.691526  -0.00492065      1.99019   0.00707002     0.459896      -1.5669
  -0.0463425     0.691526  -0.00492065      1.99019     -3.13452    -0.459896      1.57469
  -0.0637941     0.691645     0.032617      1.99019    -0.046825     0.460459     -1.50715
  -0.0637941     0.691645     0.032617      1.99019     -3.18842    -0.460459      1.63444
   -0.696595      1.25048      1.56927      1.99019     -1.27717      1.44089    -0.236327
   -0.696595      1.25048      1.56927      1.99019     -4.41876     -1.44089      2.90527
   -0.696559       1.2619      1.57414      1.99019     -1.28594      1.44962    -0.233684
   -0.696559       1.2619      1.57414      1.99019     -4.42753     -1.44962      2.90791
  -0.0356392     0.691613   -0.0279432      1.99019    0.0401244     0.460306     -1.60355
  -0.0356392     0.691613   -0.0279432      1.99019     -3.10147    -0.460306      1.53804
  -0.0530916     0.691534   0.00959609      1.99019   -0.0137864     0.459933     -1.54378
  -0.0530916     0.691534   0.00959609      1.99019     -3.15538    -0.459933      1.59781
   -0.696603      1.25507      1.57127      1.99019     -1.28068      1.44443     -0.23526
   -0.696603      1.25507      1.57127      1.99019     -4.42228     -1.44443      2.90633
   -0.042387     0.691544   -0.0134287      1.99019    0.0192918     0.459981     -1.58045
   -0.042387     0.691544   -0.0134287      1.99019      -3.1223    -0.459981      1.56114
  -0.0602868     0.691596    0.0250727      1.99019   -0.0360066     0.460223     -1.51914
  -0.0602868     0.691596    0.0250727      1.99019      -3.1776    -0.460223      1.62245
   -0.696578      1.24796      1.56814      1.99019     -1.27525      1.43893    -0.236916
   -0.696578      1.24796      1.56814      1.99019     -4.41684     -1.43893      2.90468
   -0.696583      1.25938      1.57309      1.99019     -1.28399      1.44771    -0.234265
   -0.696583      1.25938      1.57309      1.99019     -4.42559     -1.44771      2.90733