    -1.11657      1.47702      1.57107      1.59868     -1.47705      1.56846       -1.047
    -1.11657      1.47702      1.57107      1.59868     -4.61864     -1.56846      2.09459
   -0.581398     0.955509 -0.000342071      1.59868  0.000504182     0.587402     -2.11103
   -0.581398     0.955509 -0.000342071      1.59868     -3.14109    -0.587402      1.03056
    -1.11656      1.47083      1.57004      1.59868     -1.47089      1.56726     -1.04711
    -1.11656      1.47083      1.57004      1.59868     -4.61248     -1.56726      2.09449
    -1.11655      1.48077      1.57163      1.59868     -1.48078      1.56912     -1.04692
    -1.11655      1.48077      1.57163      1.59868     -4.62237     -1.56912      2.09467
   -0.586288     0.955527    0.0162735      1.59868   -0.0239738     0.587579     -2.08595
   -0.586288     0.955527    0.0162735      1.59868     -3.16557    -0.587579      1.05564
    -1.11658      1.47483      1.57072      1.59868     -1.47486      1.56805     -1.04704
    -1.11658      1.47483      1.57072      1.59868     -4.61646     -1.56805      2.09455
   -0.578709     0.955515  -0.00947756      1.59868    0.0139643     0.587462     -2.12482
   -0.578709     0.955515  -0.00947756      1.59868     -3.12763    -0.587462      1.01678
    -1.11657      1.47857      1.57131      1.59868     -1.47859      1.56874     -1.04697
    -1.11657      1.47857      1.57131      1.59868     -4.62019     -1.56874      2.09462
     -0.5836     0.955513   0.00713986      1.59868   -0.0105199     0.587436     -2.09974
     -0.5836     0.955513   0.00713986      1.59868     -3.15211    -0.587436      1.04186
    -1.11657      1.47263      1.57035      1.59868     -1.47268      1.56762     -1.04708
    -1.11657      1.47263      1.57035      1.59868     -4.61427     -1.56762      2.09451
   -0.576021     0.955533   -0.0186108      1.59868    0.0274157     0.587633      -2.1386
   -0.576021     0.955533   -0.0186108      1.59868     -3.11418    -0.587633        1.003
    -1.11657      1.47638      1.57097      1.59868     -1.47641      1.56834     -1.04701
    -1.11657      1.47638      1.57097      1.59868       -4.618     -1.56834      2.09458
   -0.580912     0.955509  -0.00199497      1.59868    0.0029397     0.587405     -2.11352
   -0.580912     0.955509  -0.00199497      1.59868     -3.13865    -0.587405      1.02807
    -1.11656      1.47044      1.56997      1.59868      -1.4705      1.56718     -1.04711
    -1.11656      1.47044      1.56997      1.59868     -4.61209     -1.56718      2.09448
    -1.11655      1.48037      1.57157      1.59868     -1.48038      1.56905     -1.04693
    -1.11655      1.48037      1.57157      1.59868     -4.62198     -1.56905      2.09466
   -0.585498     0.955522    0.0135901      1.59868   -0.0200219     0.587525        -2.09
   -0.585498     0.955522    0.0135901      1.59868     -3.16161    -0.587525      1.05159
    -1.11657      1.47418      1.57061      1.59868     -1.47422      1.56793     -1.04705
    -1.11657      1.47418      1.57061      1.59868     -4.61582     -1.56793      2.09454
   -0.578223     0.955518   -0.0111289      1.59868    0.0163969     0.587485     -2.12731
   -0.578223     0.955518   -0.0111289      1.59868      -3.1252    -0.587485      1.01428
    -1.11657      1.47817      1.57125      1.59868      -1.4782      1.56867     -1.04698
    -1.11657      1.47817      1.57125      1.59868     -4.61979     -1.56867      2.09461
    -0.58281      0.95551   0.00445575      1.59868  -0.00656524     0.587416     -2.10379
    -0.58281      0.95551   0.00445575      1.59868     -3.14816    -0.587416      1.03781
    -1.11657      1.47223      1.57028      1.59868     -1.47229      1.56754     -1.04709
    -1.11657      1.47223      1.57028      1.59868     -4.61388     -1.56754      2.09451
   -0.575535     0.955538   -0.0202613      1.59868    0.0298456     0.587676     -2.14108
   -0.575535     0.955538   -0.0202613      1.59868     -3.11175    -0.587676      1.00051
    -1.11658      1.47598      1.57091      1.59868     -1.47601      1.56827     -1.04702
    -1.11658      1.47598      1.57091      1.59868     -4.61761     -1.56827      2.09457
   -0.580426      0.95551  -0.00364608      1.59868   0.00537254     0.587411     -2.11602
   -0.580426      0.95551  -0.00364608      1.59868     -3.13622    -0.587411      1.02558
    -1.11655      1.47004       1.5699      1.59868      -1.4701       1.5671     -1.04712
    -1.11655      1.47004       1.5699      1.59868     -4.61169      -1.5671      2.09448
    -1.11656      1.47972      1.57148      1.59868     -1.47974      1.56894     -1.04694
    -1.11656      1.47972      1.57148      1.59868     -4.62133     -1.56894      2.09465
   -0.585012     0.955519    0.0119392      1.59868   -0.0175902     0.587497     -2.09249
   -0.585012     0.955519    0.0119392      1.59868     -3.15918    -0.587497       1.0491
    -1.11657      1.47378      1.57055      1.59868     -1.47383      1.56785     -1.04706
    -1.11657      1.47378      1.57055      1.59868     -4.61542     -1.56785      2.09453
   -0.577737      0.95552   -0.0127789      1.59868    0.0188274     0.587511      -2.1298
   -0.577737      0.95552   -0.0127789      1.59868     -3.12277    -0.587511      1.01179
    -1.11657      1.47753      1.57115      1.59868     -1.47756      1.56855     -1.04699
    -1.11657      1.47753      1.57115      1.59868     -4.61915     -1.56855       2.0946
   -0.582324      0.95551   0.00280458      1.59868  -0.00413234     0.587408     -2.10628
   -0.582324      0.95551   0.00280458      1.59868     -3.14573    -0.587408      1.03531
    -1.11656      1.47159      1.57017      1.59868     -1.47164      1.56741     -1.04709
    -1.11656      1.47159      1.57017      1.59868     -4.61324     -1.56741       2.0945
   -0.587214     0.955535    0.0194201      1.59868   -0.0286069     0.587654     -2.08121
   -0.587214     0.955535    0.0194201      1.59868      -3.1702    -0.587654      1.06038
    -1.11658      1.47558      1.57084      1.59868     -1.47562      1.56819     -1.04703
    -1.11658      1.47558      1.57084      1.59868     -4.61721     -1.56819      2.09456
   -0.579636     0.955512  -0.00632924      1.59868   0.00932592     0.587429     -2.12007
   -0.579636     0.955512  -0.00632924      1.59868     -3.13227    -0.587429      1.02153
    -1.11655      1.46964      1.56983      1.59868     -1.46971      1.56702     -1.04712
    -1.11655      1.46964      1.56983      1.59868      -4.6113     -1.56702      2.09447
    -1.11656      1.47933      1.57142      1.59868     -1.47935      1.56887     -1.04695
    -1.11656      1.47933      1.57142      1.59868     -4.62094     -1.56887      2.09464
   -0.584526     0.955516    0.0102881      1.59868    -0.015158     0.587473     -2.09498
   -0.584526     0.955516    0.0102881      1.59868     -3.15675    -0.587473      1.04661
    -1.11657      1.47339      1.57048      1.59868     -1.47343      1.56777     -1.04707
    -1.11657      1.47339      1.57048      1.59868     -4.61503     -1.56777      2.09453
   -0.576948     0.955526    -0.015463      1.59868    0.0227805     0.587562     -2.13385
   -0.576948     0.955526    -0.015463      1.59868     -3.11881    -0.587562      1.00775
    -1.11657      1.47713      1.57109      1.59868     -1.47716      1.56848       -1.047
    -1.11657      1.47713      1.57109      1.59868     -4.61875     -1.56848      2.09459
   -0.581838     0.955509   0.00115395      1.59868  -0.00170018     0.587403     -2.10877
   -0.581838     0.955509   0.00115395      1.59868     -3.14329    -0.587403      1.03282
    -1.11656      1.47119       1.5701      1.59868     -1.47125      1.56733      -1.0471
    -1.11656      1.47119       1.5701      1.59868     -4.61284     -1.56733      2.09449
   -0.586425     0.955528    0.0167375      1.59868   -0.0246571     0.587589     -2.08525
   -0.586425     0.955528    0.0167375      1.59868     -3.16625    -0.587589      1.05634
    -1.11658      1.47494      1.57074      1.59868     -1.47498      1.56807     -1.04704
    -1.11658      1.47494      1.57074      1.59868     -4.61657     -1.56807      2.09455
   -0.578846     0.955515  -0.00901228      1.59868    0.0132788     0.587457     -2.12411
   -0.578846     0.955515  -0.00901228      1.59868     -3.12831    -0.587457      1.01748
    -1.11657      1.47868      1.57132      1.59868      -1.4787      1.56876     -1.04697
    -1.11657      1.47868      1.57132      1.59868      -4.6203     -1.56876      2.09462
   -0.583737     0.955513    0.0076037      1.59868   -0.0112033     0.587441     -2.09904
   -0.583737     0.955513    0.0076037      1.59868      -3.1528    -0.587441      1.04256
    -1.11657      1.47274      1.57037      1.59868     -1.47279      1.56764     -1.04708
    -1.11657      1.47274      1.57037      1.59868     -4.61438     -1.56764      2.09452
   -0.576462     0.955529   -0.0171152      1.59868    0.0252135     0.587598     -2.13634
   -0.576462     0.955529   -0.0171152      1.59868     -3.11638    -0.587598      1.00525