  -0.247117     1.84379      1.5713     1.38254    -1.83928     1.52079   -0.393787
   0.241471     1.34313  -0.0182173     1.38254   0.0438971    0.416322    -1.33868
  -0.247112     1.84713     1.56951     1.38254    -1.84227      1.5185   -0.393145
   0.238037     1.34313    0.014311     1.38254  -0.0344921    0.416173    -1.26307
   -0.24711     1.84183     1.57233     1.38254    -1.83753     1.52212   -0.394141
  -0.247085     1.85048     1.56768     1.38254    -1.84524     1.51617   -0.392455
  -0.247118     1.84517     1.57057     1.38254    -1.84052     1.51985   -0.393526
    0.24005     1.34312 -0.00475639     1.38254   0.0114679    0.415959     -1.3074
  -0.247094     1.83986     1.57334     1.38254    -1.83578     1.52343   -0.394479
  -0.247102     1.84874     1.56864     1.38254     -1.8437     1.51738   -0.392819
  -0.247116     1.84321      1.5716     1.38254    -1.83877     1.52118   -0.393892
  -0.247114     1.84678     1.56971     1.38254    -1.84195     1.51874   -0.393215
   0.238401     1.34313   0.0108646     1.38254    -0.02619    0.416072    -1.27108
  -0.247107     1.84147     1.57251     1.38254    -1.83721     1.52236   -0.394203
  -0.247089     1.85012     1.56788     1.38254    -1.84493     1.51642   -0.392531
  -0.247118     1.84482     1.57075     1.38254     -1.8402     1.52009   -0.393594
   0.240413     1.34312 -0.00820017     1.38254   0.0197693    0.416012    -1.31541
  -0.247088     1.83929     1.57363     1.38254    -1.83526     1.52382   -0.394576
  -0.247106     1.84816     1.56895     1.38254    -1.84318     1.51779   -0.392937
  -0.247115     1.84286     1.57179     1.38254    -1.83845     1.52143   -0.393957
  -0.247116      1.8462     1.57002     1.38254    -1.84144     1.51914   -0.393328
   0.238765     1.34312  0.00741817     1.38254   -0.017884    0.415998    -1.27909
  -0.247103      1.8409     1.57281     1.38254     -1.8367     1.52275   -0.394303
  -0.247092     1.84977     1.56807     1.38254    -1.84461     1.51666   -0.392605
  -0.247118     1.84424     1.57106     1.38254    -1.83969     1.52048   -0.393702
   0.240777     1.34313  -0.0116481     1.38254   0.0280779    0.416092    -1.32342
  -0.247084     1.83893     1.57381     1.38254    -1.83494     1.52405   -0.394634
  -0.247109     1.84781     1.56915     1.38254    -1.84287     1.51803   -0.393009
  -0.247113      1.8425     1.57197     1.38254    -1.83813     1.52166    -0.39402
  -0.247117     1.84585      1.5702     1.38254    -1.84112     1.51938   -0.393396
   0.239356     1.34312  0.00181548     1.38254  -0.0043771    0.415937    -1.29212
    -0.2471     1.84054     1.57299     1.38254    -1.83638     1.52298   -0.394365
  -0.247098     1.84919     1.56839     1.38254     -1.8441     1.51707   -0.392725
  -0.247118     1.84389     1.57125     1.38254    -1.83937     1.52073   -0.393768
   0.241141     1.34313  -0.0150957     1.38254   0.0363822      0.4162    -1.33143
  -0.247111     1.84745     1.56934     1.38254    -1.84255     1.51828    -0.39308
   0.237707     1.34313   0.0174356     1.38254  -0.0420153    0.416289    -1.25582
   -0.24711     1.84193     1.57227     1.38254    -1.83762     1.52205   -0.394123
  -0.247118     1.84527     1.57051     1.38254    -1.84061     1.51978   -0.393507
    0.23972     1.34312 -0.00163129     1.38254  0.00393341    0.415936    -1.30014
  -0.247095     1.83996     1.57329     1.38254    -1.83586     1.52337   -0.394462
  -0.247101     1.84884     1.56859     1.38254    -1.84379     1.51732   -0.392799
  -0.247116     1.84331     1.57155     1.38254    -1.83886     1.52112   -0.393874