   -1.40247     1.64617     1.57181     1.90138    -1.64177      1.5962     -1.0603
   -1.40253      1.6573     1.57057     1.90138    -1.65271     1.59863    -1.06055
  -0.794772      1.0341 0.000699461     1.90138  -0.0029368    0.206112     -2.3498
   -1.40252     1.65064     1.57136     1.90138    -1.64616     1.59722    -1.06042
   -1.40251      1.6615     1.57001     1.90138    -1.65687     1.59947     -1.0606
  -0.786698     1.03415  -0.0269444     1.90138    0.112628    0.207502    -2.46897
  -0.799659     1.03412   0.0174333     1.90138  -0.0730656    0.206694    -2.27749
   -1.40254     1.65484     1.57088     1.90138    -1.65029     1.59813    -1.06051
  -0.791908     1.03411 -0.00910664     1.90138   0.0382216    0.206271    -2.39224
    -1.4025     1.64818     1.57161     1.90138    -1.64374     1.59666    -1.06036
   -1.40253     1.65904     1.57035     1.90138    -1.65443     1.59899    -1.06057
  -0.796795     1.03411   0.0076279     1.90138  -0.0320194    0.206223    -2.31982
   -1.40253     1.65238     1.57116     1.90138    -1.64786      1.5976    -1.06046
   -1.40249     1.66352     1.56973     1.90138    -1.65887     1.59985    -1.06061
  -0.789044     1.03413  -0.0189129     1.90138   0.0792403    0.206798    -2.43454
  -0.802005     1.03415   0.0254662     1.90138     -0.1065    0.207354    -2.24301
   -1.40253     1.65686     1.57063     1.90138    -1.65227     1.59854    -1.06054
  -0.793931      1.0341 -0.00217998     1.90138   0.0091545     0.20612    -2.36227
   -1.40251     1.64992     1.57143     1.90138    -1.64545     1.59706    -1.06041
   -1.40251     1.66106     1.57008     1.90138    -1.65643     1.59938    -1.06059
   -0.78618     1.03416  -0.0287174     1.90138    0.119964     0.20769    -2.47654
  -0.799141     1.03412   0.0156591     1.90138   -0.065654    0.206582    -2.28514
   -1.40253      1.6544     1.57093     1.90138    -1.64985     1.59803     -1.0605
  -0.791066     1.03411  -0.0119879     1.90138   0.0502948    0.206387    -2.40469
   -1.40249     1.64774     1.57166     1.90138    -1.64331     1.59656    -1.06035
   -1.40253      1.6586     1.57041     1.90138    -1.65399      1.5989    -1.06057
  -0.796277     1.03411  0.00585341     1.90138  -0.0245744    0.206177    -2.32749
   -1.40253     1.65194     1.57121     1.90138    -1.64743      1.5975    -1.06045
   -1.40249     1.66308     1.56979     1.90138    -1.65843     1.59976     -1.0606
  -0.788526     1.03413   -0.020686     1.90138   0.0866307    0.206932    -2.44216
  -0.801164     1.03414   0.0225837     1.90138  -0.0945282    0.207089    -2.25536
   -1.40253     1.65641     1.57069     1.90138    -1.65183     1.59845    -1.06054
  -0.793413      1.0341 -0.00395262     1.90138    0.016597    0.206141    -2.36994
   -1.40251     1.64947     1.57148     1.90138    -1.64501     1.59696    -1.06039
   -1.40252     1.66034     1.57018     1.90138    -1.65571     1.59924    -1.06059
    -0.7983     1.03411   0.0127798     1.90138  -0.0536099    0.206425    -2.29756
   -1.40253     1.65367     1.57102     1.90138    -1.64914     1.59788    -1.06049
  -0.790549     1.03412  -0.0137603     1.90138   0.0577143    0.206475    -2.41234
   -1.40248     1.64701     1.57173     1.90138     -1.6426     1.59639    -1.06033
   -1.40253     1.65815     1.57046     1.90138    -1.65355     1.59881    -1.06056
  -0.795436      1.0341  0.00297302     1.90138  -0.0124834    0.206128    -2.33996
   -1.40252     1.65149     1.57126     1.90138    -1.64699     1.59741    -1.06044
    -1.4025     1.66235     1.56989     1.90138    -1.65771     1.59963     -1.0606
  -0.787685     1.03414  -0.0235649     1.90138   0.0986076    0.207176    -2.45451
  -0.800646     1.03413   0.0208124     1.90138  -0.0871564    0.206942    -2.26296
   -1.40254     1.65569     1.57077     1.90138    -1.65112      1.5983    -1.06053
  -0.792895     1.03411  -0.0057252     1.90138   0.0240372    0.206174    -2.37762
    -1.4025     1.64903     1.57153     1.90138    -1.64457     1.59686    -1.06038
   -1.40252     1.65989     1.57023     1.90138    -1.65527     1.59915    -1.06058
  -0.797782     1.03411   0.0110064     1.90138   -0.046183    0.206344    -2.30521
   -1.40253     1.65323     1.57107     1.90138     -1.6487     1.59778    -1.06048
  -0.790031     1.03412  -0.0155337     1.90138   0.0651307    0.206574    -2.41999
  -0.802992     1.03416   0.0288438     1.90138   -0.120486    0.207704    -2.22859
   -1.40248     1.64657     1.57177     1.90138    -1.64217     1.59629    -1.06031
   -1.40253     1.65771     1.57052     1.90138    -1.65311     1.59872    -1.06056
  -0.794918      1.0341  0.00119954     1.90138 -0.00503676    0.206114    -2.34764
   -1.40252     1.65077     1.57134     1.90138    -1.64628     1.59724    -1.06043
   -1.40251     1.66191     1.56996     1.90138    -1.65727     1.59954     -1.0606
  -0.787167     1.03414  -0.0253371     1.90138    0.105965    0.207341     -2.4621
  -0.800128     1.03413     0.01904     1.90138  -0.0797698    0.206807    -2.27058
   -1.40254     1.65525     1.57083     1.90138    -1.65068     1.59821    -1.06052
  -0.792054     1.03411 -0.00860745     1.90138   0.0361285    0.206254    -2.39008
    -1.4025     1.64859     1.57157     1.90138    -1.64414     1.59675    -1.06037
   -1.40252     1.65945     1.57029     1.90138    -1.65483     1.59906    -1.06058
  -0.797264     1.03411  0.00923383     1.90138   -0.038754    0.206275    -2.31287
   -1.40253     1.65306     1.57109     1.90138    -1.64853     1.59775    -1.06048
   -1.40249     1.66365     1.56971     1.90138      -1.659     1.59987    -1.06061
   -0.78919     1.03413  -0.0184128     1.90138   0.0771542    0.206762    -2.43239
  -0.802151     1.03415   0.0259652     1.90138   -0.108569    0.207403    -2.24088
   -1.40247     1.64612     1.57182     1.90138    -1.64173     1.59619     -1.0603
   -1.40253     1.65726     1.57058     1.90138    -1.65267     1.59863    -1.06055