   -1.83244    0.873134  -0.0349994     2.04206     0.11879    0.228253     2.74375
   -1.84752    0.873021  0.00461662     2.04206  -0.0157501    0.226543     2.88521
    -1.8385    0.873053  -0.0190767     2.04206    0.064988    0.227031     2.80033
   -1.85321    0.873055   0.0195539     2.04206  -0.0666075    0.227057     2.93867
   -1.84419    0.873021 -0.00413871     2.04206   0.0141207    0.226537     2.85381
   -1.85927    0.873137   0.0354769     2.04206   -0.120393    0.228301     2.99524
   -1.83517    0.873092  -0.0278296     2.04206   0.0946386    0.227615     2.76915
   -1.84988     0.87303   0.0107999     2.04206  -0.0368304    0.226679     2.90737
   -1.84086    0.873035  -0.0128939     2.04206    0.043963    0.226749     2.82243
   -1.85594    0.873086   0.0267253     2.04206  -0.0909058    0.227529     2.96422
   -1.83184    0.873145  -0.0365814     2.04206      0.1241    0.228413     2.73816
   -1.84692     0.87302    0.003034     2.04206  -0.0103512    0.226526     2.87953
   -1.83752    0.873063  -0.0216485     2.04206   0.0737159     0.22718     2.79115
   -1.85261    0.873049   0.0179716     2.04206  -0.0612335    0.226973     2.93302
   -1.84359    0.873022 -0.00572109     2.04206   0.0195181    0.226559     2.84813
   -1.85829    0.873121   0.0329059     2.04206   -0.111752    0.228052     2.98615
   -1.83419    0.873106  -0.0304012     2.04206    0.103317    0.227827     2.76002
   -1.84927    0.873027  0.00921643     2.04206  -0.0314347    0.226634     2.90169
   -1.84025    0.873039  -0.0144765     2.04206   0.0493498    0.226811     2.81677
   -1.85496    0.873074   0.0241535     2.04206  -0.0822041    0.227343     2.95507
   -1.83124    0.873156  -0.0381634     2.04206    0.129401    0.228581     2.73258
   -1.84594    0.873019 0.000461459     2.04206 -0.00157412    0.226513      2.8703
   -1.83692     0.87307  -0.0232307     2.04206   0.0790791    0.227281     2.78551
     -1.852    0.873044   0.0163888     2.04206  -0.0558534    0.226895     2.92737
   -1.84261    0.873026 -0.00829399     2.04206   0.0282912     0.22661     2.83891
   -1.85769    0.873111   0.0313238     2.04206   -0.106426    0.227908     2.98055
   -1.83359    0.873115  -0.0319833     2.04206    0.108647    0.227967     2.75442
   -1.84867    0.873025  0.00763452     2.04206  -0.0260421    0.226596     2.89603
   -1.83965    0.873043  -0.0160592     2.04206   0.0547334     0.22688     2.81111
   -1.85436    0.873067   0.0225705     2.04206   -0.076841    0.227238     2.94943
   -1.83026    0.873175  -0.0407338     2.04206    0.137997    0.228867     2.72354
   -1.84534    0.873019  -0.0011214     2.04206  0.00382661    0.226514     2.86463
   -1.83594    0.873082  -0.0258027     2.04206   0.0877868     0.22746     2.77636
    -1.8514     0.87304   0.0148065     2.04206  -0.0504717    0.226825     2.92171
     -1.842    0.873028 -0.00987697     2.04206   0.0336865    0.226652     2.83324
   -1.85671    0.873097   0.0287528     2.04206  -0.0977551    0.227688     2.97143
   -1.83261    0.873131  -0.0345548     2.04206    0.117297    0.228209     2.74532
   -1.84769    0.873021  0.00506163     2.04206   -0.017268    0.226549      2.8868
   -1.83867    0.873052  -0.0186317     2.04206   0.0634766    0.227007     2.80192
   -1.85375     0.87306   0.0209887     2.04206  -0.0714771     0.22714     2.94379
   -1.83003    0.873179  -0.0413266     2.04206    0.139976    0.228936     2.72146
   -1.84436     0.87302 -0.00369418     2.04206   0.0126042    0.226532      2.8554
   -1.85944     0.87314   0.0359225     2.04206   -0.121889    0.228346     2.99681
   -1.83534    0.873089  -0.0273851     2.04206   0.0931366     0.22758     2.77073
   -1.85004    0.873031   0.0112445     2.04206  -0.0383451    0.226693     2.90896
    -1.8414    0.873031  -0.0114598     2.04206   0.0390793      0.2267     2.82757
   -1.85573    0.873083   0.0261807     2.04206  -0.0890646    0.227488     2.96229