   -0.692267      1.46979      1.57128      2.04808     -1.48079      1.52489    -0.175241
   -0.692267      1.46979      1.57128      2.04808     -4.62238     -1.52489      2.96635
  -0.0478755     0.853077   -0.0210611      2.04808     0.066503     0.241056     -1.65533
  -0.0478755     0.853077   -0.0210611      2.04808     -3.07509    -0.241056      1.48627
  -0.0628551     0.853062    0.0172737      2.04808   -0.0545727     0.240866     -1.52751
  -0.0628551     0.853062    0.0172737      2.04808     -3.19617    -0.240866      1.61409
   -0.692268      1.46287       1.5703      2.04808     -1.47508      1.52085    -0.175617
   -0.692268      1.46287       1.5703      2.04808     -4.61667     -1.52085      2.96598
  -0.0536677     0.853037  -0.00623817      2.04808    0.0197279     0.240527     -1.60594
  -0.0536677     0.853037  -0.00623817      2.04808     -3.12186    -0.240527      1.53565
   -0.692275      1.46723      1.57094      2.04808     -1.47867      1.52341    -0.175383
   -0.692275      1.46723      1.57094      2.04808     -4.62027     -1.52341      2.96621
  -0.0598439     0.853042   0.00956782      2.04808   -0.0302508     0.240596     -1.55318
  -0.0598439     0.853042   0.00956782      2.04808     -3.17184    -0.240596      1.58841
   -0.692251      1.46031      1.56991      2.04808     -1.47298      1.51934     -0.17575
   -0.692251      1.46031      1.56991      2.04808     -4.61457     -1.51934      2.96584
   -0.692254      1.47188      1.57155      2.04808     -1.48253      1.52609    -0.175122
   -0.692254      1.47188      1.57155      2.04808     -4.62412     -1.52609      2.96647
  -0.0502728     0.853055   -0.0149262      2.04808    0.0471702     0.240767     -1.63491
  -0.0502728     0.853055   -0.0149262      2.04808     -3.09442    -0.240767      1.50668
   -0.065636     0.853091    0.0243902      2.04808   -0.0769708     0.241253     -1.50386
   -0.065636     0.853091    0.0243902      2.04808     -3.21856    -0.241253      1.63774
   -0.692274      1.46467      1.57057      2.04808     -1.47656      1.52192    -0.175521
   -0.692274      1.46467      1.57057      2.04808     -4.61816     -1.52192      2.96607
   -0.056449     0.853034   0.00087953      2.04808  -0.00278145     0.240477     -1.58218
   -0.056449     0.853034   0.00087953      2.04808     -3.14437    -0.240477      1.55941
   -0.692269      1.46933      1.57122      2.04808     -1.48041      1.52462    -0.175266
   -0.692269      1.46933      1.57122      2.04808       -4.622     -1.52462      2.96633
  -0.0468781     0.853087   -0.0236134      2.04808    0.0745301     0.241204      -1.6638
  -0.0468781     0.853087   -0.0236134      2.04808     -3.06706    -0.241204      1.47779
  -0.0622414     0.853057    0.0157031      2.04808   -0.0496203     0.240799     -1.53274
  -0.0622414     0.853057    0.0157031      2.04808     -3.19121    -0.240799      1.60886
   -0.692265      1.46241      1.57023      2.04808      -1.4747      1.52058    -0.175642
   -0.692265      1.46241      1.57023      2.04808     -4.61629     -1.52058      2.96595
  -0.0530539     0.853039  -0.00780879      2.04808    0.0246927     0.240556     -1.61119
  -0.0530539     0.853039  -0.00780879      2.04808      -3.1169    -0.240556      1.53041
   -0.692275      1.46677      1.57087      2.04808     -1.47829      1.52314    -0.175408
   -0.692275      1.46677      1.57087      2.04808     -4.61988     -1.52314      2.96618
  -0.0588465     0.853038   0.00701517      2.04808   -0.0221834     0.240541      -1.5617
  -0.0588465     0.853038   0.00701517      2.04808     -3.16378    -0.240541      1.57989
   -0.692247      1.45985      1.56983      2.04808      -1.4726      1.51906    -0.175774
   -0.692247      1.45985      1.56983      2.04808     -4.61419     -1.51906      2.96582
   -0.692259      1.47113      1.57146      2.04808     -1.48191      1.52566    -0.175164
   -0.692259      1.47113      1.57146      2.04808      -4.6235     -1.52566      2.96643
  -0.0496591      0.85306   -0.0164967      2.04808    0.0521237     0.240832     -1.64014
  -0.0496591      0.85306   -0.0164967      2.04808     -3.08947    -0.240832      1.50145
  -0.0650223     0.853084    0.0228199      2.04808   -0.0720349     0.241157     -1.50907
  -0.0650223     0.853084    0.0228199      2.04808     -3.21363    -0.241157      1.63252
   -0.692272      1.46421       1.5705      2.04808     -1.47618      1.52165    -0.175546
   -0.692272      1.46421       1.5705      2.04808     -4.61777     -1.52165      2.96605
  -0.0558352     0.853034 -0.000691183      2.04808   0.00218646     0.240477     -1.58743
  -0.0558352     0.853034 -0.000691183      2.04808     -3.13941    -0.240477      1.55417
   -0.692271      1.46886      1.57116      2.04808     -1.48002      1.52436    -0.175292
   -0.692271      1.46886      1.57116      2.04808     -4.62162     -1.52436       2.9663
  -0.0462645     0.853095   -0.0251837      2.04808    0.0794638     0.241304     -1.66901
  -0.0462645     0.853095   -0.0251837      2.04808     -3.06213    -0.241304      1.47258
  -0.0616277     0.853053    0.0141327      2.04808   -0.0446657     0.240737     -1.53797
  -0.0616277     0.853053    0.0141327      2.04808     -3.18626    -0.240737      1.60363
   -0.692263      1.46194      1.57016      2.04808     -1.47432      1.52031    -0.175666
   -0.692263      1.46194      1.57016      2.04808     -4.61591     -1.52031      2.96593
   -0.692242      1.47323      1.57172      2.04808     -1.48365      1.52685    -0.175044
   -0.692242      1.47323      1.57172      2.04808     -4.62524     -1.52685      2.96655
  -0.0524402     0.853042  -0.00937945      2.04808    0.0296563     0.240591     -1.61643
  -0.0524402     0.853042  -0.00937945      2.04808     -3.11194    -0.240591      1.52517
   -0.692275      1.46631      1.57081      2.04808     -1.47791      1.52287    -0.175433
   -0.692275      1.46631      1.57081      2.04808      -4.6195     -1.52287      2.96616
  -0.0582327     0.853036   0.00544449      2.04808   -0.0172178     0.240515     -1.56694
  -0.0582327     0.853036   0.00544449      2.04808     -3.15881    -0.240515      1.57465
    -0.69224       1.4591      1.56971      2.04808     -1.47199      1.51861    -0.175813
    -0.69224       1.4591      1.56971      2.04808     -4.61358     -1.51861      2.96578
   -0.692262      1.47067       1.5714      2.04808     -1.48152       1.5254    -0.175191
   -0.692262      1.47067       1.5714      2.04808     -4.62312      -1.5254       2.9664
  -0.0490454     0.853065   -0.0180672      2.04808    0.0570743     0.240903     -1.64537
  -0.0490454     0.853065   -0.0180672      2.04808     -3.08452    -0.240903      1.49622
   -0.064025     0.853073    0.0202676      2.04808   -0.0640043     0.241013     -1.51755
   -0.064025     0.853073    0.0202676      2.04808      -3.2056    -0.241013      1.62404
   -0.692271      1.46375      1.57043      2.04808      -1.4758      1.52138    -0.175571
   -0.692271      1.46375      1.57043      2.04808     -4.61739     -1.52138      2.96602
  -0.0548377     0.853035  -0.00324392      2.04808      0.01026      0.24049     -1.59595
  -0.0548377     0.853035  -0.00324392      2.04808     -3.13133     -0.24049      1.54564
   -0.692272       1.4684       1.5711      2.04808     -1.47964      1.52409    -0.175318
   -0.692272       1.4684       1.5711      2.04808     -4.62123     -1.52409      2.96627
  -0.0606302     0.853047    0.0115801      2.04808   -0.0366073     0.240652     -1.54647
  -0.0606302     0.853047    0.0115801      2.04808      -3.1782    -0.240652      1.59512
   -0.692258      1.46119      1.57004      2.04808      -1.4737      1.51986    -0.175705
   -0.692258      1.46119      1.57004      2.04808     -4.61529     -1.51986      2.96589
   -0.692249      1.47248      1.57163      2.04808     -1.48303      1.52642    -0.175087
   -0.692249      1.47248      1.57163      2.04808     -4.62462     -1.52642      2.96651
  -0.0514427     0.853047   -0.0119321      2.04808    0.0377196     0.240663     -1.62494
  -0.0514427     0.853047   -0.0119321      2.04808     -3.10387    -0.240663      1.51666
   -0.692275      1.46556       1.5707      2.04808     -1.47729      1.52244    -0.175474
   -0.692275      1.46556       1.5707      2.04808     -4.61888     -1.52244      2.96612
  -0.0572352     0.853034   0.00289182      2.04808  -0.00914572     0.240487     -1.57546
  -0.0572352     0.853034   0.00289182      2.04808     -3.15074    -0.240487      1.56613
   -0.692265      1.47021      1.57134      2.04808     -1.48114      1.52513    -0.175217
   -0.692265      1.47021      1.57134      2.04808     -4.62273     -1.52513      2.96638
   -0.048048     0.853075   -0.0206196      2.04808    0.0651132     0.241032     -1.65386
   -0.048048     0.853075   -0.0206196      2.04808     -3.07648    -0.241032      1.48773
  -0.0634113     0.853067    0.0186972      2.04808   -0.0590585     0.240933     -1.52277
  -0.0634113     0.853067    0.0186972      2.04808     -3.20065    -0.240933      1.61882
   -0.692268        1.463      1.57032      2.04808     -1.47518      1.52093    -0.175611
   -0.692268        1.463      1.57032      2.04808     -4.61678     -1.52093      2.96598
   -0.054224     0.853036  -0.00481449      2.04808    0.0152265     0.240507     -1.60119
   -0.054224     0.853036  -0.00481449      2.04808     -3.12637    -0.240507       1.5404
   -0.692275      1.46736      1.57095      2.04808     -1.47878      1.52349    -0.175376
   -0.692275      1.46736      1.57095      2.04808     -4.62037     -1.52349      2.96622
  -0.0600165     0.853043    0.0100095      2.04808   -0.0316462     0.240607     -1.55171
  -0.0600165     0.853043    0.0100095      2.04808     -3.17324    -0.240607      1.58988
   -0.692252      1.46044      1.56993      2.04808     -1.47309      1.51941    -0.175744
   -0.692252      1.46044      1.56993      2.04808     -4.61468     -1.51941      2.96585
   -0.692253      1.47201      1.57157      2.04808     -1.48264      1.52616    -0.175114
   -0.692253      1.47201      1.57157      2.04808     -4.62423     -1.52616      2.96648
   -0.050829     0.853051   -0.0135026      2.04808    0.0426778     0.240715     -1.63017
   -0.050829     0.853051   -0.0135026      2.04808     -3.09891    -0.240715      1.51142
  -0.0658085     0.853093    0.0248317      2.04808   -0.0783577     0.241281     -1.50239
  -0.0658085     0.853093    0.0248317      2.04808     -3.21995    -0.241281       1.6392
   -0.692274       1.4648      1.57059      2.04808     -1.47667        1.522    -0.175515
   -0.692274       1.4648      1.57059      2.04808     -4.61826       -1.522      2.96608
  -0.0566215     0.853034    0.0013211      2.04808  -0.00417806     0.240478     -1.58071
  -0.0566215     0.853034    0.0013211      2.04808     -3.14577    -0.240478      1.56088
   -0.692267      1.46975      1.57128      2.04808     -1.48075      1.52486    -0.175243
   -0.692267      1.46975      1.57128      2.04808     -4.62235     -1.52486      2.96635