    -1.29163      1.61125      1.57102      1.27839      -1.6096      1.55935     -1.46993
    -1.29163      1.61125      1.57102      1.27839     -4.75119     -1.55935      1.67166
    -0.85187      1.17053   -0.0010432      1.27839   0.00150458     0.692672     -2.31035
    -0.85187      1.17053   -0.0010432      1.27839     -3.14009    -0.692672     0.831244
    -1.29164      1.61439      1.57075      1.27839     -1.61253      1.55819      -1.4699
    -1.29164      1.61439      1.57075      1.27839     -4.75412     -1.55819       1.6717
    -1.29162      1.61773      1.57041      1.27839     -1.61563       1.5569     -1.46982
    -1.29162      1.61773      1.57041      1.27839     -4.75722      -1.5569      1.67177
   -0.849875      1.17053   -0.0130718      1.27839    0.0188498     0.692784     -2.32639
   -0.849875      1.17053   -0.0130718      1.27839     -3.12274    -0.692784     0.815204
    -1.29164      1.61276       1.5709      1.27839     -1.61101       1.5588     -1.46992
    -1.29164      1.61276       1.5709      1.27839      -4.7526      -1.5588      1.67167
   -0.853279      1.17053   0.00745118      1.27839   -0.0107453     0.692708     -2.29902
   -0.853279      1.17053   0.00745118      1.27839     -3.15234    -0.692708     0.842572
    -1.29163      1.61589       1.5706      1.27839     -1.61392      1.55761     -1.46987
    -1.29163      1.61589       1.5706      1.27839     -4.75552     -1.55761      1.67173
    -1.29163      1.61092      1.57105      1.27839     -1.60929      1.55947     -1.46994
    -1.29163      1.61092      1.57105      1.27839     -4.75088     -1.55947      1.67166
   -0.851509      1.17053  -0.00322139      1.27839   0.00464585     0.692678     -2.31325
   -0.851509      1.17053  -0.00322139      1.27839     -3.13695    -0.692678     0.828339
    -1.29164      1.61406      1.57078      1.27839     -1.61222      1.55831      -1.4699
    -1.29164      1.61406      1.57078      1.27839     -4.75381     -1.55831      1.67169
    -1.29163      1.61719      1.57047      1.27839     -1.61513      1.55711     -1.46984
    -1.29163      1.61719      1.57047      1.27839     -4.75672     -1.55711      1.67176
   -0.849515      1.17053   -0.0152473      1.27839    0.0219861     0.692825     -2.32929
   -0.849515      1.17053   -0.0152473      1.27839     -3.11961    -0.692825     0.812304
    -1.29164      1.61222      1.57094      1.27839      -1.6105        1.559     -1.46993
    -1.29164      1.61222      1.57094      1.27839      -4.7521       -1.559      1.67167
   -0.852918      1.17053   0.00527436      1.27839  -0.00760621      0.69269     -2.30192
   -0.852918      1.17053   0.00527436      1.27839      -3.1492     -0.69269     0.839669
    -1.29164      1.61556      1.57063      1.27839     -1.61362      1.55774     -1.46987
    -1.29164      1.61556      1.57063      1.27839     -4.75521     -1.55774      1.67172
    -1.29163      1.61038      1.57109      1.27839     -1.60879      1.55967     -1.46994
    -1.29163      1.61038      1.57109      1.27839     -4.75038     -1.55967      1.67165
   -0.850923      1.17053  -0.00675231      1.27839   0.00973776     0.692702     -2.31796
   -0.850923      1.17053  -0.00675231      1.27839     -3.13185    -0.692702      0.82363
    -1.29164      1.61352      1.57083      1.27839     -1.61171      1.55851     -1.46991
    -1.29164      1.61352      1.57083      1.27839     -4.75331     -1.55851      1.67168
   -0.854552      1.17053    0.0151272      1.27839   -0.0218127     0.692823     -2.28879
   -0.854552      1.17053    0.0151272      1.27839     -3.16341    -0.692823     0.852806
    -1.29163      1.61686       1.5705      1.27839     -1.61482      1.55724     -1.46984
    -1.29163      1.61686       1.5705      1.27839     -4.75641     -1.55724      1.67175
    -1.29164      1.61189      1.57097      1.27839     -1.61019      1.55912     -1.46993
    -1.29164      1.61189      1.57097      1.27839     -4.75179     -1.55912      1.67166
   -0.852558      1.17053   0.00310218      1.27839   -0.0044737     0.692678     -2.30482
   -0.852558      1.17053   0.00310218      1.27839     -3.14607    -0.692678     0.836772
    -1.29164      1.61502      1.57069      1.27839     -1.61311      1.55795     -1.46988
    -1.29164      1.61502      1.57069      1.27839     -4.75471     -1.55795      1.67171
    -1.29162      1.61005      1.57111      1.27839     -1.60848      1.55979     -1.46994
    -1.29162      1.61005      1.57111      1.27839     -4.75007     -1.55979      1.67165
   -0.850563      1.17053  -0.00892794      1.27839     0.012875     0.692724     -2.32086
   -0.850563      1.17053  -0.00892794      1.27839     -3.12872    -0.692724     0.820729
    -1.29164      1.61318      1.57086      1.27839      -1.6114      1.55864     -1.46991
    -1.29164      1.61318      1.57086      1.27839       -4.753     -1.55864      1.67168
   -0.853966      1.17053    0.0115964      1.27839   -0.0167224      0.69276     -2.29349
   -0.853966      1.17053    0.0115964      1.27839     -3.15832     -0.69276     0.848099
    -1.29163      1.61653      1.57053      1.27839     -1.61451      1.55737     -1.46985
    -1.29163      1.61653      1.57053      1.27839      -4.7561     -1.55737      1.67174
    -1.29163      1.61155        1.571      1.27839     -1.60988      1.55924     -1.46993
    -1.29163      1.61155        1.571      1.27839     -4.75148     -1.55924      1.67166
   -0.851971      1.17053 -0.000433624      1.27839  0.000625476     0.692672     -2.30954
   -0.851971      1.17053 -0.000433624      1.27839     -3.14097    -0.692672     0.832057
    -1.29164      1.61469      1.57072      1.27839     -1.61281      1.55807     -1.46989
    -1.29164      1.61469      1.57072      1.27839      -4.7544     -1.55807       1.6717
    -1.29162      1.60972      1.57114      1.27839     -1.60817      1.55991     -1.46994
    -1.29162      1.60972      1.57114      1.27839     -4.74976     -1.55991      1.67165
    -1.29162      1.61782       1.5704      1.27839     -1.61572      1.55686     -1.46982
    -1.29162      1.61782       1.5704      1.27839     -4.75731     -1.55686      1.67177
   -0.850202      1.17053   -0.0111023      1.27839    0.0160102     0.692753     -2.32376
   -0.850202      1.17053   -0.0111023      1.27839     -3.12558    -0.692753      0.81783
    -1.29164      1.61285      1.57089      1.27839     -1.61109      1.55876     -1.46992
    -1.29164      1.61285      1.57089      1.27839     -4.75269     -1.55876      1.67167
    -0.85338      1.17053   0.00806087      1.27839   -0.0116245     0.692714     -2.29821
    -0.85338      1.17053   0.00806087      1.27839     -3.15322    -0.692714     0.843385
    -1.29163      1.61599      1.57059      1.27839     -1.61401      1.55758     -1.46986
    -1.29163      1.61599      1.57059      1.27839      -4.7556     -1.55758      1.67173
    -1.29163      1.61122      1.57102      1.27839     -1.60957      1.55936     -1.46994
    -1.29163      1.61122      1.57102      1.27839     -4.75117     -1.55936      1.67166
   -0.851611      1.17053  -0.00260675      1.27839   0.00375945     0.692676     -2.31243
   -0.851611      1.17053  -0.00260675      1.27839     -3.13783    -0.692676     0.829159