   -0.907591      1.86325      1.57289      1.43901     -1.86111      1.53489     -1.01662
   -0.907578      1.87242      1.56782      1.43901      -1.8696      1.52893     -1.01479
   -0.907606      1.86694      1.57089      1.43901     -1.86453      1.53253     -1.01593
   -0.907574      1.86146      1.57385      1.43901     -1.85945      1.53603     -1.01694
   -0.401595      1.34376   0.00529513      1.43901   -0.0146901     0.358863     -1.93963
   -0.907595      1.87039      1.56897      1.43901     -1.86773      1.53027     -1.01523
   -0.907601      1.86491        1.572      1.43901     -1.86265      1.53383     -1.01631
   -0.399517      1.34376   -0.0137298      1.43901    0.0380757     0.359081     -1.99123
   -0.907604      1.86837       1.5701      1.43901     -1.86585       1.5316     -1.01564
   -0.907588      1.86289      1.57309      1.43901     -1.86077      1.53512     -1.01668
   -0.907581      1.87205      1.56803      1.43901     -1.86926      1.52918     -1.01487
   -0.907605      1.86634      1.57122      1.43901     -1.86398      1.53291     -1.01604
   -0.400984      1.34376 -0.000292748      1.43901  0.000812476     0.358825     -1.95479
   -0.907597      1.87003      1.56918      1.43901     -1.86739      1.53051      -1.0153
   -0.907598      1.86432      1.57232      1.43901      -1.8621      1.53421     -1.01643
   -0.399141      1.34376   -0.0171704      1.43901    0.0476046     0.359226     -2.00055
   -0.907605        1.868       1.5703      1.43901     -1.86551      1.53184     -1.01572
   -0.907585      1.86252      1.57328      1.43901     -1.86043      1.53535     -1.01675
   -0.402687      1.34376    0.0152957      1.43901   -0.0424129     0.359143     -1.91251
   -0.907587      1.87146      1.56837      1.43901     -1.86871      1.52957       -1.015
   -0.907604      1.86598      1.57142      1.43901     -1.86364      1.53315     -1.01611
   -0.400609      1.34376  -0.00373363      1.43901    0.0103589     0.358844     -1.96412
     -0.9076      1.86943      1.56951      1.43901     -1.86684       1.5309     -1.01543
   -0.907596      1.86395      1.57252      1.43901     -1.86176      1.53445     -1.01649
    -0.90757      1.87312      1.56742      1.43901     -1.87025      1.52847     -1.01464
   -0.907605      1.86764      1.57051      1.43901     -1.86517      1.53208     -1.01579
   -0.907581      1.86216      1.57348      1.43901     -1.86009      1.53559     -1.01681
   -0.402311      1.34376    0.0118577      1.43901   -0.0328875     0.359016     -1.92183
    -0.90759      1.87109      1.56858      1.43901     -1.86837      1.52981     -1.01508
   -0.907603      1.86561      1.57162      1.43901      -1.8633      1.53338     -1.01618
   -0.400233      1.34376  -0.00717315      1.43901    0.0198997     0.358895     -1.97346
   -0.907602      1.86907      1.56971      1.43901      -1.8665      1.53114      -1.0155
   -0.907593      1.86359      1.57271      1.43901     -1.86142      1.53468     -1.01656
   -0.907577      1.87252      1.56776      1.43901      -1.8697      1.52886     -1.01477
   -0.907606      1.86704      1.57083      1.43901     -1.86462      1.53246     -1.01591
   -0.907575      1.86156      1.57379      1.43901     -1.85954      1.53596     -1.01692
   -0.401701      1.34376   0.00626534      1.43901   -0.0173813     0.358878     -1.93699
   -0.907593      1.87073      1.56878      1.43901     -1.86803      1.53005     -1.01516
   -0.907601      1.86502      1.57194      1.43901     -1.86275      1.53377      -1.0163
   -0.399857      1.34376   -0.0106155      1.43901    0.0294447     0.358978     -1.98279
   -0.907603       1.8687      1.56992      1.43901     -1.86616      1.53138     -1.01558
   -0.907589      1.86299      1.57303      1.43901     -1.86087      1.53506     -1.01667
    -0.90758      1.87216      1.56797      1.43901     -1.86936      1.52911     -1.01485