    -0.3468    0.878585  -0.0117655     1.88931   0.0248044    0.373839    -1.74725
    -0.3468    0.878585  -0.0117655     1.88931    -3.11679   -0.373839     1.39434
  -0.957551     1.46221     1.57063     1.88931    -1.46768     1.53669   -0.439859
  -0.957551     1.46221     1.57063     1.88931    -4.60927    -1.53669     2.70173
  -0.352235    0.878574  0.00317606     1.88931 -0.00669699    0.373722    -1.71382
  -0.352235    0.878574  0.00317606     1.88931    -3.14829   -0.373722     1.42777
  -0.957544     1.46639     1.57127     1.88931    -1.47146      1.5386    -0.43966
  -0.957544     1.46639     1.57127     1.88931    -4.61305     -1.5386     2.70193
  -0.343614     0.87861  -0.0205221     1.88931   0.0432445    0.374096    -1.76682
  -0.343614     0.87861  -0.0205221     1.88931    -3.09835   -0.374096     1.37478
  -0.358031    0.878605   0.0191079     1.88931  -0.0402677    0.374045     -1.6782
  -0.358031    0.878605   0.0191079     1.88931    -3.18186   -0.374045      1.4634
  -0.957542     1.45975     1.57023     1.88931    -1.46547     1.53555   -0.439971
  -0.957542     1.45975     1.57023     1.88931    -4.60707    -1.53555     2.70162
   -0.34905    0.878576 -0.00558099     1.88931   0.0117682    0.373741    -1.73341
   -0.34905    0.878576 -0.00558099     1.88931    -3.12982   -0.373741     1.40818
  -0.957551     1.46422     1.57094     1.88931    -1.46949     1.53762   -0.439765
  -0.957551     1.46422     1.57094     1.88931    -4.61109    -1.53762     2.70183
  -0.354845    0.878582   0.0103505     1.88931  -0.0218218     0.37381    -1.69777
  -0.354845    0.878582   0.0103505     1.88931    -3.16341    -0.37381     1.44382
  -0.957525      1.4573     1.56982     1.88931    -1.46327      1.5344    -0.44008
  -0.957525      1.4573     1.56982     1.88931    -4.60486     -1.5344     2.70151
  -0.957532      1.4684     1.57156     1.88931    -1.47328      1.5395    -0.43956
  -0.957532      1.4684     1.57156     1.88931    -4.61487     -1.5395     2.70203
  -0.346224    0.878589  -0.0133486     1.88931     0.02814    0.373875    -1.75079
  -0.346224    0.878589  -0.0133486     1.88931    -3.11345   -0.373875     1.39081
   -0.95755     1.46176     1.57056     1.88931    -1.46728     1.53649    -0.43988
   -0.95755     1.46176     1.57056     1.88931    -4.60887    -1.53649     2.70171
  -0.351659    0.878573  0.00159317     1.88931 -0.00335926    0.373715    -1.71736
  -0.351659    0.878573  0.00159317     1.88931    -3.14495   -0.373715     1.42423
  -0.957546     1.46595      1.5712     1.88931    -1.47106      1.5384   -0.439681
  -0.957546     1.46595      1.5712     1.88931    -4.61265     -1.5384     2.70191
  -0.343038    0.878616   -0.022105     1.88931   0.0465747    0.374158    -1.77035
  -0.343038    0.878616   -0.022105     1.88931    -3.09502   -0.374158     1.37124
  -0.357095    0.878597   0.0165347     1.88931  -0.0348503    0.373962    -1.68394
  -0.357095    0.878597   0.0165347     1.88931    -3.17644   -0.373962     1.45765
   -0.95754     1.45931     1.57016     1.88931    -1.46507     1.53535   -0.439991
   -0.95754     1.45931     1.57016     1.88931    -4.60667    -1.53535      2.7016
  -0.348474    0.878577 -0.00716388     1.88931   0.0151053    0.373759    -1.73696
  -0.348474    0.878577 -0.00716388     1.88931    -3.12649   -0.373759     1.40464
  -0.957551      1.4635     1.57083     1.88931    -1.46884     1.53729   -0.439799
  -0.957551      1.4635     1.57083     1.88931    -4.61044    -1.53729     2.70179
  -0.353909    0.878578  0.00777847     1.88931  -0.0164005    0.373768    -1.70352
  -0.353909    0.878578  0.00777847     1.88931    -3.15799   -0.373768     1.43807
  -0.957521     1.45686     1.56974     1.88931    -1.46287     1.53419   -0.440099
  -0.957521     1.45686     1.56974     1.88931    -4.60446    -1.53419     2.70149
  -0.957535     1.46796     1.57149     1.88931    -1.47288      1.5393   -0.439582
  -0.957535     1.46796     1.57149     1.88931    -4.61447     -1.5393     2.70201
  -0.345288    0.878595  -0.0159213     1.88931   0.0335591    0.373943    -1.75654
  -0.345288    0.878595  -0.0159213     1.88931    -3.10803   -0.373943     1.38505
  -0.359705    0.878623   0.0237087     1.88931  -0.0499471    0.374225    -1.66792
  -0.359705    0.878623   0.0237087     1.88931    -3.19154   -0.374225     1.47367
  -0.957548     1.46104     1.57044     1.88931    -1.46663     1.53616   -0.439913
  -0.957548     1.46104     1.57044     1.88931    -4.60822    -1.53616     2.70168
  -0.351084    0.878573  1.0848e-05     1.88931 -2.2644e-05    0.373713     -1.7209
  -0.351084    0.878573  1.0848e-05     1.88931    -3.14162   -0.373713     1.42069
  -0.957548     1.46551     1.57114     1.88931    -1.47066      1.5382   -0.439703
  -0.957548     1.46551     1.57114     1.88931    -4.61225     -1.5382     2.70189
  -0.342462    0.878623  -0.0236882     1.88931   0.0499044    0.374224    -1.77388
  -0.342462    0.878623  -0.0236882     1.88931    -3.09169   -0.374224     1.36771
  -0.356519    0.878593   0.0149519     1.88931   -0.031517    0.373916    -1.68748
  -0.356519    0.878593   0.0149519     1.88931    -3.17311   -0.373916     1.45411
  -0.957537     1.45887     1.57008     1.88931    -1.46467     1.53514   -0.440011
  -0.957537     1.45887     1.57008     1.88931    -4.60627    -1.53514     2.70158
  -0.957521     1.46969     1.57174     1.88931    -1.47445     1.54007   -0.439495
  -0.957521     1.46969     1.57174     1.88931    -4.61604    -1.54007      2.7021
  -0.347898     0.87858 -0.00874704     1.88931   0.0184427    0.373782     -1.7405
  -0.347898     0.87858 -0.00874704     1.88931    -3.12315   -0.373782      1.4011
  -0.957551     1.46305     1.57076     1.88931    -1.46844     1.53708    -0.43982
  -0.957551     1.46305     1.57076     1.88931    -4.61004    -1.53708     2.70177
  -0.353333    0.878576  0.00619441     1.88931   -0.013061    0.373747    -1.70707
  -0.353333    0.878576  0.00619441     1.88931    -3.15465   -0.373747     1.43453
   -0.95754     1.46724     1.57139     1.88931    -1.47223     1.53898   -0.439618
   -0.95754     1.46724     1.57139     1.88931    -4.61382    -1.53898     2.70197
  -0.344712      0.8786  -0.0175038     1.88931   0.0368913    0.373992    -1.76007
  -0.344712      0.8786  -0.0175038     1.88931     -3.1047   -0.373992     1.38152
  -0.359129    0.878616   0.0221254     1.88931  -0.0466171    0.374159    -1.67146
  -0.359129    0.878616   0.0221254     1.88931    -3.18821   -0.374159     1.47014
  -0.957546      1.4606     1.57037     1.88931    -1.46623     1.53595   -0.439933
  -0.957546      1.4606     1.57037     1.88931    -4.60783    -1.53595     2.70166
  -0.350508    0.878573 -0.00157326     1.88931  0.00331775    0.373715    -1.72445
  -0.350508    0.878573 -0.00157326     1.88931    -3.13827   -0.373715     1.41715
  -0.957549     1.46506     1.57107     1.88931    -1.47026       1.538   -0.439724
  -0.957549     1.46506     1.57107     1.88931    -4.61185      -1.538     2.70187
  -0.355943    0.878589   0.0133692     1.88931  -0.0281828    0.373875    -1.69102
  -0.355943    0.878589   0.0133692     1.88931    -3.16978   -0.373875     1.45057
  -0.957534     1.45842     1.57001     1.88931    -1.46428     1.53493    -0.44003
  -0.957534     1.45842     1.57001     1.88931    -4.60587    -1.53493     2.70156
  -0.957528     1.46897     1.57164     1.88931     -1.4738     1.53975   -0.439531
  -0.957528     1.46897     1.57164     1.88931    -4.61539    -1.53975     2.70206
  -0.346962    0.878584  -0.0113202     1.88931   0.0238659    0.373829    -1.74625
  -0.346962    0.878584  -0.0113202     1.88931    -3.11773   -0.373829     1.39534
  -0.957551     1.46233     1.57065     1.88931    -1.46779     1.53675   -0.439853
  -0.957551     1.46233     1.57065     1.88931    -4.60939    -1.53675     2.70174
  -0.352757    0.878575  0.00461105     1.88931 -0.00972269    0.373732    -1.71061
  -0.352757    0.878575  0.00461105     1.88931    -3.15132   -0.373732     1.43098
  -0.957541     1.46707     1.57137     1.88931    -1.47208     1.53891   -0.439626
  -0.957541     1.46707     1.57137     1.88931    -4.61367    -1.53891     2.70197
  -0.344136    0.878605  -0.0190872     1.88931   0.0402247    0.374045    -1.76361
  -0.344136    0.878605  -0.0190872     1.88931    -3.10137   -0.374045     1.37798
  -0.358193    0.878607   0.0195524     1.88931  -0.0412032    0.374061     -1.6772
  -0.358193    0.878607   0.0195524     1.88931     -3.1828   -0.374061     1.46439
  -0.957543     1.45988     1.57025     1.88931    -1.46558     1.53561   -0.439966
  -0.957543     1.45988     1.57025     1.88931    -4.60718    -1.53561     2.70163
  -0.349572    0.878574 -0.00414607     1.88931  0.00874276    0.373728     -1.7302
  -0.349572    0.878574 -0.00414607     1.88931    -3.13285   -0.373728     1.41139
  -0.957551     1.46434     1.57096     1.88931    -1.46961     1.53767   -0.439759
  -0.957551     1.46434     1.57096     1.88931     -4.6112    -1.53767     2.70183
  -0.355007    0.878583   0.0107953     1.88931  -0.0227593    0.373819    -1.69678
  -0.355007    0.878583   0.0107953     1.88931    -3.16435   -0.373819     1.44482
  -0.957529      1.4577     1.56989     1.88931    -1.46363     1.53459   -0.440062
  -0.957529      1.4577     1.56989     1.88931    -4.60522    -1.53459     2.70153
  -0.957529      1.4688     1.57161     1.88931    -1.47365     1.53968    -0.43954
  -0.957529      1.4688     1.57161     1.88931    -4.61524    -1.53968     2.70205
  -0.346026     0.87859  -0.0138934     1.88931   0.0292876    0.373888    -1.75201
  -0.346026     0.87859  -0.0138934     1.88931    -3.11231   -0.373888     1.38959