   0.324493     1.29277  -0.0092451     1.76229    0.102498   0.0869957    -1.31523
   0.320324     1.29278    0.017458     1.76229   -0.191802   0.0881745    -1.01888
   0.322767     1.29277  0.00180835     1.76229  -0.0201169   0.0865493    -1.19176
   0.325211     1.29278  -0.0138457     1.76229    0.152827    0.087568    -1.36591
   0.320766     1.29278   0.0146276     1.76229   -0.161306   0.0876878    -1.04959
   0.323209     1.29277  -0.0010199     1.76229   0.0113485   0.0865369    -1.22345
   0.325652     1.29278  -0.0166712     1.76229    0.183361   0.0880309    -1.39666
   0.321484     1.29278   0.0100316     1.76229   -0.111145   0.0870773    -1.10011
   0.323651     1.29277 -0.00385228     1.76229   0.0428368   0.0866127    -1.25515
   0.321925     1.29277  0.00720084     1.76229  -0.0799449    0.086813    -1.13152
   0.324369     1.29277 -0.00844908     1.76229   0.0937283   0.0869188     -1.3064
   0.322367     1.29277   0.0043712     1.76229  -0.0485963   0.0866354    -1.16309