  -0.965991    0.873312 -0.00317103     1.93879  0.00751171    0.329501     -2.4716
  -0.965991    0.873312 -0.00317103     1.93879    -3.13408   -0.329501    0.669995
   -1.58349     1.46858     1.57082     1.93879    -1.47537      1.5341    -1.14292
   -1.58349     1.46858     1.57082     1.93879    -4.61696     -1.5341     1.99868
  -0.971897    0.873326   0.0127355     1.93879  -0.0301575    0.329655    -2.43165
  -0.971897    0.873326   0.0127355     1.93879    -3.17175   -0.329655    0.709947
   -1.58346     1.46184     1.56978     1.93879    -1.46945     1.53073    -1.14322
   -1.58346     1.46184     1.56978     1.93879    -4.61104    -1.53073     1.99837
   -1.58348      1.4731     1.57144     1.93879    -1.47938      1.5363     -1.1427
   -1.58348      1.4731     1.57144     1.93879    -4.62097     -1.5363      1.9989
  -0.962745    0.873324  -0.0119148     1.93879    0.028216    0.329634    -2.49356
  -0.962745    0.873324  -0.0119148     1.93879    -3.11338   -0.329634    0.648035
   -1.58349     1.46637     1.57049     1.93879    -1.47342     1.53301    -1.14302
   -1.58349     1.46637     1.57049     1.93879    -4.61502    -1.53301     1.99857
  -0.968651    0.873312   0.0039922     1.93879 -0.00945624    0.329507     -2.4536
  -0.968651    0.873312   0.0039922     1.93879    -3.15105   -0.329507    0.687991
   -1.58349     1.47062     1.57111     1.93879    -1.47717      1.5351    -1.14282
   -1.58349     1.47062     1.57111     1.93879    -4.61876     -1.5351     1.99877
  -0.959865    0.873346   -0.019671     1.93879   0.0465592    0.329883    -2.51302
  -0.959865    0.873346   -0.019671     1.93879    -3.09503   -0.329883    0.628578
   -0.97419    0.873344     0.01891     1.93879  -0.0447603    0.329853    -2.41616
   -0.97419    0.873344     0.01891     1.93879    -3.18635   -0.329853    0.725437
   -1.58348     1.46388     1.57011     1.93879    -1.47124     1.53176    -1.14313
   -1.58348     1.46388     1.57011     1.93879    -4.61283    -1.53176     1.99846
   -1.58346     1.47486     1.57167     1.93879    -1.48094     1.53714    -1.14261
   -1.58346     1.47486     1.57167     1.93879    -4.62253    -1.53714     1.99899
  -0.965404    0.873313  -0.0047521     1.93879   0.0112566    0.329513    -2.47557
  -0.965404    0.873313  -0.0047521     1.93879    -3.13034   -0.329513    0.666022
   -1.58349     1.46813     1.57075     1.93879    -1.47497     1.53388    -1.14294
   -1.58349     1.46813     1.57075     1.93879    -4.61656    -1.53388     1.99865
  -0.970943     0.87332   0.0101658     1.93879  -0.0240754    0.329595     -2.4381
  -0.970943     0.87332   0.0101658     1.93879    -3.16567   -0.329595    0.703496
   -1.58348     1.47237     1.57135     1.93879    -1.47873     1.53595    -1.14273
   -1.58348     1.47237     1.57135     1.93879    -4.62032    -1.53595     1.99886
  -0.962158    0.873327  -0.0134959     1.93879   0.0319573    0.329675    -2.49753
  -0.962158    0.873327  -0.0134959     1.93879    -3.10964   -0.329675    0.644066
   -1.58349     1.46564     1.57038     1.93879    -1.47278     1.53264    -1.14305
   -1.58349     1.46564     1.57038     1.93879    -4.61437    -1.53264     1.99854
  -0.968064    0.873311  0.00241095     1.93879 -0.00571078    0.329497    -2.45757
  -0.968064    0.873311  0.00241095     1.93879     -3.1473   -0.329497    0.684018
   -1.58349     1.47017     1.57104     1.93879    -1.47677     1.53488    -1.14284
   -1.58349     1.47017     1.57104     1.93879    -4.61837    -1.53488     1.99875
  -0.958912    0.873356  -0.0222388     1.93879    0.052625    0.329991    -2.51945
  -0.958912    0.873356  -0.0222388     1.93879    -3.08897   -0.329991    0.622143
  -0.973603    0.873338   0.0173294     1.93879  -0.0410239    0.329795    -2.42012
  -0.973603    0.873338   0.0173294     1.93879    -3.18262   -0.329795    0.721473
   -1.58347     1.46315     1.56999     1.93879    -1.47059     1.53139    -1.14316
   -1.58347     1.46315     1.56999     1.93879    -4.61219    -1.53139     1.99843
   -1.58347     1.47441     1.57161     1.93879    -1.48054     1.53693    -1.14263
   -1.58347     1.47441     1.57161     1.93879    -4.62213    -1.53693     1.99896
  -0.964817    0.873314 -0.00633329     1.93879   0.0150014    0.329531    -2.47954
  -0.964817    0.873314 -0.00633329     1.93879    -3.12659   -0.329531     0.66205
   -1.58349     1.46768     1.57069     1.93879    -1.47458     1.53366    -1.14296
   -1.58349     1.46768     1.57069     1.93879    -4.61617    -1.53366     1.99863
  -0.970356    0.873318  0.00858557     1.93879  -0.0203343    0.329565    -2.44206
  -0.970356    0.873318  0.00858557     1.93879    -3.16193   -0.329565    0.699528
   -1.58349     1.47192     1.57129     1.93879    -1.47833     1.53573    -1.14275
   -1.58349     1.47192     1.57129     1.93879    -4.61992    -1.53573     1.99884
  -0.961571    0.873332  -0.0150768     1.93879   0.0356973    0.329721    -2.50149
  -0.961571    0.873332  -0.0150768     1.93879     -3.1059   -0.329721    0.640099
  -0.975895    0.873361   0.0235037     1.93879  -0.0556109     0.33005    -2.40465
  -0.975895    0.873361   0.0235037     1.93879     -3.1972    -0.33005    0.736947
   -1.58349     1.46519     1.57031     1.93879    -1.47238     1.53242    -1.14307
   -1.58349     1.46519     1.57031     1.93879    -4.61398    -1.53242     1.99852
   -0.96711    0.873311 -0.00015825     1.93879  0.00037513    0.329491    -2.46403
   -0.96711    0.873311 -0.00015825     1.93879    -3.14122   -0.329491    0.677563
   -1.58349     1.46943     1.57094     1.93879    -1.47613     1.53452    -1.14288
   -1.58349     1.46943     1.57094     1.93879    -4.61772    -1.53452     1.99872
  -0.958325    0.873363  -0.0238199     1.93879   0.0563577    0.330065    -2.52341
  -0.958325    0.873363  -0.0238199     1.93879    -3.08523   -0.330065    0.618184
  -0.973016    0.873334   0.0157483     1.93879   -0.037285    0.329742    -2.42409
  -0.973016    0.873334   0.0157483     1.93879    -3.17888   -0.329742    0.717507
   -1.58347      1.4627     1.56992     1.93879     -1.4702     1.53116    -1.14318
   -1.58347      1.4627     1.56992     1.93879    -4.61179    -1.53116     1.99841
   -1.58347     1.47396     1.57156     1.93879    -1.48014     1.53671    -1.14265
   -1.58347     1.47396     1.57156     1.93879    -4.62173    -1.53671     1.99894
  -0.963863    0.873318 -0.00890177     1.93879   0.0210835    0.329571    -2.48599
  -0.963863    0.873318 -0.00890177     1.93879    -3.12051   -0.329571      0.6556
   -1.58349     1.46723     1.57062     1.93879    -1.47418     1.53343    -1.14298
   -1.58349     1.46723     1.57062     1.93879    -4.61577    -1.53343     1.99861
  -0.969769    0.873315  0.00700539     1.93879  -0.0165926     0.32954    -2.44603
  -0.969769    0.873315  0.00700539     1.93879    -3.15819    -0.32954     0.69556
   -1.58349     1.47147     1.57123     1.93879    -1.47793     1.53551    -1.14278
   -1.58349     1.47147     1.57123     1.93879    -4.61952    -1.53551     1.99882
  -0.960984    0.873336  -0.0166578     1.93879   0.0394364    0.329772    -2.50546
  -0.960984    0.873336  -0.0166578     1.93879    -3.10216   -0.329772    0.636133
  -0.975308    0.873355   0.0219237     1.93879  -0.0518803    0.329977     -2.4086
  -0.975308    0.873355   0.0219237     1.93879    -3.19347   -0.329977    0.732989
   -1.58348     1.46446      1.5702     1.93879    -1.47174     1.53205    -1.14311
   -1.58348     1.46446      1.5702     1.93879    -4.61333    -1.53205     1.99849
  -0.966523    0.873311 -0.00173992     1.93879   0.0041218    0.329494      -2.468
  -0.966523    0.873311 -0.00173992     1.93879    -3.13747   -0.329494    0.673589
   -1.58349     1.46898     1.57088     1.93879    -1.47573      1.5343     -1.1429
   -1.58349     1.46898     1.57088     1.93879    -4.61732     -1.5343      1.9987
  -0.972062    0.873327   0.0131795     1.93879  -0.0312083    0.329667    -2.43053
  -0.972062    0.873327   0.0131795     1.93879     -3.1728   -0.329667    0.711062
   -1.58347     1.46225     1.56985     1.93879     -1.4698     1.53093     -1.1432
   -1.58347     1.46225     1.56985     1.93879     -4.6114    -1.53093     1.99839
   -1.58348     1.47323     1.57146     1.93879    -1.47949     1.53636    -1.14269
   -1.58348     1.47323     1.57146     1.93879    -4.62108    -1.53636      1.9989
  -0.963277    0.873321  -0.0104829     1.93879   0.0248267    0.329602    -2.48996
  -0.963277    0.873321  -0.0104829     1.93879    -3.11677   -0.329602     0.65163
   -1.58349      1.4665     1.57051     1.93879    -1.47353     1.53307    -1.14301
   -1.58349      1.4665     1.57051     1.93879    -4.61513    -1.53307     1.99858
  -0.969183    0.873313  0.00542527     1.93879  -0.0128505     0.32952       -2.45
  -0.969183    0.873313  0.00542527     1.93879    -3.15444    -0.32952    0.691591
   -1.58349     1.47102     1.57116     1.93879    -1.47753      1.5353     -1.1428
   -1.58349     1.47102     1.57116     1.93879    -4.61912     -1.5353     1.99879
   -0.96003    0.873345   -0.019227     1.93879   0.0455101    0.329865     -2.5119
   -0.96003    0.873345   -0.019227     1.93879    -3.09608   -0.329865    0.629691
  -0.974722    0.873349   0.0203431     1.93879  -0.0481469     0.32991    -2.41256
  -0.974722    0.873349   0.0203431     1.93879    -3.18974    -0.32991    0.729029
   -1.58348     1.46429     1.57017     1.93879    -1.47159     1.53197    -1.14311
   -1.58348     1.46429     1.57017     1.93879    -4.61319    -1.53197     1.99848
  -0.965569    0.873312 -0.00430769     1.93879    0.010204    0.329509    -2.47445
  -0.965569    0.873312 -0.00430769     1.93879    -3.13139   -0.329509    0.667139