    -0.17915     0.663163   -0.0620408      2.06436    0.0944528     0.416656     -1.82159
   -0.197539     0.662778   -0.0242139      2.06436    0.0369705      0.41485     -1.75757
   -0.216415     0.662734    0.0146087      2.06436   -0.0223119     0.414643     -1.69159
    -0.23481     0.663033    0.0524455      2.06436   -0.0799216     0.416048     -1.62744
   -0.873871      1.22027       1.5661      2.06436      -1.2613      1.40344    -0.343618
   -0.873942      1.23188      1.57149      2.06436     -1.26949      1.41321    -0.340546
   -0.873821      1.24349      1.57651      2.06436     -1.27778      1.42271     -0.33752
   -0.186257     0.662974   -0.0474187      2.06436    0.0722936     0.415771      -1.7969
   -0.204655     0.662719  -0.00957796      2.06436    0.0146304     0.414576     -1.73271
    -0.22353     0.662809    0.0292431      2.06436   -0.0446382     0.414999     -1.66673
   -0.242386     0.663255     0.068032      2.06436    -0.103503     0.417086     -1.60117
   -0.873735      1.21332       1.5627      2.06436     -1.25646      1.39748    -0.345481
   -0.873923      1.22494      1.56831      2.06436     -1.26458       1.4074    -0.342377
   -0.873919      1.23626      1.57342      2.06436      -1.2726      1.41682      -0.3394
   -0.174987     0.663297   -0.0706057      2.06436     0.107385     0.417283       -1.836
   -0.193369     0.662835   -0.0327901      2.06436    0.0500431     0.415121     -1.77213
   -0.212243     0.662713   0.00602958      2.06436  -0.00921036     0.414545     -1.70617
   -0.230643     0.662935    0.0438741      2.06436   -0.0669083     0.415592     -1.64193
   -0.873834      1.21799        1.565      2.06436     -1.25971       1.4015    -0.344226
   -0.873943      1.22931      1.57033      2.06436     -1.26767      1.41107     -0.34122
   -0.873864      1.24093      1.57543      2.06436     -1.27594      1.42063    -0.338185
   -0.182091     0.663078   -0.0559901      2.06436    0.0852947     0.416261     -1.81139
   -0.200955     0.662743   -0.0171866      2.06436    0.0262478     0.414689     -1.74564
    -0.21936     0.662759    0.0206662      2.06436   -0.0315578     0.414762     -1.68129
   -0.238222     0.663126    0.0594658      2.06436    -0.090557     0.416483     -1.61559
   -0.873898      1.22237       1.5671      2.06436     -1.26278      1.40523    -0.343058
   -0.873935      1.23398      1.57242      2.06436     -1.27098      1.41495    -0.339995
   -0.873784      1.24531      1.57726      2.06436     -1.27908      1.42417    -0.337052
   -0.189672     0.662901   -0.0403962      2.06436    0.0616208     0.415429     -1.78502
   -0.208072     0.662709  -0.00254972      2.06436   0.00389518     0.414528     -1.72076
   -0.226946     0.662864     0.036269      2.06436   -0.0553403     0.415254     -1.65482
   -0.873784      1.21542      1.56375      2.06436     -1.25792      1.39929    -0.344915
   -0.873935      1.22675      1.56915      2.06436     -1.26586      1.40893    -0.341898
   -0.873898      1.23836      1.57433      2.06436      -1.2741      1.41854    -0.338852
   -0.177927       0.6632   -0.0645574      2.06436    0.0982567     0.416832     -1.82583
   -0.196785     0.662787   -0.0257642      2.06436    0.0393348     0.414893     -1.76021
   -0.215189     0.662726     0.012088      2.06436   -0.0184633     0.414606     -1.69587
   -0.234057     0.663014    0.0508963      2.06436   -0.0775717      0.41596     -1.63006
   -0.873864       1.2198      1.56588      2.06436     -1.26098      1.40305    -0.343742
   -0.873943      1.23142      1.57128      2.06436     -1.26916      1.41282    -0.340668
   -0.873834      1.24274      1.57619      2.06436     -1.27724       1.4221    -0.337715
   -0.185504     0.662991   -0.0489688      2.06436     0.074647     0.415853     -1.79953
   -0.203901     0.662723   -0.0111287      2.06436    0.0169988     0.414594     -1.73534
   -0.222776     0.662799    0.0276927      2.06436   -0.0422749      0.41495     -1.66936
   -0.241162     0.663215    0.0655152      2.06436   -0.0997031       0.4169      -1.6054
   -0.873919      1.22447      1.56809      2.06436     -1.26425      1.40701      -0.3425
   -0.873923       1.2358      1.57322      2.06436     -1.27227      1.41644    -0.339521
   -0.192615     0.662848   -0.0343405      2.06436    0.0524044     0.415179     -1.77476
   -0.211489     0.662711   0.00447854      2.06436  -0.00684116     0.414536     -1.70881
   -0.229889      0.66292     0.042324      2.06436   -0.0645521     0.415518     -1.64456
    -0.87382      1.21724      1.56464      2.06436     -1.25918      1.40085    -0.344429
   -0.873943      1.22885      1.57012      2.06436     -1.26734      1.41069    -0.341343
   -0.873875      1.24017      1.57511      2.06436      -1.2754      1.42002    -0.338381
   -0.181338     0.663099   -0.0575392      2.06436     0.087641     0.416358       -1.814
    -0.19973     0.662754   -0.0197068      2.06436    0.0300943      0.41474     -1.74992
   -0.218606     0.662752    0.0191157      2.06436   -0.0291917     0.414728     -1.68393
   -0.236998     0.663091    0.0569481      2.06436   -0.0867454     0.416321     -1.61984
   -0.873893       1.2219      1.56688      2.06436     -1.26245      1.40484    -0.343182
   -0.873938      1.23323      1.57209      2.06436     -1.27044      1.41432    -0.340192
   -0.873794      1.24484      1.57707      2.06436     -1.27875      1.42379    -0.337171
   -0.188447     0.662926   -0.0429153      2.06436    0.0654514     0.415545     -1.78929
   -0.207318      0.66271  -0.00410038      2.06436   0.00626391     0.414534     -1.72339
   -0.225721     0.662843    0.0337493      2.06436   -0.0515037     0.415156     -1.65909
   -0.873767      1.21467      1.56338      2.06436     -1.25739      1.39865    -0.345118
   -0.873932      1.22628      1.56894      2.06436     -1.26553      1.40854     -0.34202
   -0.873903       1.2379      1.57413      2.06436     -1.27377      1.41816    -0.338973
   -0.177174     0.663224   -0.0661063      2.06436     0.100596     0.416943     -1.82843
    -0.19556     0.662803   -0.0282843      2.06436    0.0431771     0.414969     -1.76448
   -0.214435     0.662722    0.0105372      2.06436    -0.016095     0.414586     -1.69851
   -0.233303     0.662996    0.0493466      2.06436   -0.0752201     0.415874     -1.63268
   -0.873857      1.21934      1.56566      2.06436     -1.26065      1.40265    -0.343866
   -0.873944      1.23066      1.57094      2.06436     -1.26862       1.4122    -0.340866
   -0.873842      1.24228        1.576      2.06436      -1.2769      1.42172    -0.337835
    -0.18428     0.663021   -0.0514872      2.06436    0.0784684     0.415994     -1.80378
   -0.203147     0.662728   -0.0126793      2.06436    0.0193665     0.414614     -1.73798
   -0.222023     0.662789    0.0261425      2.06436   -0.0399113     0.414904     -1.67199
    -0.24041     0.663191    0.0639669      2.06436    -0.097364      0.41679     -1.60801
   -0.873913      1.22372      1.56774      2.06436     -1.26372      1.40637      -0.3427
   -0.873926      1.23533      1.57302      2.06436     -1.27194      1.41606    -0.339642
   -0.873754      1.24665      1.57781      2.06436     -1.28005      1.42525    -0.336704
   -0.191862     0.662861   -0.0358912      2.06436    0.0547656     0.415239     -1.77739
   -0.210264     0.662709   0.00195834      2.06436  -0.00299137     0.414527     -1.71309
   -0.228665     0.662895    0.0398048      2.06436   -0.0607208     0.415403     -1.64883
   -0.873811      1.21677      1.56441      2.06436     -1.25886      1.40046    -0.344553
   -0.873941      1.22839      1.56991      2.06436     -1.26701       1.4103    -0.341465
   -0.873881      1.23971      1.57491      2.06436     -1.27506      1.41964    -0.338501
   -0.180585     0.663121   -0.0590883      2.06436    0.0899862     0.416458     -1.81661
   -0.198976     0.662762   -0.0212576      2.06436    0.0324606     0.414776     -1.75255
   -0.217852     0.662745    0.0175651      2.06436   -0.0268251     0.414696     -1.68656
   -0.236245     0.663071    0.0553991      2.06436   -0.0843989     0.416225     -1.62245
   -0.873883      1.22115      1.56652      2.06436     -1.26192       1.4042    -0.343382
    -0.87394      1.23277      1.57188      2.06436     -1.27011      1.41394    -0.340314
   -0.873809      1.24409      1.57676      2.06436      -1.2782      1.42319    -0.337366
   -0.187222     0.662952   -0.0454337      2.06436    0.0692786     0.415669     -1.79355
   -0.206564     0.662712  -0.00565156      2.06436   0.00863337     0.414543     -1.72603
   -0.224967     0.662831    0.0321988      2.06436    -0.049142       0.4151     -1.66172
    -0.24382     0.663303    0.0709833      2.06436    -0.107954     0.417312     -1.59621
   -0.873756      1.21421      1.56314      2.06436     -1.25707      1.39824    -0.345243
    -0.87393      1.22582      1.56872      2.06436      -1.2652      1.40815    -0.342143
   -0.873911      1.23714      1.57381      2.06436     -1.27323      1.41755    -0.339169
   -0.176422     0.663249   -0.0676543      2.06436     0.102933     0.417058     -1.83104
   -0.194806     0.662813   -0.0298349      2.06436    0.0455405     0.415018     -1.76711
   -0.213681     0.662718   0.00898616      2.06436   -0.0137262      0.41457     -1.70114
    -0.23255     0.662978    0.0477971      2.06436   -0.0728678     0.415791      -1.6353
   -0.873849      1.21887      1.56543      2.06436     -1.26033      1.40226     -0.34399
   -0.873944       1.2302      1.57073      2.06436     -1.26829      1.41181    -0.340988
    -0.87385      1.24181       1.5758      2.06436     -1.27657      1.42135    -0.337956
   -0.183527      0.66304   -0.0530365      2.06436    0.0808181     0.416083      -1.8064
   -0.201921     0.662736   -0.0151997      2.06436    0.0232147     0.414653     -1.74226
   -0.220797     0.662774    0.0236224      2.06436   -0.0360679     0.414834     -1.67627
   -0.239186     0.663154      0.06145      2.06436   -0.0935589     0.416615     -1.61225
   -0.873908      1.22325      1.56752      2.06436      -1.2634      1.40598    -0.342823
    -0.87393      1.23487      1.57281      2.06436     -1.27161      1.41568    -0.339763
   -0.873765      1.24619      1.57762      2.06436     -1.27972      1.42487    -0.336823
   -0.191108     0.662874   -0.0374409      2.06436    0.0571245     0.415302     -1.78001
   -0.209038     0.662709 -0.000562787      2.06436  0.000859929     0.414525     -1.71738
   -0.227911     0.662881    0.0382549      2.06436   -0.0583628     0.415336     -1.65145
   -0.873802      1.21631      1.56418      2.06436     -1.25854      1.40006    -0.344677
    -0.87394      1.22792      1.56969      2.06436     -1.26669      1.40991    -0.341587
   -0.873891      1.23896      1.57459      2.06436     -1.27452      1.41903    -0.338697
   -0.179362     0.663156   -0.0616051      2.06436    0.0937939     0.416626     -1.82085
   -0.197751     0.662775    -0.023778      2.06436    0.0363056     0.414838     -1.75683
   -0.216627     0.662735    0.0150445      2.06436   -0.0229774      0.41465     -1.69085
   -0.235492     0.663051    0.0538499      2.06436   -0.0820509     0.416131     -1.62507
   -0.873877      1.22069       1.5663      2.06436      -1.2616       1.4038    -0.343506
   -0.873942      1.23201      1.57155      2.06436     -1.26958      1.41332    -0.340511
   -0.873818      1.24362      1.57656      2.06436     -1.27787      1.42281    -0.337486
   -0.186469     0.662969   -0.0469836      2.06436    0.0716328     0.415748     -1.79617
   -0.205338     0.662716  -0.00817217      2.06436    0.0124834     0.414562     -1.73032
   -0.223742     0.662812     0.029679      2.06436   -0.0453024     0.415013     -1.66599
   -0.242597     0.663262    0.0684673      2.06436    -0.104159     0.417119     -1.60044
   -0.873745      1.21374      1.56291      2.06436     -1.25675      1.39784    -0.345368
   -0.873926      1.22536      1.56851      2.06436     -1.26487      1.40776    -0.342265
   -0.873913      1.23697      1.57373      2.06436     -1.27311       1.4174    -0.339214
   -0.175199      0.66329   -0.0701704      2.06436     0.106729     0.417249     -1.83527
   -0.194052     0.662825   -0.0313852      2.06436    0.0479028     0.415071     -1.76975
   -0.212456     0.662714   0.00646588      2.06436   -0.0098768     0.414548     -1.70543
   -0.231326      0.66295    0.0452783      2.06436   -0.0690421     0.415661     -1.63956
   -0.873842      1.21841      1.56521      2.06436        -1.26      1.40186    -0.344114
   -0.873944      1.22944      1.57039      2.06436     -1.26776      1.41118    -0.341186
   -0.873862      1.24106      1.57549      2.06436     -1.27603      1.42074    -0.338151
   -0.182303     0.663073   -0.0555542      2.06436    0.0846342     0.416234     -1.81065
   -0.201167     0.662742   -0.0167506      2.06436    0.0255822     0.414681      -1.7449
   -0.220043     0.662766    0.0220719      2.06436   -0.0337026     0.414795     -1.67891
   -0.238434     0.663132    0.0599012      2.06436   -0.0912159     0.416512     -1.61486
     -0.8739       1.2225      1.56717      2.06436     -1.26287      1.40534    -0.343024
   -0.873934      1.23411      1.57248      2.06436     -1.27107      1.41506    -0.339961
   -0.873782      1.24544      1.57731      2.06436     -1.27918      1.42427    -0.337018
   -0.189883     0.662897   -0.0399602      2.06436    0.0609576      0.41541     -1.78428
   -0.208756     0.662709  -0.00114362      2.06436   0.00174722     0.414526     -1.71837
   -0.227629     0.662876    0.0376738      2.06436   -0.0574785     0.415312     -1.65244
   -0.873786      1.21555      1.56381      2.06436     -1.25801      1.39941     -0.34488
   -0.873937      1.22717      1.56935      2.06436     -1.26615      1.40928    -0.341786
   -0.873893      1.23878      1.57451      2.06436      -1.2744      1.41888    -0.338743
   -0.178138     0.663194   -0.0641223      2.06436    0.0975992     0.416801     -1.82509