  -0.245619     1.85293     1.57249     1.37336    -1.84804     1.51776      2.7057
   0.241455     1.35622  -0.0192069     1.37336   0.0468299    0.412455     1.76525
  -0.245597     1.86154     1.56767     1.37336    -1.85563     1.51159     2.70751
  -0.245629     1.85626     1.57066     1.37336    -1.85098      1.5154     2.70636
    0.23805     1.35622   0.0150827     1.37336  -0.0367838    0.412288     1.84576
  -0.245603     1.85098     1.57355     1.37336    -1.84631     1.51912     2.70533
  -0.245616     1.85959     1.56879     1.37336    -1.85391     1.51301     2.70707
  -0.245626     1.85431     1.57174     1.37336    -1.84925     1.51679     2.70597
   0.240045     1.35622 -0.00501639     1.37336   0.0122389    0.412048     1.79856
  -0.245625     1.85786     1.56977     1.37336    -1.85239     1.51426     2.70669
  -0.245615     1.85236     1.57281     1.37336    -1.84753     1.51816     2.70559
  -0.245601     1.86118     1.56787     1.37336    -1.85532     1.51185     2.70743
  -0.245629     1.85591     1.57086     1.37336    -1.85066     1.51566     2.70629
    0.23841     1.35622   0.0114501     1.37336  -0.0279296    0.412173     1.83724
  -0.245599     1.85063     1.57374     1.37336      -1.846     1.51937     2.70527
  -0.245618     1.85923     1.56899     1.37336     -1.8536     1.51327     2.70699
  -0.245624     1.85396     1.57193     1.37336    -1.84894     1.51704      2.7059
   0.240406     1.35622 -0.00864485     1.37336   0.0210895    0.412106     1.79004
  -0.245627     1.85728     1.57009     1.37336    -1.85188     1.51467     2.70657
  -0.245612     1.85201       1.573     1.37336    -1.84722     1.51841     2.70552
  -0.245605     1.86083     1.56807     1.37336    -1.85501     1.51211     2.70735
  -0.245628     1.85533     1.57118     1.37336    -1.85016     1.51606     2.70617
   0.238771     1.35622  0.00781719     1.37336  -0.0190705     0.41209     1.82871
  -0.245592     1.85006     1.57404     1.37336    -1.84549     1.51976     2.70516
   -0.24562     1.85888     1.56919     1.37336    -1.85329     1.51352     2.70691
  -0.245622     1.85338     1.57225     1.37336    -1.84844     1.51744     2.70578
   0.240767     1.35622  -0.0122792     1.37336   0.0299513    0.412197      1.7815
  -0.245628     1.85693     1.57029     1.37336    -1.85157     1.51492      2.7065
  -0.245609     1.85165     1.57319     1.37336    -1.84691     1.51865     2.70545
   -0.24561     1.86026      1.5684     1.37336     -1.8545     1.51252     2.70722
  -0.245628     1.85498     1.57137     1.37336    -1.84985     1.51631      2.7061
   0.239358     1.35622  0.00191133     1.37336 -0.00466314    0.412022     1.81483
  -0.245623     1.85831     1.56951     1.37336    -1.85278     1.51393     2.70679
   -0.24562     1.85303     1.57244     1.37336    -1.84812     1.51769     2.70572
   0.241128     1.35622  -0.0159102     1.37336   0.0388004    0.412318     1.77298
  -0.245594     1.86185     1.56748     1.37336    -1.85591     1.51136     2.70758
  -0.245629     1.85658     1.57048     1.37336    -1.85126     1.51518     2.70643
   0.237722     1.35622   0.0183766     1.37336  -0.0448076    0.412418     1.85349
  -0.245604     1.85108     1.57349     1.37336     -1.8464     1.51905     2.70535
  -0.245613      1.8599      1.5686     1.37336    -1.85419     1.51278     2.70714
  -0.245626     1.85441     1.57169     1.37336    -1.84934     1.51672     2.70598
   0.239718     1.35622 -0.00172028     1.37336  0.00419743    0.412021      1.8063
  -0.245625     1.85795     1.56971     1.37336    -1.85247     1.51419     2.70672
  -0.245616     1.85246     1.57275     1.37336    -1.84762     1.51809     2.70561
    -0.2456     1.86128     1.56781     1.37336     -1.8554     1.51178     2.70745