     -1.0669      1.47091      1.57061      1.58289     -1.47092       1.5694     -1.00066
     -1.0669      1.47091      1.57061      1.58289     -4.61251      -1.5694      2.14094
   -0.531631     0.956785     -0.01494      1.58289    0.0215617     0.602083     -2.07458
   -0.531631     0.956785     -0.01494      1.58289     -3.12003    -0.602083      1.06702
    -1.06689      1.47463      1.57122      1.58289     -1.47463      1.57006     -1.00059
    -1.06689      1.47463      1.57122      1.58289     -4.61622     -1.57006      2.14101
   -0.536482      0.95677   0.00168723      1.58289  -0.00243527     0.601939     -2.05007
   -0.536482      0.95677   0.00168723      1.58289     -3.14403    -0.601939      1.09152
    -1.06689      1.46873      1.57022      1.58289     -1.46874      1.56899     -1.00069
    -1.06689      1.46873      1.57022      1.58289     -4.61033     -1.56899       2.1409
   -0.541031      0.95679    0.0172812      1.58289   -0.0249389     0.602132     -2.02709
   -0.541031      0.95679    0.0172812      1.58289     -3.16653    -0.602132      1.11451
     -1.0669      1.47245      1.57087      1.58289     -1.47245      1.56968     -1.00063
     -1.0669      1.47245      1.57087      1.58289     -4.61405     -1.56968      2.14096
   -0.533815     0.956773  -0.00745237      1.58289    0.0107568     0.601973     -2.06354
   -0.533815     0.956773  -0.00745237      1.58289     -3.13084    -0.601973      1.07805
    -1.06687      1.46655      1.56982      1.58289     -1.46657      1.56857     -1.00072
    -1.06687      1.46655      1.56982      1.58289     -4.60816     -1.56857      2.14087
    -1.06688      1.47641       1.5715      1.58289     -1.47641      1.57036     -1.00055
    -1.06688      1.47641       1.5715      1.58289       -4.618     -1.57036      2.14104
   -0.538365     0.956774    0.0081417      1.58289   -0.0117514      0.60198     -2.04055
   -0.538365     0.956774    0.0081417      1.58289     -3.15334     -0.60198      1.10104
    -1.06689      1.47027      1.57049      1.58289     -1.47028      1.56928     -1.00067
    -1.06689      1.47027      1.57049      1.58289     -4.61187     -1.56928      2.14093
   -0.531149     0.956789   -0.0165913      1.58289    0.0239439     0.602117     -2.07701
   -0.531149     0.956789   -0.0165913      1.58289     -3.11765    -0.602117      1.06458
    -1.06689      1.47423      1.57116      1.58289     -1.47423      1.56999     -1.00059
    -1.06689      1.47423      1.57116      1.58289     -4.61583     -1.56999        2.141
   -0.535698      0.95677 -0.000998437      1.58289   0.00144133     0.601938     -2.05403
   -0.535698      0.95677 -0.000998437      1.58289     -3.14015    -0.601938      1.08756
    -1.06688      1.46833      1.57015      1.58289     -1.46835      1.56892      -1.0007
    -1.06688      1.46833      1.57015      1.58289     -4.60994     -1.56892       2.1409
   -0.540549     0.956786    0.0156294      1.58289    -0.022556     0.602096     -2.02952
   -0.540549     0.956786    0.0156294      1.58289     -3.16415    -0.602096      1.11207
     -1.0669      1.47205       1.5708      1.58289     -1.47206      1.56961     -1.00064
     -1.0669      1.47205       1.5708      1.58289     -4.61365     -1.56961      2.14096
   -0.533333     0.956775  -0.00910485      1.58289    0.0131417     0.601991     -2.06598
   -0.533333     0.956775  -0.00910485      1.58289     -3.12845    -0.601991      1.07561
    -1.06688      1.47577      1.57141      1.58289     -1.47577      1.57026     -1.00056
    -1.06688      1.47577      1.57141      1.58289     -4.61736     -1.57026      2.14103
   -0.537883     0.956773   0.00648922      1.58289  -0.00936638     0.601965     -2.04299
   -0.537883     0.956773   0.00648922      1.58289     -3.15096    -0.601965       1.0986
    -1.06689      1.46987      1.57043      1.58289     -1.46988      1.56921     -1.00067
    -1.06689      1.46987      1.57043      1.58289     -4.61148     -1.56921      2.14092
   -0.530667     0.956793   -0.0182443      1.58289    0.0263284     0.602154     -2.07945
   -0.530667     0.956793   -0.0182443      1.58289     -3.11526    -0.602154      1.06215
    -1.06689      1.47359      1.57106      1.58289      -1.4736      1.56988     -1.00061
    -1.06689      1.47359      1.57106      1.58289     -4.61519     -1.56988      2.14099
   -0.535216      0.95677  -0.00265044      1.58289   0.00382588     0.601942     -2.05646
   -0.535216      0.95677  -0.00265044      1.58289     -3.13777    -0.601942      1.08513
    -1.06688      1.46769      1.57003      1.58289     -1.46771      1.56879      -1.0007
    -1.06688      1.46769      1.57003      1.58289      -4.6093     -1.56879      2.14089
    -1.06687      1.47756      1.57168      1.58289     -1.47755      1.57055     -1.00052
    -1.06687      1.47756      1.57168      1.58289     -4.61914     -1.57055      2.14107
   -0.539765     0.956781    0.0129439      1.58289   -0.0186814     0.602046     -2.03348
   -0.539765     0.956781    0.0129439      1.58289     -3.16027    -0.602046      1.10812
     -1.0669      1.47166      1.57074      1.58289     -1.47167      1.56954     -1.00064
     -1.0669      1.47166      1.57074      1.58289     -4.61326     -1.56954      2.14095
    -0.53255     0.956779     -0.01179      1.58289    0.0170167     0.602028     -2.06994
    -0.53255     0.956779     -0.01179      1.58289     -3.12458    -0.602028      1.07166
    -1.06689      1.47538      1.57134      1.58289     -1.47538      1.57019     -1.00057
    -1.06689      1.47538      1.57134      1.58289     -4.61697     -1.57019      2.14102
   -0.537401     0.956771   0.00483745      1.58289  -0.00698232     0.601952     -2.04543
   -0.537401     0.956771   0.00483745      1.58289     -3.14858    -0.601952      1.09617
    -1.06689      1.46948      1.57036      1.58289     -1.46949      1.56914     -1.00068
    -1.06689      1.46948      1.57036      1.58289     -4.61108     -1.56914      2.14091
    -0.54195     0.956798    0.0204312      1.58289   -0.0294822      0.60221     -2.02245
    -0.54195     0.956798    0.0204312      1.58289     -3.17107     -0.60221      1.11915
     -1.0669       1.4732      1.57099      1.58289      -1.4732      1.56981     -1.00061
     -1.0669       1.4732      1.57099      1.58289     -4.61479     -1.56981      2.14098
   -0.534734     0.956771  -0.00430334      1.58289   0.00621167     0.601949      -2.0589
   -0.534734     0.956771  -0.00430334      1.58289     -3.13538    -0.601949      1.08269
    -1.06688       1.4673      1.56996      1.58289     -1.46732      1.56872     -1.00071
    -1.06688       1.4673      1.56996      1.58289     -4.60891     -1.56872      2.14088
    -1.06687      1.47716      1.57162      1.58289     -1.47716      1.57048     -1.00053
    -1.06687      1.47716      1.57162      1.58289     -4.61875     -1.57048      2.14106
   -0.539283     0.956778    0.0112922      1.58289   -0.0162979      0.60202     -2.03591
   -0.539283     0.956778    0.0112922      1.58289     -3.15789     -0.60202      1.10568
     -1.0669      1.47126      1.57067      1.58289     -1.47127      1.56947     -1.00065
     -1.0669      1.47126      1.57067      1.58289     -4.61287     -1.56947      2.14094
   -0.532068     0.956782    -0.013442      1.58289    0.0194003     0.602055     -2.07237
   -0.532068     0.956782    -0.013442      1.58289     -3.12219    -0.602055      1.06922
    -1.06689      1.47498      1.57128      1.58289     -1.47498      1.57012     -1.00058
    -1.06689      1.47498      1.57128      1.58289     -4.61658     -1.57012      2.14101
   -0.536617      0.95677    0.0021522      1.58289  -0.00310643      0.60194     -2.04938
   -0.536617      0.95677    0.0021522      1.58289      -3.1447     -0.60194      1.09221
    -1.06689      1.46884      1.57024      1.58289     -1.46885      1.56901     -1.00069
    -1.06689      1.46884      1.57024      1.58289     -4.61045     -1.56901       2.1409
   -0.541166     0.956791    0.0177448      1.58289   -0.0256077     0.602143      -2.0264
   -0.541166     0.956791    0.0177448      1.58289      -3.1672    -0.602143      1.11519
     -1.0669      1.47256      1.57089      1.58289     -1.47256       1.5697     -1.00063
     -1.0669      1.47256      1.57089      1.58289     -4.61416      -1.5697      2.14097
   -0.533951     0.956773  -0.00698751      1.58289    0.0100859     0.601969     -2.06286
   -0.533951     0.956773  -0.00698751      1.58289     -3.13151    -0.601969      1.07874
    -1.06687      1.46691      1.56989      1.58289     -1.46692      1.56864     -1.00071
    -1.06687      1.46691      1.56989      1.58289     -4.60852     -1.56864      2.14088
    -1.06688      1.47628      1.57148      1.58289     -1.47627      1.57034     -1.00055
    -1.06688      1.47628      1.57148      1.58289     -4.61787     -1.57034      2.14104
     -0.5385     0.956775   0.00860655      1.58289   -0.0124223     0.601985     -2.03987
     -0.5385     0.956775   0.00860655      1.58289     -3.15401    -0.601985      1.10172