   -0.347264      1.04344    -0.013305      1.89142    0.0559489     0.207078     -1.77856
   -0.347264      1.04344    -0.013305      1.89142     -3.08564    -0.207078      1.36303
    -0.35211      1.04343   0.00359219      1.89142   -0.0151209      0.20676     -1.70535
    -0.35211      1.04343   0.00359219      1.89142     -3.15671     -0.20676      1.43624
   -0.957327       1.6618      1.57111      1.89142     -1.65708      1.59974    -0.437014
   -0.957327       1.6618      1.57111      1.89142     -4.79868     -1.59974      2.70458
    -0.34927      1.04343  -0.00631177      1.89142    0.0265652     0.206813     -1.74829
    -0.34927      1.04343  -0.00631177      1.89142     -3.11503    -0.206813       1.3933
   -0.354437      1.04344    0.0117061      1.89142    -0.049237     0.207001      -1.6702
   -0.354437      1.04344    0.0117061      1.89142     -3.19083    -0.207001      1.47139
   -0.957314      1.65934      1.57142      1.89142     -1.65466      1.59926    -0.436959
   -0.957314      1.65934      1.57142      1.89142     -4.79625     -1.59926      2.70463
   -0.346751      1.04345   -0.0150957      1.89142    0.0634585     0.207176      -1.7863
   -0.346751      1.04345   -0.0150957      1.89142     -3.07813    -0.207176      1.35529
   -0.351597      1.04343   0.00180173      1.89142  -0.00758441     0.206742     -1.71311
   -0.351597      1.04343   0.00180173      1.89142     -3.14918    -0.206742      1.42848
   -0.957324      1.66108      1.57121      1.89142     -1.65637       1.5996    -0.436999
   -0.957324      1.66108      1.57121      1.89142     -4.79796      -1.5996      2.70459
   -0.348757      1.04344  -0.00810218      1.89142     0.034095     0.206863     -1.75605
   -0.348757      1.04344  -0.00810218      1.89142      -3.1075    -0.206863      1.38554
   -0.353602      1.04344   0.00879651      1.89142   -0.0370132     0.206885      -1.6828
   -0.353602      1.04344   0.00879651      1.89142     -3.17861    -0.206885       1.4588
   -0.957331      1.66309      1.57095      1.89142     -1.65836      1.59999    -0.437039
   -0.957331      1.66309      1.57095      1.89142     -4.79995     -1.59999      2.70455
   -0.351083      1.04343  1.14739e-05      1.89142 -4.78819e-05     0.206735     -1.72088
   -0.351083      1.04343  1.14739e-05      1.89142     -3.14164    -0.206735      1.42072
   -0.355929      1.04345    0.0169087      1.89142   -0.0710525     0.207288     -1.64773
   -0.355929      1.04345    0.0169087      1.89142     -3.21265    -0.207288      1.49386
   -0.957322      1.66063      1.57126      1.89142     -1.65593      1.59952    -0.436989
   -0.957322      1.66063      1.57126      1.89142     -4.79752     -1.59952       2.7046
   -0.348243      1.04344  -0.00989321      1.89142    0.0416232     0.206925     -1.76381
   -0.348243      1.04344  -0.00989321      1.89142     -3.09997    -0.206925      1.37779
   -0.353089      1.04344   0.00700566      1.89142    -0.029483      0.20683     -1.69056
   -0.353089      1.04344   0.00700566      1.89142     -3.17108     -0.20683      1.45104
   -0.957329      1.66237      1.57104      1.89142     -1.65765      1.59985    -0.437025
   -0.957329      1.66237      1.57104      1.89142     -4.79924     -1.59985      2.70457
    -0.35057      1.04343  -0.00177822      1.89142   0.00748627     0.206741     -1.72864
    -0.35057      1.04343  -0.00177822      1.89142     -3.13411    -0.206741      1.41295
   -0.355415      1.04345    0.0151186      1.89142   -0.0635534     0.207177     -1.65546
   -0.355415      1.04345    0.0151186      1.89142     -3.20515    -0.207177      1.48614
    -0.95732      1.66019      1.57132      1.89142     -1.65549      1.59943    -0.436979
    -0.95732      1.66019      1.57132      1.89142     -4.79709     -1.59943      2.70461
   -0.347409      1.04344   -0.0128022      1.89142    0.0538392     0.207053     -1.77639
   -0.347409      1.04344   -0.0128022      1.89142     -3.08775    -0.207053       1.3652
   -0.352575      1.04343   0.00521412      1.89142   -0.0219464     0.206788     -1.69832
   -0.352575      1.04343   0.00521412      1.89142     -3.16354    -0.206788      1.44327
   -0.957328      1.66192       1.5711      1.89142     -1.65721      1.59977    -0.437016
   -0.957328      1.66192       1.5711      1.89142      -4.7988     -1.59977      2.70458
   -0.349735      1.04343  -0.00468925      1.89142    0.0197386     0.206778     -1.74126
   -0.349735      1.04343  -0.00468925      1.89142     -3.12185    -0.206778      1.40033
   -0.354581      1.04344    0.0122092      1.89142   -0.0513493     0.207024     -1.66803
   -0.354581      1.04344    0.0122092      1.89142     -3.19294    -0.207024      1.47356
   -0.957317      1.65974      1.57137      1.89142     -1.65505      1.59934    -0.436968
   -0.957317      1.65974      1.57137      1.89142     -4.79665     -1.59934      2.70462
   -0.346574      1.04345   -0.0157118      1.89142    0.0660401     0.207213     -1.78896
   -0.346574      1.04345   -0.0157118      1.89142     -3.07555    -0.207213      1.35263