   0.373442    0.689617   -0.041963     2.14453   0.0878822    0.308997    -1.29602
   0.354909    0.689411 -0.00322607     2.14453  0.00677656    0.307661    -1.20738
   0.336836     0.68955   0.0345461     2.14453  -0.0724179    0.308564    -1.12084
  -0.315433     1.26777     1.56755     2.14453    -1.31565     1.40548    0.254005
  -0.315471     1.27956     1.57216     2.14453    -1.32347     1.41542    0.256563
  -0.315317     1.29135     1.57639     2.14453    -1.33143     1.42509    0.259104
   0.384514    0.689908   -0.065107     2.14453    0.135787    0.310879    -1.34843
   0.366456    0.689498  -0.0273618     2.14453   0.0574012    0.308225     -1.2627
   0.347919    0.689425   0.0113816     2.14453  -0.0239016    0.307752    -1.17386
   0.329852    0.689694   0.0491444     2.14453   -0.102808    0.309495    -1.08761
  -0.315318     1.26072     1.56462     2.14453    -1.31104     1.39941    0.252463
  -0.315472     1.27251     1.56945     2.14453    -1.31877     1.40951    0.255036
  -0.315435     1.28401      1.5738     2.14453    -1.32645      1.4191    0.257523
   0.377535     0.68971  -0.0505174     2.14453    0.105657    0.309599    -1.31546
   0.359005    0.689426  -0.0117885     2.14453   0.0247563    0.307759    -1.22703
   0.340931    0.689489   0.0259872     2.14453  -0.0545238    0.308169     -1.1404
    0.32241    0.689902   0.0647014     2.14453   -0.134953    0.310839    -1.05244
  -0.315403     1.26546     1.56661     2.14453    -1.31413      1.4035    0.253501
  -0.315479     1.27696     1.57117     2.14453    -1.32173     1.41324       0.256
  -0.315368     1.28875     1.57549     2.14453    -1.32966     1.42298    0.258544
   0.370088    0.689554  -0.0349526     2.14453    0.073267    0.308586    -1.28004
   0.352016    0.689411  0.00281954     2.14453 -0.00592211    0.307659    -1.19351
   0.333482    0.689613   0.0415564     2.14453   -0.087035    0.308971    -1.10486
  -0.315454      1.2699     1.56842     2.14453    -1.31705      1.4073     0.25447
  -0.315457      1.2817     1.57295     2.14453     -1.3249     1.41719    0.257024
   0.381626     0.68982  -0.0590701     2.14453    0.123351    0.310311    -1.33482
   0.363101    0.689459  -0.0203493     2.14453   0.0427143     0.30797    -1.24665
   0.345027    0.689446   0.0174271     2.14453  -0.0365866    0.307885       -1.16
     0.3265    0.689781   0.0561512     2.14453   -0.117321    0.310055    -1.07174
   -0.31536     1.26285     1.56553     2.14453    -1.31243     1.40125    0.252931
  -0.315478     1.27435     1.57017     2.14453    -1.31999     1.41106    0.255435
  -0.315409     1.28614     1.57457     2.14453    -1.32789     1.42085    0.257983
   0.374182    0.689632  -0.0435095     2.14453   0.0911007    0.309098    -1.29954
   0.356112    0.689414 -0.00574145     2.14453   0.0120596    0.307678    -1.21315
   0.337577    0.689538   0.0329987     2.14453  -0.0691864    0.308485    -1.12437
  -0.315428      1.2673     1.56736     2.14453    -1.31534     1.40507    0.253902
  -0.315473     1.27909     1.57198     2.14453    -1.32315     1.41503    0.256461
  -0.315333     1.29059     1.57613     2.14453    -1.33091     1.42447    0.258939
   0.385715    0.689947  -0.0676195     2.14453    0.140949    0.311131    -1.35408
   0.367197    0.689508  -0.0289084     2.14453   0.0606369    0.308291    -1.26624
   0.349123    0.689419  0.00886562     2.14453  -0.0186196    0.307713    -1.17963
   0.330592    0.689676   0.0475983     2.14453  -0.0995989    0.309381    -1.09112
  -0.315308     1.26025     1.56443     2.14453    -1.31073       1.399     0.25236
  -0.315468     1.27174     1.56915     2.14453    -1.31827     1.40886     0.25487
  -0.315441     1.28354     1.57363     2.14453    -1.32613     1.41871    0.257421
   0.378274    0.689729  -0.0520637     2.14453    0.108862     0.30972    -1.31897
   0.360209    0.689434  -0.0143031     2.14453   0.0300338    0.307809    -1.23279
   0.341671     0.68948     0.02444     2.14453  -0.0512842    0.308109    -1.14394
   0.323612    0.689865   0.0621898     2.14453   -0.129783    0.310598     -1.0581
  -0.315392     1.26469     1.56629     2.14453    -1.31363     1.40284    0.253333
   -0.31548     1.27648     1.57099     2.14453    -1.32141     1.41285    0.255898
  -0.315376     1.28828     1.57532     2.14453    -1.32934     1.42259    0.258442
   0.371291    0.689575  -0.0374674     2.14453   0.0785145    0.308725    -1.28578
   0.352756     0.68941  0.00127152     2.14453 -0.00267054    0.307654    -1.19706
   0.334685    0.689589   0.0390421     2.14453  -0.0817971    0.308817    -1.11059
  -0.315448     1.26914     1.56811     2.14453    -1.31655     1.40664    0.254303
  -0.315463     1.28093     1.57267     2.14453    -1.32438     1.41655    0.256859
   0.382365    0.689842   -0.060616     2.14453     0.12654    0.310451    -1.33831
   0.364305    0.689472  -0.0228642     2.14453   0.0479843    0.308053    -1.25241
   0.345767     0.68944   0.0158797     2.14453  -0.0333409    0.307846    -1.16355
    0.32724     0.68976   0.0546048     2.14453   -0.114123    0.309925    -1.07523
  -0.315352     1.26238     1.56533     2.14453    -1.31212     1.40085    0.252828
  -0.315477     1.27388     1.56999     2.14453    -1.31968     1.41066    0.255333
  -0.315415     1.28567      1.5744     2.14453    -1.32757     1.42046    0.257881
   0.375385    0.689659  -0.0460231     2.14453   0.0963272    0.309269    -1.30526
   0.356853    0.689416 -0.00729004     2.14453   0.0153117    0.307694    -1.21671
    0.33878    0.689519   0.0304841     2.14453  -0.0639313    0.308363    -1.13012
  -0.315422     1.26683     1.56717     2.14453    -1.31503     1.40467    0.253799
  -0.315476     1.27832     1.57169     2.14453    -1.32264     1.41439    0.256296
  -0.315342     1.29012     1.57597     2.14453    -1.33059     1.42409    0.258838
     0.3684    0.689526  -0.0314233     2.14453    0.065895    0.308407    -1.27199
   0.349864    0.689416  0.00731763     2.14453  -0.0153691    0.307694    -1.18319
   0.331332    0.689659   0.0460518     2.14453  -0.0963863    0.309271    -1.09463
  -0.315291     1.25948      1.5641     2.14453    -1.31023     1.39833    0.252192
  -0.315465     1.27127     1.56896     2.14453    -1.31795     1.40846    0.254767
  -0.315445     1.28307     1.57345     2.14453    -1.32582     1.41832     0.25732
   0.379476     0.68976  -0.0545774     2.14453    0.114067    0.309923    -1.32466
   0.360949     0.68944  -0.0158509     2.14453   0.0332811    0.307845    -1.23634
   0.342412    0.689472    0.022892     2.14453   -0.048042    0.308053    -1.14748
   0.324351    0.689842    0.060644     2.14453   -0.126597    0.310454    -1.06159
  -0.315384     1.26422      1.5661     2.14453    -1.31332     1.40243     0.25323
   -0.31548     1.27601     1.57081     2.14453     -1.3211     1.41245    0.255796
  -0.315388     1.28751     1.57505     2.14453    -1.32882     1.42197    0.258277
   0.372031    0.689589  -0.0390144     2.14453   0.0817399    0.308815    -1.28931
    0.35396     0.68941 -0.00124371     2.14453   0.0026127    0.307654    -1.20283
   0.335425    0.689575   0.0374945     2.14453  -0.0785704    0.308726    -1.11411
  -0.315443     1.26867     1.56792     2.14453    -1.31624     1.40624      0.2542
  -0.315466     1.28046     1.57249     2.14453    -1.32407     1.41616    0.256757
  -0.315304     1.29196      1.5766     2.14453    -1.33184     1.42558    0.259233
   0.383105    0.689864  -0.0621611     2.14453    0.129724    0.310595    -1.34179
   0.365045     0.68948  -0.0244116     2.14453   0.0512254    0.308108    -1.25595
   0.346508    0.689434   0.0143318     2.14453  -0.0300932     0.30781     -1.1671
   0.328442    0.689729   0.0520925     2.14453   -0.108921    0.309722    -1.08092
  -0.315337     1.26162     1.56501     2.14453    -1.31162     1.40018     0.25266
  -0.315474     1.27311     1.56969     2.14453    -1.31917     1.41002    0.255167
  -0.315425     1.28491     1.57412     2.14453    -1.32706     1.41984    0.257716
   0.376124    0.689676  -0.0475698     2.14453   0.0995403    0.309379    -1.30877
   0.358056    0.689421 -0.00980526     2.14453    0.020593    0.307727    -1.22248
    0.33952    0.689508   0.0289373     2.14453  -0.0606966    0.308293    -1.13365
   0.321001    0.689948   0.0676471     2.14453   -0.141005    0.311134    -1.04582
  -0.315412     1.26606     1.56686     2.14453    -1.31453     1.40402    0.253632
  -0.315477     1.27785     1.57151     2.14453    -1.32233     1.41399    0.256194
  -0.315351     1.28964      1.5758     2.14453    -1.33027     1.42371    0.258737
    0.36914    0.689538  -0.0329711     2.14453   0.0691293    0.308483    -1.27552
   0.350604    0.689414  0.00577039     2.14453  -0.0121198    0.307678    -1.18674
   0.332534    0.689633   0.0435381     2.14453  -0.0911597    0.309099    -1.10035
   -0.31528     1.25901      1.5639     2.14453    -1.30993     1.39792    0.252089
  -0.315461      1.2708     1.56877     2.14453    -1.31764     1.40806    0.254665
  -0.315452      1.2823     1.57317     2.14453     -1.3253     1.41769    0.257154
   0.380216     0.68978  -0.0561231     2.14453    0.117264    0.310053    -1.32816
    0.36169    0.689446  -0.0173987     2.14453   0.0365277    0.307884    -1.23989
   0.343615    0.689459   0.0203773     2.14453  -0.0427723     0.30797    -1.15324
   0.325091    0.689821   0.0590979     2.14453   -0.123408    0.310313    -1.06508
  -0.315376     1.26375      1.5659     2.14453    -1.31301     1.40203    0.253127
   -0.31548     1.27525     1.57052     2.14453    -1.32059     1.41181     0.25563
  -0.315396     1.28704     1.57489     2.14453     -1.3285     1.42158    0.258176
   0.373234    0.689613  -0.0415282     2.14453   0.0869769    0.308969    -1.29503
   0.354701    0.689411 -0.00279158     2.14453  0.00586396    0.307659    -1.20639
   0.336165    0.689562   0.0359483     2.14453  -0.0753447     0.30864    -1.11764
  -0.315438      1.2682     1.56773     2.14453    -1.31593     1.40584    0.254098
  -0.315469     1.27999     1.57232     2.14453    -1.32375     1.41577    0.256655
  -0.315315     1.29148     1.57644     2.14453    -1.33152      1.4252    0.259132
   0.384306    0.689902  -0.0646729     2.14453    0.134895    0.310836    -1.34745
   0.365785    0.689489  -0.0259589     2.14453   0.0544651    0.308168    -1.25949
   0.347248    0.689429    0.012784     2.14453  -0.0268452    0.307778    -1.17065
   0.329182     0.68971   0.0505461     2.14453   -0.105716    0.309601    -1.08443
  -0.315321     1.26085     1.56468     2.14453    -1.31112     1.39952    0.252492
  -0.315472     1.27264      1.5695     2.14453    -1.31886     1.40962    0.255065
  -0.315431     1.28443     1.57395     2.14453    -1.32674     1.41945    0.257615
   0.376864    0.689694   -0.049116     2.14453     0.10275    0.309493    -1.31228
   0.358797    0.689425  -0.0113526     2.14453   0.0238414    0.307752    -1.22603
    0.34026    0.689498   0.0273905     2.14453  -0.0574608    0.308226    -1.13719
   0.321741    0.689924   0.0661024     2.14453   -0.137833    0.310978    -1.04929
  -0.315405     1.26559     1.56666     2.14453    -1.31422     1.40361     0.25353
  -0.315479     1.27738     1.57133     2.14453    -1.32201      1.4136    0.256092
  -0.315365     1.28888     1.57554     2.14453    -1.32975     1.42309    0.258572
    0.36988     0.68955  -0.0345176     2.14453   0.0723588    0.308563    -1.27905
   0.351345    0.689412  0.00422296     2.14453 -0.00886983    0.307666    -1.19029
   0.332812    0.689627   0.0429581     2.14453  -0.0899529    0.309061    -1.10167
  -0.315456     1.27004     1.56847     2.14453    -1.31714     1.40741    0.254498
  -0.315456     1.28183       1.573     2.14453    -1.32499      1.4173    0.257053
   0.380956    0.689801   -0.057669     2.14453    0.120458    0.310187    -1.33165
    0.36243    0.689452  -0.0189466     2.14453   0.0397736    0.307927    -1.24344
   0.344819    0.689448   0.0178623     2.14453  -0.0374993    0.307897      -1.159
   0.326293    0.689786   0.0565861     2.14453    -0.11822    0.310093    -1.07075
  -0.315368     1.26328     1.56571     2.14453    -1.31271     1.40162    0.253025
  -0.315478     1.27448     1.57022     2.14453    -1.32008     1.41117    0.255464
  -0.315407     1.28627     1.57461     2.14453    -1.32798     1.42096    0.258011
   0.373974    0.689628  -0.0430747     2.14453    0.090196    0.309069    -1.29855