    -1.18964       1.6171      1.57056      1.53555     -1.61706      1.56893     -1.30601
    -1.18964       1.6171      1.57056      1.53555     -4.75865     -1.56893      1.83558
   -0.670902       1.0929   -0.0118423      1.53555    0.0214169     0.513262     -2.34698
   -0.670902       1.0929   -0.0118423      1.53555     -3.12018    -0.513262     0.794614
    -1.18964      1.61133        1.571      1.53555     -1.61131      1.56957     -1.30604
    -1.18964      1.61133        1.571      1.53555     -4.75291     -1.56957      1.83555
   -0.675267       1.0929   0.00738901      1.53555   -0.0133641     0.513189      -2.3122
   -0.675267       1.0929   0.00738901      1.53555     -3.15496    -0.513189     0.829395
    -1.18965      1.61497      1.57074      1.53555     -1.61494      1.56918     -1.30603
    -1.18965      1.61497      1.57074      1.53555     -4.75653     -1.56918      1.83556
    -1.18963      1.61884       1.5704      1.53555      -1.6188      1.56871     -1.30599
    -1.18963      1.61884       1.5704      1.53555     -4.76039     -1.56871       1.8356
   -0.672868       1.0929  -0.00318331      1.53555   0.00575801     0.513151     -2.33132
   -0.672868       1.0929  -0.00318331      1.53555     -3.13583    -0.513151     0.810273
    -1.18965      1.61284       1.5709      1.53555     -1.61281      1.56942     -1.30604
    -1.18965      1.61284       1.5709      1.53555     -4.75441     -1.56942      1.83555
   -0.676961      1.09291    0.0148522      1.53555   -0.0268576     0.513331      -2.2987
   -0.676961      1.09291    0.0148522      1.53555     -3.16845    -0.513331     0.842889
    -1.18965      1.61671      1.57059      1.53555     -1.61668      1.56898     -1.30602
    -1.18965      1.61671      1.57059      1.53555     -4.75827     -1.56898      1.83557
   -0.670469      1.09291   -0.0137522      1.53555    0.0248696     0.513304     -2.35043
   -0.670469      1.09291   -0.0137522      1.53555     -3.11672    -0.513304     0.791162
    -1.18964      1.61071      1.57104      1.53555     -1.61069      1.56964     -1.30604
    -1.18964      1.61071      1.57104      1.53555     -4.75228     -1.56964      1.83555
   -0.674562       1.0929   0.00428152      1.53555  -0.00774402     0.513158     -2.31782
   -0.674562       1.0929   0.00428152      1.53555     -3.14934    -0.513158     0.823775
    -1.18965      1.61458      1.57077      1.53555     -1.61455      1.56922     -1.30604
    -1.18965      1.61458      1.57077      1.53555     -4.75615     -1.56922      1.83556
    -1.18964      1.61822      1.57046      1.53555     -1.61818      1.56879       -1.306
    -1.18964      1.61822      1.57046      1.53555     -4.75977     -1.56879      1.83559
   -0.672434       1.0929  -0.00509238      1.53555   0.00921092     0.513165     -2.33477
   -0.672434       1.0929  -0.00509238      1.53555     -3.13238    -0.513165      0.80682
    -1.18965      1.61245      1.57092      1.53555     -1.61243      1.56946     -1.30604
    -1.18965      1.61245      1.57092      1.53555     -4.75402     -1.56946      1.83555
   -0.676527      1.09291    0.0129401      1.53555   -0.0234013     0.513286     -2.30216
   -0.676527      1.09291    0.0129401      1.53555     -3.16499    -0.513286     0.839432
    -1.18965      1.61609      1.57065      1.53555     -1.61605      1.56905     -1.30603
    -1.18965      1.61609      1.57065      1.53555     -4.75765     -1.56905      1.83557
   -0.670035      1.09291   -0.0156631      1.53555    0.0283235     0.513353     -2.35389
   -0.670035      1.09291   -0.0156631      1.53555     -3.11327    -0.513353     0.787708
    -1.18964      1.61032      1.57107      1.53555     -1.61031      1.56967     -1.30604
    -1.18964      1.61032      1.57107      1.53555      -4.7519     -1.56967      1.83555
   -0.674128       1.0929    0.0023694      1.53555  -0.00428555     0.513147     -2.32128
   -0.674128       1.0929    0.0023694      1.53555     -3.14588    -0.513147     0.820316
    -1.18965      1.61396      1.57082      1.53555     -1.61393       1.5693     -1.30604
    -1.18965      1.61396      1.57082      1.53555     -4.75552      -1.5693      1.83555
    -1.18964      1.61783       1.5705      1.53555     -1.61779      1.56884     -1.30601
    -1.18964      1.61783       1.5705      1.53555     -4.75938     -1.56884      1.83559
   -0.671729       1.0929  -0.00819886      1.53555     0.014829       0.5132     -2.34039
   -0.671729       1.0929  -0.00819886      1.53555     -3.12676      -0.5132     0.801202
    -1.18965      1.61207      1.57095      1.53555     -1.61205       1.5695     -1.30604
    -1.18965      1.61207      1.57095      1.53555     -4.75364      -1.5695      1.83555
   -0.676093       1.0929    0.0110303      1.53555   -0.0199486     0.513247     -2.30561
   -0.676093       1.0929    0.0110303      1.53555     -3.16154    -0.513247      0.83598
    -1.18965       1.6157      1.57068      1.53555     -1.61567       1.5691     -1.30603
    -1.18965       1.6157      1.57068      1.53555     -4.75726      -1.5691      1.83556
    -1.18964      1.60994      1.57109      1.53555     -1.60992      1.56971     -1.30604
    -1.18964      1.60994      1.57109      1.53555     -4.75152     -1.56971      1.83555
   -0.673694       1.0929  0.000460267      1.53555 -0.000832357     0.513142     -2.32473
   -0.673694       1.0929  0.000460267      1.53555     -3.14243    -0.513142     0.816863
    -1.18965      1.61357      1.57084      1.53555     -1.61355      1.56934     -1.30604
    -1.18965      1.61357      1.57084      1.53555     -4.75514     -1.56934      1.83555
    -1.18964      1.61745      1.57053      1.53555     -1.61741      1.56889     -1.30601
    -1.18964      1.61745      1.57053      1.53555       -4.759     -1.56889      1.83558
   -0.671296       1.0929   -0.0101101      1.53555    0.0182851      0.51323     -2.34385
   -0.671296       1.0929   -0.0101101      1.53555     -3.12331     -0.51323     0.797746
    -1.18965      1.61144      1.57099      1.53555     -1.61142      1.56956     -1.30604
    -1.18965      1.61144      1.57099      1.53555     -4.75302     -1.56956      1.83555
   -0.675389       1.0929   0.00792491      1.53555   -0.0143333     0.513196     -2.31123
   -0.675389       1.0929   0.00792491      1.53555     -3.15593    -0.513196     0.830364
    -1.18965      1.61532      1.57071      1.53555     -1.61529      1.56914     -1.30603
    -1.18965      1.61532      1.57071      1.53555     -4.75688     -1.56914      1.83556
    -1.18963      1.61871      1.57042      1.53555     -1.61867      1.56873     -1.30599
    -1.18963      1.61871      1.57042      1.53555     -4.76026     -1.56873       1.8356
   -0.673261       1.0929   -0.0014509      1.53555   0.00262452     0.513144     -2.32819
   -0.673261       1.0929   -0.0014509      1.53555     -3.13897    -0.513144     0.813406
    -1.18965      1.61295      1.57089      1.53555     -1.61292       1.5694     -1.30604
    -1.18965      1.61295      1.57089      1.53555     -4.75452      -1.5694      1.83555