   -0.696581      1.24829      1.56829      1.99019      -1.2755      1.43918    -0.263464
   -0.696581      1.24829      1.56829      1.99019     -4.41709     -1.43918      2.87813
    -0.69658       1.2597      1.57323      1.99019     -1.28425      1.44796    -0.260813
    -0.69658       1.2597      1.57323      1.99019     -4.42584     -1.44796      2.88078
  -0.0321991     0.691666   -0.0353431      1.99019    0.0507316     0.460559     -1.64194
  -0.0321991     0.691666   -0.0353431      1.99019     -3.09086    -0.460559      1.49966
    -0.04965     0.691524   0.00219348      1.99019  -0.00315138     0.459885     -1.58219
    -0.04965     0.691524   0.00219348      1.99019     -3.14474    -0.459885       1.5594
   -0.696603      1.25259      1.57019      1.99019     -1.27878      1.44252     -0.26246
   -0.696603      1.25259      1.57019      1.99019     -4.42038     -1.44252      2.87913
  -0.0389458     0.691573   -0.0208305      1.99019    0.0299193     0.460118     -1.61886
  -0.0389458     0.691573   -0.0208305      1.99019     -3.11167    -0.460118      1.52273
  -0.0568459     0.691559    0.0176713      1.99019   -0.0253837     0.460052     -1.55755
  -0.0568459     0.691559    0.0176713      1.99019     -3.16698    -0.460052      1.58405
   -0.696555      1.24577      1.56715      1.99019     -1.27358       1.4372    -0.264055
   -0.696555      1.24577      1.56715      1.99019     -4.41517      -1.4372      2.87754
   -0.696597      1.25718      1.57217      1.99019      -1.2823      1.44604    -0.261396
   -0.696597      1.25718      1.57217      1.99019      -4.4239     -1.44604       2.8802
  -0.0461415     0.691527  -0.00535302      1.99019   0.00769121     0.459898     -1.59422
  -0.0461415     0.691527  -0.00535302      1.99019      -3.1339    -0.459898      1.54738
  -0.0635931     0.691642    0.0321848      1.99019   -0.0462056     0.460444     -1.53446
  -0.0635931     0.691642    0.0321848      1.99019      -3.1878    -0.460444      1.60713
   -0.696595      1.25035      1.56921      1.99019     -1.27707      1.44079    -0.262981
   -0.696595      1.25035      1.56921      1.99019     -4.41866     -1.44079      2.87861
   -0.696563      1.26148      1.57397      1.99019     -1.28562      1.44931    -0.260403
   -0.696563      1.26148      1.57397      1.99019     -4.42721     -1.44931      2.88119
  -0.0349913     0.691622   -0.0293368      1.99019     0.042123     0.460349     -1.63239
  -0.0349913     0.691622   -0.0293368      1.99019     -3.09947    -0.460349       1.5092
  -0.0528905     0.691533   0.00916355      1.99019   -0.0131651     0.459928     -1.57109
  -0.0528905     0.691533   0.00916355      1.99019     -3.15476    -0.459928       1.5705
   -0.696604      1.25466      1.57109      1.99019     -1.28037      1.44411     -0.26198
   -0.696604      1.25466      1.57109      1.99019     -4.42196     -1.44411      2.87961
   -0.042186     0.691546   -0.0138611      1.99019    0.0199128     0.459987     -1.60776
   -0.042186     0.691546   -0.0138611      1.99019     -3.12168    -0.459987      1.53383
  -0.0596388     0.691588    0.0236788      1.99019   -0.0340066     0.460187     -1.54799
  -0.0596388     0.691588    0.0236788      1.99019      -3.1756    -0.460187      1.59361
   -0.696577      1.24783      1.56808      1.99019     -1.27515      1.43883    -0.263571
   -0.696577      1.24783      1.56808      1.99019     -4.41674     -1.43883      2.87802
   -0.696586      1.25896      1.57292      1.99019     -1.28367       1.4474    -0.260984
   -0.696586      1.25896      1.57292      1.99019     -4.42527      -1.4474      2.88061
  -0.0310376     0.691687   -0.0378417      1.99019    0.0543104     0.460658      -1.6459
  -0.0310376     0.691687   -0.0378417      1.99019     -3.08728    -0.460658      1.49569
  -0.0489349     0.691524  0.000655353      1.99019 -0.000941421     0.459883     -1.58464
  -0.0489349     0.691524  0.000655353      1.99019     -3.14253    -0.459883      1.55695
   -0.696602      1.25214      1.56999      1.99019     -1.27843      1.44217    -0.262566
   -0.696602      1.25214      1.56999      1.99019     -4.42003     -1.44217      2.87903
  -0.0382309     0.691581   -0.0223684      1.99019    0.0321265     0.460154     -1.62131
  -0.0382309     0.691581   -0.0223684      1.99019     -3.10947    -0.460154      1.52029
  -0.0556838      0.69155    0.0151718      1.99019   -0.0217946     0.460007     -1.56153
  -0.0556838      0.69155    0.0151718      1.99019     -3.16339    -0.460007      1.58007
   -0.696549      1.24531      1.56694      1.99019     -1.27323      1.43684    -0.264163
   -0.696549      1.24531      1.56694      1.99019     -4.41482     -1.43684      2.87743
     -0.6966      1.25644      1.57185      1.99019     -1.28173      1.44548    -0.261567
     -0.6966      1.25644      1.57185      1.99019     -4.42333     -1.44548      2.88003
  -0.0449793     0.691531  -0.00785296      1.99019    0.0112827     0.459916      -1.5982
  -0.0449793     0.691531  -0.00785296      1.99019     -3.13031    -0.459916       1.5434
  -0.0628783     0.691631    0.0306471      1.99019   -0.0440013     0.460392      -1.5369
  -0.0628783     0.691631    0.0306471      1.99019     -3.18559    -0.460392      1.60469
    -0.69659      1.24961      1.56888      1.99019     -1.27651      1.44021    -0.263154
    -0.69659      1.24961      1.56888      1.99019      -4.4181     -1.44021      2.87844
   -0.696568      1.26103      1.57378      1.99019     -1.28527      1.44896    -0.260508
   -0.696568      1.26103      1.57378      1.99019     -4.42686     -1.44896      2.88108
  -0.0342765     0.691633   -0.0308745      1.99019    0.0443277     0.460399     -1.63483
  -0.0342765     0.691633   -0.0308745      1.99019     -3.09727    -0.460399      1.50676
  -0.0521755      0.69153   0.00762554      1.99019   -0.0109557     0.459914     -1.57354
  -0.0521755      0.69153   0.00762554      1.99019     -3.15255    -0.459914      1.56805
   -0.696604       1.2542      1.57089      1.99019     -1.28002      1.44376    -0.262086
   -0.696604       1.2542      1.57089      1.99019     -4.42161     -1.44376      2.87951
   -0.041471     0.691551   -0.0153992      1.99019    0.0221215     0.460011     -1.61021
   -0.041471     0.691551   -0.0153992      1.99019     -3.11947    -0.460011      1.53138
  -0.0589239      0.69158    0.0221411      1.99019   -0.0317999     0.460148     -1.55043
  -0.0589239      0.69158    0.0221411      1.99019     -3.17339    -0.460148      1.59116
    -0.69657      1.24709      1.56775      1.99019     -1.27458      1.43824    -0.263744
    -0.69657      1.24709      1.56775      1.99019     -4.41618     -1.43824      2.87785
   -0.696589      1.25851      1.57273      1.99019     -1.28332      1.44705     -0.26109
   -0.696589      1.25851      1.57273      1.99019     -4.42492     -1.44705       2.8805
  -0.0482198     0.691524 -0.000882804      1.99019    0.0012686     0.459883     -1.58709
  -0.0482198     0.691524 -0.000882804      1.99019     -3.14032    -0.459883       1.5545
  -0.0656704     0.691677    0.0366532      1.99019   -0.0526079      0.46061     -1.52736
  -0.0656704     0.691677    0.0366532      1.99019      -3.1942     -0.46061      1.61423
     -0.6966      1.25168      1.56979      1.99019     -1.27809      1.44182    -0.262672
     -0.6966      1.25168      1.56979      1.99019     -4.41968     -1.44182      2.87892
   -0.696547      1.26281      1.57451      1.99019     -1.28664       1.4503    -0.260099
   -0.696547      1.26281      1.57451      1.99019     -4.42824      -1.4503      2.88149
   -0.037516     0.691589   -0.0239062      1.99019    0.0343333     0.460192     -1.62375
   -0.037516     0.691589   -0.0239062      1.99019     -3.10726    -0.460192      1.51784
  -0.0549688     0.691545    0.0136338      1.99019    -0.019586     0.459983     -1.56397
  -0.0549688     0.691545    0.0136338      1.99019     -3.16118    -0.459983      1.57762
   -0.696539      1.24457       1.5666      1.99019     -1.27267      1.43626    -0.264337
   -0.696539      1.24457       1.5666      1.99019     -4.41426     -1.43626      2.87726
   -0.696601      1.25598      1.57166      1.99019     -1.28138      1.44513    -0.261673
   -0.696601      1.25598      1.57166      1.99019     -4.42298     -1.44513      2.87992
  -0.0442642     0.691534  -0.00939093      1.99019    0.0134921      0.45993     -1.60065
  -0.0442642     0.691534  -0.00939093      1.99019      -3.1281     -0.45993      1.54095
  -0.0617165     0.691614    0.0281482      1.99019    -0.040418     0.460312     -1.54088
  -0.0617165     0.691614    0.0281482      1.99019     -3.18201    -0.460312      1.60072
   -0.696587      1.24916      1.56868      1.99019     -1.27616      1.43986     -0.26326
   -0.696587      1.24916      1.56868      1.99019     -4.41775     -1.43986      2.87833
   -0.696573      1.26057      1.57359      1.99019     -1.28492      1.44862    -0.260613
   -0.696573      1.26057      1.57359      1.99019     -4.42651     -1.44862      2.88098
  -0.0335617     0.691644    -0.032412      1.99019    0.0465315     0.460452     -1.63728
  -0.0335617     0.691644    -0.032412      1.99019     -3.09506    -0.460452      1.50431
  -0.0510133     0.691527   0.00512572      1.99019  -0.00736427     0.459897     -1.57752
  -0.0510133     0.691527   0.00512572      1.99019     -3.14896    -0.459897      1.56407
   -0.696604      1.25375       1.5707      1.99019     -1.27967      1.44341    -0.262192
   -0.696604      1.25375       1.5707      1.99019     -4.42126     -1.44341       2.8794
  -0.0403089      0.69156   -0.0178987      1.99019    0.0257106     0.460056     -1.61419
  -0.0403089      0.69156   -0.0178987      1.99019     -3.11588    -0.460056       1.5274
  -0.0582089     0.691572    0.0206032      1.99019   -0.0295926     0.460113     -1.55288
  -0.0582089     0.691572    0.0206032      1.99019     -3.17119    -0.460113      1.58871
   -0.696565      1.24663      1.56754      1.99019     -1.27424      1.43789    -0.263851
   -0.696565      1.24663      1.56754      1.99019     -4.41583     -1.43789      2.87774
   -0.696594      1.25776      1.57242      1.99019     -1.28275      1.44649    -0.261261
   -0.696594      1.25776      1.57242      1.99019     -4.42435     -1.44649      2.88033
  -0.0470576     0.691525   -0.0033825      1.99019   0.00486011     0.459889     -1.59108
  -0.0470576     0.691525   -0.0033825      1.99019     -3.13673    -0.459889      1.55052
  -0.0649557     0.691665    0.0351158      1.99019   -0.0504057     0.460551      -1.5298
  -0.0649557     0.691665    0.0351158      1.99019       -3.192    -0.460551      1.61179
   -0.696598      1.25094      1.56947      1.99019     -1.27752      1.44124    -0.262845
   -0.696598      1.25094      1.56947      1.99019     -4.41911     -1.44124      2.87875
   -0.696553      1.26235      1.57433      1.99019     -1.28629      1.44996    -0.260203
   -0.696553      1.26235      1.57433      1.99019     -4.42788     -1.44996      2.88139
  -0.0363541     0.691603   -0.0264054      1.99019    0.0379187      0.46026     -1.62773
  -0.0363541     0.691603   -0.0264054      1.99019     -3.10367     -0.46026      1.51386
  -0.0542537      0.69154    0.0120957      1.99019   -0.0173769     0.459962     -1.56642
  -0.0542537      0.69154    0.0120957      1.99019     -3.15897    -0.459962      1.57517
   -0.696603      1.25524      1.57134      1.99019     -1.28081      1.44456    -0.261844
   -0.696603      1.25524      1.57134      1.99019     -4.42241     -1.44456      2.87975
  -0.0431021      0.69154   -0.0118907      1.99019    0.0170828     0.459959     -1.60463
  -0.0431021      0.69154   -0.0118907      1.99019     -3.12451    -0.459959      1.53697
  -0.0610017     0.691605    0.0266104      1.99019   -0.0382125     0.460266     -1.54332
  -0.0610017     0.691605    0.0266104      1.99019     -3.17981    -0.460266      1.59827
   -0.696582      1.24842      1.56834      1.99019     -1.27559      1.43928    -0.263434
   -0.696582      1.24842      1.56834      1.99019     -4.41719     -1.43928      2.87816
   -0.696579      1.25983      1.57328      1.99019     -1.28434      1.44806    -0.260784
   -0.696579      1.25983      1.57328      1.99019     -4.42594     -1.44806      2.88081
     -0.0324     0.691663   -0.0349109      1.99019    0.0501124     0.460543     -1.64125
     -0.0324     0.691663   -0.0349109      1.99019     -3.09148    -0.460543      1.50034
  -0.0502982     0.691525   0.00358761      1.99019  -0.00515442      0.45989     -1.57997
  -0.0502982     0.691525   0.00358761      1.99019     -3.14675     -0.45989      1.56162
   -0.696604        1.253      1.57037      1.99019      -1.2791      1.44284    -0.262364
   -0.696604        1.253      1.57037      1.99019     -4.42069     -1.44284      2.87923
  -0.0395939     0.691567   -0.0194367      1.99019    0.0279185     0.460087     -1.61664
  -0.0395939     0.691567   -0.0194367      1.99019     -3.11367    -0.460087      1.52495
  -0.0570469     0.691561    0.0181037      1.99019   -0.0260045      0.46006     -1.55686
  -0.0570469     0.691561    0.0181037      1.99019      -3.1676     -0.46006      1.58473
    -0.69656      1.24618      1.56733      1.99019     -1.27389      1.43753    -0.263958
    -0.69656      1.24618      1.56733      1.99019     -4.41548     -1.43753      2.87763
   -0.696596      1.25731      1.57222      1.99019      -1.2824      1.44614    -0.261366
   -0.696596      1.25731      1.57222      1.99019     -4.42399     -1.44614      2.88023
  -0.0463425     0.691526  -0.00492065      1.99019   0.00707002     0.459896     -1.59353
  -0.0463425     0.691526  -0.00492065      1.99019     -3.13452    -0.459896      1.54807
  -0.0637941     0.691645     0.032617      1.99019    -0.046825     0.460459     -1.53377
  -0.0637941     0.691645     0.032617      1.99019     -3.18842    -0.460459      1.60782
   -0.696595      1.25048      1.56927      1.99019     -1.27717      1.44089    -0.262951
   -0.696595      1.25048      1.56927      1.99019     -4.41876     -1.44089      2.87864
   -0.696559       1.2619      1.57414      1.99019     -1.28594      1.44962    -0.260308
   -0.696559       1.2619      1.57414      1.99019     -4.42753     -1.44962      2.88128
  -0.0356392     0.691613   -0.0279432      1.99019    0.0401244     0.460306     -1.63017
  -0.0356392     0.691613   -0.0279432      1.99019     -3.10147    -0.460306      1.51142
  -0.0530916     0.691534   0.00959609      1.99019   -0.0137864     0.459933      -1.5704
  -0.0530916     0.691534   0.00959609      1.99019     -3.15538    -0.459933      1.57119
   -0.696603      1.25507      1.57127      1.99019     -1.28068      1.44443    -0.261884
   -0.696603      1.25507      1.57127      1.99019     -4.42228     -1.44443      2.87971
   -0.042387     0.691544   -0.0134287      1.99019    0.0192918     0.459981     -1.60708
   -0.042387     0.691544   -0.0134287      1.99019      -3.1223    -0.459981      1.53452
  -0.0602868     0.691596    0.0250727      1.99019   -0.0360066     0.460223     -1.54577
  -0.0602868     0.691596    0.0250727      1.99019      -3.1776    -0.460223      1.59582
   -0.696578      1.24796      1.56814      1.99019     -1.27525      1.43893    -0.263541
   -0.696578      1.24796      1.56814      1.99019     -4.41684     -1.43893      2.87805
   -0.696583      1.25938      1.57309      1.99019     -1.28399      1.44771    -0.260889
   -0.696583      1.25938      1.57309      1.99019     -4.42559     -1.44771       2.8807