 -0.0568642     1.81658     1.57287      1.3967    -1.81335     1.53062     2.91528
 -0.0568627     1.82552     1.56856      1.3967    -1.82147     1.52501     2.91669
   0.432667     1.31736  -0.0101247      1.3967   0.0236349    0.427644     1.97942
 -0.0568825     1.81995     1.57128      1.3967    -1.81641     1.52854     2.91577
   0.429182     1.31737    0.019495      1.3967  -0.0454862    0.427959     2.04626
 -0.0568769     1.82355     1.56954      1.3967    -1.81968     1.52627     2.91635
 -0.0568759      1.8182     1.57211      1.3967    -1.81482     1.52963     2.91551
  -0.056848     1.82692     1.56786      1.3967    -1.82274      1.5241     2.91694
   0.431224     1.31736  0.00213721      1.3967  -0.0049897    0.427533      2.0071
 -0.0568832     1.82157     1.57051      1.3967    -1.81789     1.52752     2.91603
  -0.056861     1.81622     1.57304      1.3967    -1.81302     1.53084     2.91523
 -0.0568677     1.82494     1.56885      1.3967    -1.82095     1.52538     2.91659
   0.433267     1.31736  -0.0152244      1.3967   0.0355317    0.427791     1.96791
 -0.0568817     1.81959     1.57145      1.3967    -1.81609     1.52876     2.91572
   0.429551     1.31736   0.0163573      1.3967  -0.0381728    0.427832     2.03918
 -0.0568796     1.82297     1.56983      1.3967    -1.81915     1.52664     2.91626
 -0.0568723     1.81762     1.57239      1.3967    -1.81429     1.52998     2.91543
 -0.0568521     1.82656     1.56804      1.3967    -1.82241     1.52434     2.91688
   0.431594     1.31736 -0.00100219      1.3967  0.00234011    0.427529     2.00001
 -0.0568835     1.82121     1.57068      1.3967    -1.81756     1.52775     2.91597
 -0.0568551     1.81564      1.5733      1.3967    -1.81249     1.53119     2.91515
 -0.0568704     1.82459     1.56903      1.3967    -1.82062     1.52561     2.91653
   0.433636     1.31736  -0.0183609      1.3967   0.0428437    0.427911     1.96084
 -0.0568805     1.81924     1.57162      1.3967    -1.81576     1.52898     2.91567
   0.429921     1.31736   0.0132194      1.3967  -0.0308549    0.427727     2.03211
 -0.0568809     1.82261        1.57      1.3967    -1.81883     1.52687      2.9162
 -0.0568698     1.81726     1.57255      1.3967    -1.81397      1.5302     2.91537
  -0.056856     1.82621     1.56822      1.3967    -1.82209     1.52457     2.91682
   0.431963     1.31736 -0.00413811      1.3967  0.00966153    0.427548     1.99293
 -0.0568834     1.82063     1.57096      1.3967    -1.81703     1.52811     2.91588
 -0.0568512     1.81528     1.57347      1.3967    -1.81217     1.53141      2.9151
 -0.0568743       1.824     1.56932      1.3967     -1.8201     1.52598     2.91643
 -0.0568782     1.81865      1.5719      1.3967    -1.81524     1.52934     2.91558
   0.430521     1.31736  0.00812045      1.3967  -0.0189572    0.427603      2.0206
 -0.0568819     1.82225     1.57018      1.3967     -1.8185     1.52709     2.91614
  -0.056867      1.8169     1.57272      1.3967    -1.81364     1.53042     2.91532
 -0.0568618     1.82562     1.56851      1.3967    -1.82156     1.52494     2.91671
   0.432563     1.31736  -0.0092409      1.3967   0.0215725    0.427625     1.98141
 -0.0568831     1.82027     1.57113      1.3967    -1.81671     1.52833     2.91582
  -0.056847     1.81492     1.57363      1.3967    -1.81184     1.53163     2.91505
 -0.0568751     1.82387     1.56938      1.3967    -1.81997     1.52606     2.91641
 -0.0568764      1.8183     1.57207      1.3967    -1.81491     1.52956     2.91553
    0.43089     1.31736  0.00498331      1.3967  -0.0116343    0.427556     2.01352
  -0.056883     1.82167     1.57046      1.3967    -1.81798     1.52746     2.91604