   -0.114529      1.51091      1.57026      1.85584     -1.51347      1.55345      0.18712
    -0.11454      1.52189      1.57114      1.85584     -1.52377      1.55738     0.187316
    0.493279     0.929859   -0.0315037      1.85584    0.0723103     0.356991       -1.147
    0.479576     0.929786   0.00923818      1.85584    -0.021242     0.356064     -1.04866
   -0.114554      1.51505      1.57063      1.85584     -1.51734      1.55497     0.187181
   -0.114497      1.52603      1.57139      1.85584     -1.52767      1.55878     0.187419
    0.488113       0.9298   -0.0161441      1.85584    0.0371091     0.356243        -1.11
     0.47441     0.929828    0.0245989      1.85584   -0.0565044     0.356595      -1.0116
   -0.114503      1.50848      1.57001      1.85584     -1.51121      1.55253     0.187091
   -0.114553      1.51947      1.57098      1.85584     -1.52148      1.55654     0.187263
    0.482604     0.929779   0.00023517      1.85584 -0.000540597     0.355977     -1.07042
   -0.114542      1.51263      1.57042      1.85584     -1.51507      1.55408     0.187144
   -0.114525      1.52361      1.57125      1.85584     -1.52538      1.55797     0.187357
    0.490798     0.929826     -0.02413      1.85584    0.0554303     0.356572     -1.12926
    0.477438     0.929798    0.0155961      1.85584   -0.0358501     0.356226     -1.03331
   -0.114557      1.51704       1.5708      1.85584     -1.51921      1.55569     0.187216
    0.485632     0.929785  -0.00876981      1.85584    0.0201658     0.356055     -1.09219
    0.472273     0.929856    0.0309555      1.85584   -0.0710563     0.356956    -0.996297
   -0.114525      1.51047      1.57021      1.85584     -1.51307      1.55328     0.187115
   -0.114544      1.52118       1.5711      1.85584      -1.5231      1.55714       0.1873
    0.493826     0.929867   -0.0331313      1.85584    0.0760304     0.357098     -1.15091
    0.480124     0.929784   0.00761035      1.85584   -0.0174999     0.356036      -1.0526
   -0.114552      1.51461      1.57059      1.85584     -1.51693      1.55481     0.187174
   -0.114503       1.5256      1.57136      1.85584     -1.52726      1.55864     0.187408
     0.48866     0.929804   -0.0177723      1.85584    0.0408471       0.3563     -1.11393
    0.474958     0.929821    0.0229714      1.85584   -0.0527739     0.356516     -1.01552
   -0.114497      1.50805      1.56996      1.85584     -1.51081      1.55236     0.187087
   -0.114555      1.51875      1.57093      1.85584     -1.52081      1.55629     0.187249
    0.483494     0.929779  -0.00241104      1.85584   0.00554504     0.355983     -1.07682
   -0.114539      1.51219      1.57038      1.85584     -1.51466      1.55392     0.187137
   -0.114529      1.52317      1.57122      1.85584     -1.52497      1.55782     0.187346
    0.491688     0.929837   -0.0267736      1.85584    0.0614867     0.356709     -1.13562
    0.477985     0.929795     0.013969      1.85584    -0.032113     0.356176     -1.03724
   -0.114557       1.5166      1.57076      1.85584     -1.51879      1.55553     0.187208
   -0.114479      1.52731      1.57145      1.85584     -1.52888       1.5592     0.187454
     0.48618     0.929788    -0.010397      1.85584    0.0239059     0.356087     -1.09612
     0.47282     0.929848    0.0293277      1.85584   -0.0673327     0.356856     -1.00021
   -0.114518      1.50976      1.57014      1.85584      -1.5124      1.55301     0.187106
   -0.114547      1.52074      1.57107      1.85584     -1.52268      1.55699      0.18729
    0.494715     0.929882    -0.035775      1.85584    0.0820678     0.357284     -1.15726
    0.481013     0.929781   0.00496572      1.85584   -0.0114193     0.356002     -1.05899
   -0.114551      1.51417      1.57056      1.85584     -1.51652      1.55465     0.187167
   -0.114512      1.52488      1.57133      1.85584     -1.52658       1.5584     0.187389
    0.489208     0.929809   -0.0193998      1.85584    0.0445824     0.356362     -1.11785
    0.475847     0.929812    0.0203266      1.85584   -0.0467085     0.356399     -1.02189
   -0.114491      1.50761      1.56992      1.85584      -1.5104       1.5522     0.187082
   -0.114556      1.51832      1.57089      1.85584      -1.5204      1.55614      0.18724
    0.484041      0.92978   -0.0040383      1.85584   0.00928716     0.355994     -1.08075
   -0.114536      1.51175      1.57033      1.85584     -1.51426      1.55376     0.187131
   -0.114535      1.52246      1.57118      1.85584      -1.5243      1.55758     0.187329
    0.492235     0.929844   -0.0284025      1.85584    0.0652159     0.356801     -1.13954
    0.478533     0.929791    0.0123413      1.85584   -0.0283735     0.356133     -1.04117
   -0.114556      1.51589       1.5707      1.85584     -1.51813      1.55527     0.187195
   -0.114486      1.52687      1.57143      1.85584     -1.52846      1.55906     0.187442
    0.487069     0.929793   -0.0130416      1.85584    0.0299829     0.356151     -1.10251
    0.473367     0.929841    0.0277004      1.85584   -0.0636083     0.356761     -1.00413
   -0.114513      1.50932       1.5701      1.85584     -1.51199      1.55285     0.187101
   -0.114549       1.5203      1.57104      1.85584     -1.52227      1.55683     0.187281
    0.481561      0.92978   0.00333792      1.85584  -0.00767607     0.355988     -1.06292
   -0.114547      1.51346      1.57049      1.85584     -1.51586      1.55439     0.187156
   -0.114517      1.52444       1.5713      1.85584     -1.52617      1.55825     0.187378
    0.490097     0.929818   -0.0220447      1.85584    0.0506495     0.356474     -1.12423
    0.476395     0.929807    0.0187001      1.85584   -0.0429761     0.356334     -1.02582
   -0.114481      1.50689      1.56984      1.85584     -1.50973      1.55192     0.187075
   -0.114556      1.51788      1.57086      1.85584     -1.51999      1.55598     0.187232
    0.484589     0.929781  -0.00566608      1.85584    0.0130302      0.35601     -1.08469
    0.470887     0.929878    0.0350737      1.85584   -0.0804663     0.357233    -0.986404
   -0.114532      1.51131      1.57029      1.85584     -1.51385       1.5536     0.187125
   -0.114539      1.52202      1.57115      1.85584     -1.52388      1.55743     0.187319
    0.492783     0.929852   -0.0300288      1.85584    0.0689371     0.356898     -1.14346
    0.479423     0.929786   0.00969517      1.85584   -0.0222924     0.356073     -1.04756
   -0.114555      1.51545      1.57066      1.85584     -1.51772      1.55511     0.187188
   -0.114496      1.52616      1.57139      1.85584     -1.52779      1.55882     0.187423
    0.487617     0.929796   -0.0146693      1.85584     0.033722     0.356197     -1.10644
    0.474257     0.929829    0.0250568      1.85584   -0.0575537     0.356618     -1.01049
   -0.114508      1.50888      1.57005      1.85584     -1.51158      1.55268     0.187096
   -0.114552      1.51959      1.57099      1.85584      -1.5216      1.55659     0.187266
    0.482451     0.929779  0.000691652      1.85584   -0.0015904     0.355977     -1.06932
   -0.114545      1.51302      1.57045      1.85584     -1.51545      1.55423     0.187149
   -0.114521      1.52401      1.57128      1.85584     -1.52576       1.5581     0.187367
    0.490645     0.929824   -0.0236716      1.85584    0.0543796     0.356549     -1.12815
    0.476942     0.929802    0.0170709      1.85584   -0.0392366     0.356275     -1.02975
   -0.114557      1.51716       1.5708      1.85584     -1.51932      1.55573     0.187218
    0.485479     0.929784  -0.00831077      1.85584    0.0191106     0.356047     -1.09108
    0.471776     0.929864    0.0324295      1.85584    -0.074426     0.357051    -0.992755
   -0.114529      1.51087      1.57025      1.85584     -1.51344      1.55343      0.18712
    -0.11454      1.52185      1.57114      1.85584     -1.52373      1.55737     0.187315