    -1.18964       1.6171      1.57056      1.53555     -1.61706      1.56893     -1.15705
    -1.18964       1.6171      1.57056      1.53555     -4.75865     -1.56893      1.98455
   -0.670902       1.0929   -0.0118423      1.53555    0.0214169     0.513262     -2.19801
   -0.670902       1.0929   -0.0118423      1.53555     -3.12018    -0.513262     0.943584
    -1.18964      1.61133        1.571      1.53555     -1.61131      1.56957     -1.15707
    -1.18964      1.61133        1.571      1.53555     -4.75291     -1.56957      1.98452
   -0.675267       1.0929   0.00738901      1.53555   -0.0133641     0.513189     -2.16323
   -0.675267       1.0929   0.00738901      1.53555     -3.15496    -0.513189     0.978365
    -1.18965      1.61497      1.57074      1.53555     -1.61494      1.56918     -1.15706
    -1.18965      1.61497      1.57074      1.53555     -4.75653     -1.56918      1.98453
    -1.18963      1.61884       1.5704      1.53555      -1.6188      1.56871     -1.15702
    -1.18963      1.61884       1.5704      1.53555     -4.76039     -1.56871      1.98457
   -0.672868       1.0929  -0.00318331      1.53555   0.00575801     0.513151     -2.18235
   -0.672868       1.0929  -0.00318331      1.53555     -3.13583    -0.513151     0.959243
    -1.18965      1.61284       1.5709      1.53555     -1.61281      1.56942     -1.15707
    -1.18965      1.61284       1.5709      1.53555     -4.75441     -1.56942      1.98452
   -0.676961      1.09291    0.0148522      1.53555   -0.0268576     0.513331     -2.14973
   -0.676961      1.09291    0.0148522      1.53555     -3.16845    -0.513331     0.991858
    -1.18965      1.61671      1.57059      1.53555     -1.61668      1.56898     -1.15705
    -1.18965      1.61671      1.57059      1.53555     -4.75827     -1.56898      1.98454
   -0.670469      1.09291   -0.0137522      1.53555    0.0248696     0.513304     -2.20146
   -0.670469      1.09291   -0.0137522      1.53555     -3.11672    -0.513304     0.940131
    -1.18964      1.61071      1.57104      1.53555     -1.61069      1.56964     -1.15707
    -1.18964      1.61071      1.57104      1.53555     -4.75228     -1.56964      1.98452
   -0.674562       1.0929   0.00428152      1.53555  -0.00774402     0.513158     -2.16885
   -0.674562       1.0929   0.00428152      1.53555     -3.14934    -0.513158     0.972745
    -1.18965      1.61458      1.57077      1.53555     -1.61455      1.56922     -1.15707
    -1.18965      1.61458      1.57077      1.53555     -4.75615     -1.56922      1.98453
    -1.18964      1.61822      1.57046      1.53555     -1.61818      1.56879     -1.15703
    -1.18964      1.61822      1.57046      1.53555     -4.75977     -1.56879      1.98456
   -0.672434       1.0929  -0.00509238      1.53555   0.00921092     0.513165      -2.1858
   -0.672434       1.0929  -0.00509238      1.53555     -3.13238    -0.513165      0.95579
    -1.18965      1.61245      1.57092      1.53555     -1.61243      1.56946     -1.15707
    -1.18965      1.61245      1.57092      1.53555     -4.75402     -1.56946      1.98452
   -0.676527      1.09291    0.0129401      1.53555   -0.0234013     0.513286     -2.15319
   -0.676527      1.09291    0.0129401      1.53555     -3.16499    -0.513286     0.988402
    -1.18965      1.61609      1.57065      1.53555     -1.61605      1.56905     -1.15706
    -1.18965      1.61609      1.57065      1.53555     -4.75765     -1.56905      1.98454
   -0.670035      1.09291   -0.0156631      1.53555    0.0283235     0.513353     -2.20492
   -0.670035      1.09291   -0.0156631      1.53555     -3.11327    -0.513353     0.936677
    -1.18964      1.61032      1.57107      1.53555     -1.61031      1.56967     -1.15707
    -1.18964      1.61032      1.57107      1.53555      -4.7519     -1.56967      1.98452
   -0.674128       1.0929    0.0023694      1.53555  -0.00428555     0.513147     -2.17231
   -0.674128       1.0929    0.0023694      1.53555     -3.14588    -0.513147     0.969286
    -1.18965      1.61396      1.57082      1.53555     -1.61393       1.5693     -1.15707
    -1.18965      1.61396      1.57082      1.53555     -4.75552      -1.5693      1.98452
    -1.18964      1.61783       1.5705      1.53555     -1.61779      1.56884     -1.15704
    -1.18964      1.61783       1.5705      1.53555     -4.75938     -1.56884      1.98456
   -0.671729       1.0929  -0.00819886      1.53555     0.014829       0.5132     -2.19142
   -0.671729       1.0929  -0.00819886      1.53555     -3.12676      -0.5132     0.950172
    -1.18965      1.61207      1.57095      1.53555     -1.61205       1.5695     -1.15707
    -1.18965      1.61207      1.57095      1.53555     -4.75364      -1.5695      1.98452
   -0.676093       1.0929    0.0110303      1.53555   -0.0199486     0.513247     -2.15664
   -0.676093       1.0929    0.0110303      1.53555     -3.16154    -0.513247      0.98495
    -1.18965       1.6157      1.57068      1.53555     -1.61567       1.5691     -1.15706
    -1.18965       1.6157      1.57068      1.53555     -4.75726      -1.5691      1.98453
    -1.18964      1.60994      1.57109      1.53555     -1.60992      1.56971     -1.15707
    -1.18964      1.60994      1.57109      1.53555     -4.75152     -1.56971      1.98452
   -0.673694       1.0929  0.000460267      1.53555 -0.000832357     0.513142     -2.17576
   -0.673694       1.0929  0.000460267      1.53555     -3.14243    -0.513142     0.965833
    -1.18965      1.61357      1.57084      1.53555     -1.61355      1.56934     -1.15707
    -1.18965      1.61357      1.57084      1.53555     -4.75514     -1.56934      1.98452
    -1.18964      1.61745      1.57053      1.53555     -1.61741      1.56889     -1.15704
    -1.18964      1.61745      1.57053      1.53555       -4.759     -1.56889      1.98455
   -0.671296       1.0929   -0.0101101      1.53555    0.0182851      0.51323     -2.19488
   -0.671296       1.0929   -0.0101101      1.53555     -3.12331     -0.51323     0.946716
    -1.18965      1.61144      1.57099      1.53555     -1.61142      1.56956     -1.15707
    -1.18965      1.61144      1.57099      1.53555     -4.75302     -1.56956      1.98452
   -0.675389       1.0929   0.00792491      1.53555   -0.0143333     0.513196     -2.16226
   -0.675389       1.0929   0.00792491      1.53555     -3.15593    -0.513196     0.979334
    -1.18965      1.61532      1.57071      1.53555     -1.61529      1.56914     -1.15706
    -1.18965      1.61532      1.57071      1.53555     -4.75688     -1.56914      1.98453
    -1.18963      1.61871      1.57042      1.53555     -1.61867      1.56873     -1.15702
    -1.18963      1.61871      1.57042      1.53555     -4.76026     -1.56873      1.98457
   -0.673261       1.0929   -0.0014509      1.53555   0.00262452     0.513144     -2.17922
   -0.673261       1.0929   -0.0014509      1.53555     -3.13897    -0.513144     0.962376
    -1.18965      1.61295      1.57089      1.53555     -1.61292       1.5694     -1.15707
    -1.18965      1.61295      1.57089      1.53555     -4.75452      -1.5694      1.98452