  -0.258015     1.01904 -0.00276151     2.05982   0.0374992    0.062772    -1.84711
  -0.249868      1.0191  -0.0288541     2.05982    0.372962   0.0674805     -2.1874
  -0.263152     1.01905   0.0136917     2.05982   -0.183828   0.0638292    -1.62273
  -0.255005     1.01905   -0.012405     2.05982    0.166903   0.0636327     -1.9783
  -0.268629     1.01911   0.0312305     2.05982   -0.400484   0.0682636    -1.40283
  -0.260142     1.01904  0.00404888     2.05982  -0.0549465   0.0628243     -1.7534
  -0.251994     1.01908  -0.0220465     2.05982    0.290713   0.0655443    -2.10389
  -0.265619     1.01907   0.0215901     2.05982   -0.285027   0.0654313    -1.52007
  -0.257471     1.01904 -0.00450429     2.05982   0.0611148    0.062847    -1.87105
  -0.248984     1.01911  -0.0316864     2.05982    0.405692   0.0684198    -2.22066
  -0.262608     1.01905   0.0119483     2.05982   -0.160867    0.063567    -1.64602
   -0.25446     1.01906   -0.014148     2.05982    0.189808    0.063903    -2.00153
  -0.267745      1.0191   0.0283979     2.05982   -0.367602   0.0673371    -1.43623
  -0.259597     1.01904  0.00230509     2.05982  -0.0313034   0.0627587    -1.77737
   -0.25145     1.01908  -0.0237896     2.05982    0.312229   0.0659959    -2.12573
  -0.265074     1.01907   0.0198472     2.05982   -0.263148   0.0650198    -1.54227
  -0.256587     1.01905 -0.00733763     2.05982   0.0993454   0.0630451     -1.9098
  -0.262064     1.01905   0.0102047     2.05982   -0.137723   0.0633414    -1.66948
  -0.253576     1.01906  -0.0169801     2.05982    0.226576   0.0644134    -2.03882
    -0.2672     1.01909   0.0266555     2.05982   -0.346932   0.0668053    -1.45723
  -0.259053     1.01904 0.000561655     2.05982  -0.0076287   0.0627292    -1.80136
  -0.250906     1.01909  -0.0255323     2.05982    0.333435   0.0664786    -2.14726
   -0.26419     1.01906   0.0170146     2.05982   -0.227017   0.0644199    -1.57893
  -0.256042     1.01905 -0.00908133     2.05982    0.122732   0.0632132    -1.93351
   -0.26152     1.01905  0.00846162     2.05982   -0.114432     0.06315     -1.6931
  -0.253032     1.01907  -0.0187239     2.05982    0.248904   0.0647717    -2.06147
  -0.266656     1.01908   0.0249125     2.05982   -0.325927   0.0663034    -1.47855
  -0.258168     1.01904 -0.00227135     2.05982   0.0308483   0.0627578    -1.84037
  -0.250362     1.01909  -0.0272749     2.05982     0.35432   0.0669908    -2.16847
  -0.263305     1.01906   0.0141812     2.05982    -0.19024   0.0639077    -1.61623
  -0.255158     1.01905  -0.0119142     2.05982    0.160419   0.0635623    -1.97172
  -0.268782     1.01911   0.0317201     2.05982   -0.406075   0.0684311    -1.39715
  -0.260635     1.01904  0.00562894     2.05982  -0.0763157   0.0629144    -1.73174
  -0.252147     1.01907  -0.0215565     2.05982    0.284611   0.0654231     -2.0977
  -0.265772     1.01908   0.0220798     2.05982   -0.291124   0.0655525    -1.51388
  -0.257964     1.01904 -0.00292525     2.05982   0.0397202   0.0627777    -1.84936