   -0.872032      1.02643  8.70824e-05      1.98146 -0.000558198     0.133699     -2.32741
   -0.872032      1.02643  8.70824e-05      1.98146     -3.14215    -0.133699     0.814185
   -0.877384      1.02646    0.0177727      1.98146    -0.113533     0.134604     -2.21164
   -0.877384      1.02646    0.0177727      1.98146     -3.25513    -0.134604     0.929953
    -0.86909      1.02644  -0.00963438      1.98146    0.0617454     0.133965     -2.39125
    -0.86909      1.02644  -0.00963438      1.98146     -3.07985    -0.133965     0.750346
   -0.874442      1.02644   0.00805157      1.98146   -0.0516214     0.133885     -2.27509
   -0.874442      1.02644   0.00805157      1.98146     -3.19321    -0.133885     0.866506
    -0.86648      1.02646   -0.0182555      1.98146     0.116589     0.134654     -2.44745
    -0.86648      1.02646   -0.0182555      1.98146       -3.025    -0.134654     0.694141
     -0.8715      1.02643  -0.00167102      1.98146     0.010724     0.133707     -2.33897
     -0.8715      1.02643  -0.00167102      1.98146     -3.13087    -0.133707     0.802625
    -0.87652      1.02645    0.0149152      1.98146   -0.0954078     0.134337     -2.23022
    -0.87652      1.02645    0.0149152      1.98146       -3.237    -0.134337     0.911376
   -0.868558      1.02644   -0.0113925      1.98146    0.0729735     0.134071     -2.40275
   -0.868558      1.02644   -0.0113925      1.98146     -3.06862    -0.134071      0.73884
    -0.87391      1.02644   0.00629336      1.98146   -0.0403636     0.133813     -2.28662
    -0.87391      1.02644   0.00629336      1.98146     -3.18196    -0.133813      0.85497
   -0.870968      1.02644  -0.00342649      1.98146    0.0219864     0.133733     -2.35051
   -0.870968      1.02644  -0.00342649      1.98146     -3.11961    -0.133733     0.791086
   -0.875988      1.02645     0.013159      1.98146   -0.0842344     0.134196     -2.24167
   -0.875988      1.02645     0.013159      1.98146     -3.22583    -0.134196     0.899926
   -0.868026      1.02645   -0.0131488      1.98146    0.0841704     0.134195     -2.41423
   -0.868026      1.02645   -0.0131488      1.98146     -3.05742    -0.134195     0.727366
   -0.873046      1.02644   0.00343728      1.98146   -0.0220543     0.133733     -2.30538
   -0.873046      1.02644   0.00343728      1.98146     -3.16365    -0.133733      0.83621
   -0.870104      1.02644  -0.00628328      1.98146    0.0403003     0.133812     -2.36927
   -0.870104      1.02644  -0.00628328      1.98146     -3.10129    -0.133812      0.77232
   -0.875456      1.02644    0.0114018      1.98146   -0.0730314     0.134072     -2.25315
   -0.875456      1.02644    0.0114018      1.98146     -3.21462    -0.134072     0.888446
   -0.867494      1.02645   -0.0149057      1.98146    0.0953485     0.134336     -2.42568
   -0.867494      1.02645   -0.0149057      1.98146     -3.04624    -0.134336      0.71591
   -0.872514      1.02643   0.00168014      1.98146   -0.0107812     0.133707     -2.31693
   -0.872514      1.02643   0.00168014      1.98146     -3.15237    -0.133707      0.82466
   -0.877534      1.02646    0.0182663      1.98146    -0.116655     0.134654     -2.20844
   -0.877534      1.02646    0.0182663      1.98146     -3.25825    -0.134654     0.933154
   -0.869572      1.02644  -0.00804132      1.98146    0.0515571     0.133885     -2.38081
   -0.869572      1.02644  -0.00804132      1.98146     -3.09004    -0.133885     0.760786
   -0.874592      1.02644   0.00854409      1.98146   -0.0547725     0.133909     -2.27186
   -0.874592      1.02644   0.00854409      1.98146     -3.19637    -0.133909     0.869735
    -0.86663      1.02646   -0.0177631      1.98146     0.113473     0.134602     -2.44426
    -0.86663      1.02646   -0.0177631      1.98146     -3.02812    -0.134602     0.697334
   -0.871649      1.02643  -0.00117576      1.98146   0.00754595     0.133703     -2.33571
   -0.871649      1.02643  -0.00117576      1.98146     -3.13405    -0.133703     0.805882