    -1.16242      1.79628      1.56977      1.56067     -1.79626      1.56753    -0.954128
    -1.16242      1.79628      1.56977      1.56067     -4.93785     -1.56753      2.18746
    -1.16242      1.79044        1.572      1.56067     -1.79045      1.56977     -0.95463
    -1.16242      1.79044        1.572      1.56067     -4.93204     -1.56977      2.18696
   -0.627241      1.24082  -0.00988966      1.56067    0.0280397     0.340242     -2.00974
   -0.627241      1.24082  -0.00988966      1.56067     -3.11355    -0.340242      1.13185
    -1.16243      1.79412      1.57061      1.56067     -1.79411      1.56837    -0.954326
    -1.16243      1.79412      1.57061      1.56067      -4.9357     -1.56837      2.18727
    -1.16243      1.79197      1.57143      1.56067     -1.79196      1.56919     -0.95451
    -1.16243      1.79197      1.57143      1.56067     -4.93356     -1.56919      2.18708
   -0.628851      1.24081 -0.000121236      1.56067  0.000344078     0.340105     -1.98208
   -0.628851      1.24081 -0.000121236      1.56067     -3.14125    -0.340105      1.15951
    -1.16243      1.79589      1.56992      1.56067     -1.79587      1.56768    -0.954165
    -1.16243      1.79589      1.56992      1.56067     -4.93746     -1.56768      2.18743
    -1.16242      1.79005      1.57215      1.56067     -1.79006      1.56991     -0.95466
    -1.16242      1.79005      1.57215      1.56067     -4.93165     -1.56991      2.18693
    -1.16243      1.79373      1.57076      1.56067     -1.79372      1.56852    -0.954361
    -1.16243      1.79373      1.57076      1.56067     -4.93531     -1.56852      2.18723
   -0.630718      1.24082    0.0112058      1.56067   -0.0317683      0.34028        -1.95
   -0.630718      1.24082    0.0112058      1.56067     -3.17336     -0.34028      1.19159
    -1.16242      1.79741      1.56932      1.56067     -1.79739      1.56708    -0.954017
    -1.16242      1.79741      1.56932      1.56067     -4.93898     -1.56708      2.18758
    -1.16243      1.79158      1.57158      1.56067     -1.79157      1.56934    -0.954541
    -1.16243      1.79158      1.57158      1.56067     -4.93317     -1.56934      2.18705
   -0.628439      1.24081  -0.00262403      1.56067   0.00744185     0.340115     -1.98917
   -0.628439      1.24081  -0.00262403      1.56067     -3.13415    -0.340115      1.15242
    -1.16243      1.79526      1.57017      1.56067     -1.79524      1.56793    -0.954224
    -1.16243      1.79526      1.57017      1.56067     -4.93683     -1.56793      2.18737
    -1.16243       1.7931        1.571      1.56067     -1.79309      1.56876    -0.954415
    -1.16243       1.7931        1.571      1.56067     -4.93468     -1.56876      2.18718
   -0.630306      1.24082   0.00870776      1.56067   -0.0246897     0.340211     -1.95707
   -0.630306      1.24082   0.00870776      1.56067     -3.16628    -0.340211      1.18452
    -1.16242      1.79702      1.56947      1.56067       -1.797      1.56724    -0.954056
    -1.16242      1.79702      1.56947      1.56067     -4.93859     -1.56724      2.18754
    -1.16242      1.79119      1.57172      1.56067     -1.79119      1.56949    -0.954572
    -1.16242      1.79119      1.57172      1.56067     -4.93278     -1.56949      2.18702
   -0.628027      1.24081  -0.00512564      1.56067    0.0145355     0.340142     -1.99625
   -0.628027      1.24081  -0.00512564      1.56067     -3.12706    -0.340142      1.14534
    -1.16243      1.79487      1.57032      1.56067     -1.79485      1.56808     -0.95426
    -1.16243      1.79487      1.57032      1.56067     -4.93644     -1.56808      2.18733
    -1.16243      1.79271      1.57115      1.56067      -1.7927      1.56891    -0.954449
    -1.16243      1.79271      1.57115      1.56067      -4.9343     -1.56891      2.18714
   -0.629637      1.24081   0.00464249      1.56067    -0.013165     0.340135     -1.96858
   -0.629637      1.24081   0.00464249      1.56067     -3.15476    -0.340135      1.17301
    -1.16242      1.79663      1.56963      1.56067     -1.79661      1.56739    -0.954093
    -1.16242      1.79663      1.56963      1.56067      -4.9382     -1.56739       2.1875
    -1.16242       1.7908      1.57187      1.56067      -1.7908      1.56963    -0.954603
    -1.16242       1.7908      1.57187      1.56067     -4.93239     -1.56963      2.18699
   -0.627357      1.24082  -0.00918674      1.56067    0.0260477     0.340223     -2.00775
   -0.627357      1.24082  -0.00918674      1.56067     -3.11555    -0.340223      1.13384
    -1.16243      1.79448      1.57047      1.56067     -1.79446      1.56823    -0.954295
    -1.16243      1.79448      1.57047      1.56067     -4.93606     -1.56823       2.1873
    -1.16243      1.79232       1.5713      1.56067     -1.79231      1.56906    -0.954481
    -1.16243      1.79232       1.5713      1.56067     -4.93391     -1.56906      2.18711
   -0.628967      1.24081  0.000578403      1.56067  -0.00164009     0.340106      -1.9801
   -0.628967      1.24081  0.000578403      1.56067     -3.14323    -0.340106       1.1615