   -0.190913      1.52733      1.57034      1.50725     -1.52739       1.5731    -0.226632
   -0.190932      1.53683      1.57102      1.50725     -1.53691      1.57317    -0.226648
    0.319491      1.03032  -0.00990504      1.50725    0.0149528     0.604097     -1.24092
    -0.19094      1.53115      1.57065      1.50725     -1.53122      1.57316    -0.226656
   -0.190898      1.54041      1.57119      1.50725      -1.5405      1.57312    -0.226616
    0.315036      1.03032    0.0078972      1.50725   -0.0119218     0.604072      -1.2141
   -0.190886      1.52523      1.57014      1.50725     -1.52528      1.57304     -0.22661
   -0.190942      1.53473      1.57089      1.50725     -1.53481      1.57318    -0.226657
     0.32194      1.03033   -0.0196905      1.50725    0.0297183     0.604299     -1.25566
    0.310857      1.03035    0.0245911      1.50725   -0.0371083      0.60445     -1.18896
   -0.190928      1.52905      1.57048      1.50725     -1.52911      1.57313    -0.226646
   -0.190921      1.53831      1.57109      1.50725      -1.5384      1.57315    -0.226637
    0.317485      1.03031  -0.00188899      1.50725   0.00285197     0.604031     -1.22885
   -0.190944      1.53263      1.57076      1.50725     -1.53271      1.57318    -0.226659
    0.324112      1.03036   -0.0283661      1.50725    0.0427984     0.604589     -1.26872
    0.313306      1.03033    0.0148071      1.50725   -0.0223505     0.604181     -1.20369
   -0.190909      1.52695       1.5703      1.50725     -1.52701      1.57309    -0.226629
   -0.190935      1.53645        1.571      1.50725     -1.53653      1.57318     -0.22665
    0.319934      1.03032   -0.0116744      1.50725    0.0176233     0.604123     -1.24359
   -0.190937      1.53053       1.5706      1.50725      -1.5306      1.57316    -0.226653
   -0.190902      1.54004      1.57117      1.50725     -1.54012      1.57312     -0.22662
    0.315755      1.03031   0.00502148      1.50725  -0.00758071     0.604046     -1.21843
   -0.190881      1.52485       1.5701      1.50725      -1.5249      1.57302    -0.226605
   -0.190943      1.53435      1.57087      1.50725     -1.53443      1.57318    -0.226658
    0.322383      1.03034   -0.0214583      1.50725    0.0323846     0.604349     -1.25832
      0.3113      1.03034    0.0228224      1.50725   -0.0344413     0.604392     -1.19162
   -0.190925      1.52867      1.57045      1.50725     -1.52873      1.57313    -0.226643
   -0.190924      1.53794      1.57108      1.50725     -1.53802      1.57316     -0.22664
    0.318204      1.03031  -0.00476307      1.50725   0.00719088     0.604044     -1.23318
   -0.190943      1.53225      1.57073      1.50725     -1.53233      1.57318    -0.226658
   -0.190882      1.54152      1.57123      1.50725      -1.5416      1.57309    -0.226602
    0.313749      1.03032     0.013038      1.50725    -0.019681     0.604147     -1.20636
   -0.190901      1.52633      1.57024      1.50725     -1.52639      1.57307    -0.226623
   -0.190938      1.53584      1.57096      1.50725     -1.53592      1.57318    -0.226653
    0.320377      1.03032   -0.0134426      1.50725    0.0202919     0.604154     -1.24625
    0.309571      1.03036    0.0297303      1.50725   -0.0448537     0.604645     -1.18123
   -0.190935      1.53015      1.57057      1.50725     -1.53022      1.57315    -0.226652
    -0.19091      1.53942      1.57115      1.50725      -1.5395      1.57314    -0.226627
    0.316198      1.03031   0.00325209      1.50725  -0.00490954     0.604035      -1.2211
   -0.190944      1.53374      1.57083      1.50725     -1.53381      1.57318    -0.226658
    0.322826      1.03034   -0.0232274      1.50725    0.0350523     0.604405     -1.26098
    0.312019      1.03034    0.0199476      1.50725   -0.0301058     0.604306     -1.19595
    -0.19092      1.52805       1.5704      1.50725     -1.52811      1.57311    -0.226638
   -0.190927      1.53756      1.57106      1.50725     -1.53764      1.57316    -0.226643
    0.318647      1.03032  -0.00653288      1.50725   0.00986259     0.604058     -1.23584
   -0.190942      1.53164      1.57068      1.50725     -1.53171      1.57317    -0.226657
   -0.190888      1.54114      1.57122      1.50725     -1.54122       1.5731    -0.226607
    0.314192      1.03032    0.0112686      1.50725   -0.0170106     0.604117     -1.20902
   -0.190896      1.52595      1.57021      1.50725     -1.52601      1.57306    -0.226618
   -0.190939      1.53546      1.57094      1.50725     -1.53554      1.57318    -0.226654
    0.321096      1.03033   -0.0163181      1.50725    0.0246307     0.604214     -1.25058
    0.310013      1.03036    0.0279621      1.50725   -0.0421894     0.604574     -1.18389
   -0.190932      1.52954      1.57052      1.50725      -1.5296      1.57314    -0.226649
   -0.190914      1.53904      1.57113      1.50725     -1.53912      1.57314    -0.226631
    0.316918      1.03031  0.000377387      1.50725 -0.000569605     0.604028     -1.22543
   -0.190944      1.53336      1.57081      1.50725     -1.53343      1.57318    -0.226659
    0.323545      1.03035   -0.0261015      1.50725    0.0393853     0.604503     -1.26531
    0.312462      1.03033    0.0181793      1.50725   -0.0274384     0.604259     -1.19861
   -0.190916      1.52767      1.57037      1.50725     -1.52773       1.5731    -0.226635
   -0.190932      1.53694      1.57102      1.50725     -1.53702      1.57317    -0.226647
     0.31909      1.03032  -0.00830227      1.50725    0.0125335     0.604076     -1.23851
    -0.19094      1.53126      1.57066      1.50725     -1.53133      1.57317    -0.226656
   -0.190893      1.54076       1.5712      1.50725     -1.54085      1.57311    -0.226612
    0.314911      1.03032   0.00839406      1.50725   -0.0126718     0.604077     -1.21335
   -0.190891      1.52557      1.57017      1.50725     -1.52562      1.57305    -0.226614
   -0.190941      1.53508      1.57091      1.50725     -1.53516      1.57318    -0.226656
    0.321539      1.03033   -0.0180873      1.50725    0.0272999     0.604256     -1.25325
    0.310456      1.03035    0.0261941      1.50725   -0.0395247     0.604507     -1.18655
   -0.190931      1.52939      1.57051      1.50725     -1.52946      1.57314    -0.226648
   -0.190917      1.53866      1.57111      1.50725     -1.53874      1.57315    -0.226634
    0.317084      1.03031 -0.000285923      1.50725  0.000431803     0.604028     -1.22643
   -0.190944      1.53298      1.57078      1.50725     -1.53305      1.57318    -0.226659
    0.323988      1.03036   -0.0278693      1.50725    0.0420498      0.60457     -1.26797
    0.312905      1.03033    0.0164097      1.50725   -0.0247686     0.604216     -1.20128
    -0.19091      1.52706      1.57031      1.50725     -1.52711      1.57309     -0.22663
   -0.190934      1.53656        1.571      1.50725     -1.53664      1.57317    -0.226649
    0.319809      1.03032   -0.0111763      1.50725    0.0168715     0.604115     -1.24284