    -1.1234     1.62925     1.57082     1.63634    -1.62912     1.57464   -0.995051
  -0.578193     1.07785 -0.00523573     1.63634    0.011127    0.427433    -2.09867
   -1.12337     1.62321     1.57134     1.63634    -1.62306     1.57477   -0.995024
   -1.12339     1.63306     1.57042     1.63634    -1.63295      1.5745   -0.995031
  -0.582804     1.07786   0.0135913     1.63634  -0.0288762    0.427592    -2.05797
    -1.1234     1.62702     1.57102     1.63634    -1.62688      1.5747   -0.995049
   -1.12335     1.63712     1.56995     1.63634    -1.63703      1.5743   -0.994977
  -0.575659     1.07786  -0.0155845     1.63634   0.0331083     0.42765    -2.12104
    -1.1234     1.63083     1.57066     1.63634    -1.63071     1.57459   -0.995046
  -0.580269     1.07785  0.00324285     1.63634 -0.00689156    0.427416    -2.08034
   -1.12338     1.62479     1.57121     1.63634    -1.62464     1.57475   -0.995037
   -1.12338     1.63489     1.57022     1.63634    -1.63479     1.57442   -0.995011
  -0.573124     1.07788    -0.02593     1.63634   0.0550489    0.428083    -2.14336
  -0.584593     1.07787   0.0208982     1.63634  -0.0443827    0.427846    -2.04219
    -1.1234     1.62885     1.57086     1.63634    -1.62872     1.57466   -0.995051
  -0.577735     1.07785 -0.00710714     1.63634   0.0151034    0.427456    -2.10272
   -1.12336     1.62255     1.57139     1.63634     -1.6224     1.57477   -0.995016
   -1.12339     1.63266     1.57047     1.63634    -1.63255     1.57452   -0.995034
  -0.582059     1.07785   0.0105501     1.63634  -0.0224175    0.427518    -2.06454
   -1.12339     1.62661     1.57106     1.63634    -1.62648     1.57471   -0.995048
   -1.12336     1.63647     1.57003     1.63634    -1.63637     1.57434   -0.994988
    -0.5752     1.07786  -0.0174546     1.63634   0.0370775    0.427713    -2.12508
    -1.1234     1.63042      1.5707     1.63634     -1.6303      1.5746   -0.995048
  -0.579525     1.07785 0.000202179     1.63634 -0.00042948    0.427405    -2.08692
   -1.12338     1.62438     1.57125     1.63634    -1.62424     1.57475   -0.995035
   -1.12338     1.63423      1.5703     1.63634    -1.63413     1.57445   -0.995019
  -0.584135     1.07787   0.0190271     1.63634  -0.0404137     0.42777    -2.04623
    -1.1234     1.62819     1.57092     1.63634    -1.62806     1.57467   -0.995051
  -0.577277     1.07785 -0.00897747     1.63634   0.0190771    0.427487    -2.10676
   -1.12336     1.62215     1.57142     1.63634      -1.622     1.57478   -0.995012
   -1.12339     1.63225     1.57051     1.63634    -1.63214     1.57454   -0.995038
  -0.581601     1.07785  0.00867879     1.63634  -0.0184422    0.427481    -2.06859
   -1.12339     1.62596     1.57112     1.63634    -1.62582     1.57473   -0.995045
   -1.12337     1.63606     1.57008     1.63634    -1.63597     1.57436   -0.994995
  -0.574742     1.07787  -0.0193241     1.63634   0.0410443    0.427782    -2.12911
  -0.585925     1.07788   0.0263335     1.63634   -0.055903    0.428105    -2.03047
    -1.1234     1.63002     1.57074     1.63634     -1.6299     1.57462   -0.995049
  -0.579066     1.07785 -0.00166881     1.63634  0.00354683    0.427408    -2.09096
   -1.12338     1.62398     1.57128     1.63634    -1.62383     1.57476   -0.995031
   -1.12339     1.63383     1.57034     1.63634    -1.63372     1.57447   -0.995023
  -0.583677     1.07786   0.0171582     1.63634   -0.036448    0.427702    -2.05027
    -1.1234     1.62779     1.57095     1.63634    -1.62766     1.57468   -0.995051
  -0.576532     1.07785  -0.0120179     1.63634   0.0255354    0.427551    -2.11333
   -1.12335     1.62175     1.57145     1.63634    -1.62159     1.57478   -0.995006
    -1.1234     1.63185     1.57055     1.63634    -1.63173     1.57455    -0.99504
  -0.581143     1.07785  0.00680852     1.63634  -0.0144686    0.427452    -2.07263
   -1.12339     1.62555     1.57115     1.63634    -1.62541     1.57473   -0.995043
   -1.12337     1.63566     1.57013     1.63634    -1.63556     1.57438   -0.995001
  -0.573998     1.07787  -0.0223649     1.63634   0.0474933     0.42791    -2.13568
  -0.585467     1.07788   0.0244645     1.63634  -0.0519433    0.428009     -2.0345
    -1.1234     1.62936     1.57081     1.63634    -1.62924     1.57464   -0.995051
  -0.578608     1.07785 -0.00354034     1.63634  0.00752416    0.427418    -2.09501
   -1.12337     1.62332     1.57133     1.63634    -1.62317     1.57477   -0.995025
   -1.12339     1.63317     1.57041     1.63634    -1.63306      1.5745    -0.99503
  -0.582932     1.07786   0.0141172     1.63634  -0.0299928    0.427606    -2.05684
    -1.1234     1.62713     1.57101     1.63634      -1.627      1.5747   -0.995049
   -1.12335     1.63724     1.56994     1.63634    -1.63715     1.57429   -0.994975
  -0.575787     1.07786  -0.0150583     1.63634   0.0319912    0.427634     -2.1199
   -1.12335     1.62134     1.57147     1.63634    -1.62119     1.57478   -0.995001
    -1.1234     1.63119     1.57062     1.63634    -1.63108     1.57458   -0.995044
  -0.580398     1.07785  0.00376916     1.63634 -0.00801004     0.42742     -2.0792
   -1.12339      1.6254     1.57116     1.63634    -1.62526     1.57474   -0.995042
   -1.12338       1.635     1.57021     1.63634     -1.6349     1.57441   -0.995009
  -0.573539     1.07788  -0.0242344     1.63634   0.0514559    0.427998    -2.13971
  -0.585009     1.07787    0.022594     1.63634  -0.0479786     0.42792    -2.03853