   -0.787396      1.41779      1.57015      2.01687     -1.43283      1.50441    -0.294138
   -0.787354      1.42928      1.57242      2.01687     -1.44228      1.51136    -0.293168
   -0.145975     0.821396   -0.0191777      2.01687    0.0469583     0.303729     -1.72283
   -0.161279     0.821394    0.0187609      2.01687   -0.0459388     0.303713     -1.62364
   -0.787333      1.41091      1.56861      2.01687     -1.42726       1.5001    -0.294697
   -0.787402      1.42212      1.57105      2.01687     -1.43638      1.50707    -0.293778
   -0.136592      0.82154   -0.0424385      2.01687     0.103577     0.305164     -1.78331
   -0.151893     0.821361  -0.00450781      2.01687    0.0110467      0.30338     -1.68448
   -0.167587     0.821478    0.0343995      2.01687   -0.0840735     0.304547     -1.58291
    -0.78738      1.41525      1.56959      2.01687     -1.43077      1.50283    -0.294346
   -0.787379      1.42674      1.57195      2.01687     -1.44018      1.50985    -0.293386
   -0.142507     0.821436   -0.0277745      2.01687    0.0679459     0.304134     -1.74524
   -0.158202     0.821371    0.0111345      2.01687   -0.0272786     0.303484     -1.64356
   -0.787293      1.40838      1.56801      2.01687     -1.42521      1.49849    -0.294899
   -0.787402      1.41987      1.57058      2.01687     -1.43453      1.50569    -0.293966
   -0.787331      1.43107      1.57275      2.01687     -1.44376      1.51242    -0.293012
   -0.148424     0.821376   -0.0131063      2.01687    0.0321064     0.303532     -1.70697
    -0.16412     0.821426     0.025804      2.01687   -0.0631399     0.304028     -1.60527
   -0.787356      1.41271      1.56902      2.01687     -1.42871      1.50124    -0.294552
   -0.787395       1.4242      1.57146      2.01687     -1.43809      1.50833    -0.293602
    -0.13904     0.821492   -0.0363698      2.01687    0.0888615     0.304686     -1.76758
   -0.154734     0.821359   0.00253637      2.01687  -0.00621532     0.303366     -1.66605
   -0.170035     0.821523    0.0404683      2.01687   -0.0988042     0.305001     -1.56717
   -0.787394      1.41733      1.57005      2.01687     -1.43246      1.50413    -0.294176
   -0.787362      1.42853      1.57229      2.01687     -1.44166      1.51092    -0.293232
   -0.145348     0.821402   -0.0207317      2.01687    0.0507563     0.303792     -1.72689
   -0.160652     0.821389    0.0172065      2.01687    -0.042138     0.303657      -1.6277
   -0.787322      1.41017      1.56843      2.01687     -1.42665      1.49963    -0.294756
   -0.787402      1.42166      1.57095      2.01687       -1.436      1.50679    -0.293816
   -0.787298      1.43315      1.57311      2.01687     -1.44549      1.51363    -0.292829
   -0.135574     0.821562   -0.0449629      2.01687     0.109683     0.305385     -1.78983
   -0.151266     0.821362  -0.00606193      2.01687    0.0148546     0.303397     -1.68855
    -0.16696     0.821467    0.0328453      2.01687    -0.080294     0.304442     -1.58694
   -0.787377      1.41479      1.56949      2.01687     -1.43039      1.50255    -0.294383
   -0.787385      1.42599      1.57181      2.01687     -1.43956      1.50941     -0.29345
   -0.141881     0.821445   -0.0293285      2.01687    0.0717329     0.304223     -1.74929
   -0.157183     0.821366   0.00860851      2.01687   -0.0210924     0.303434     -1.65017
     -0.7874      1.41912      1.57043      2.01687     -1.43392      1.50523    -0.294028
   -0.787337      1.43061      1.57266      2.01687     -1.44338      1.51215    -0.293052
   -0.147797      0.82138   -0.0146605      2.01687    0.0359102     0.303576     -1.71103
   -0.163493     0.821418    0.0242492      2.01687    -0.059346      0.30395     -1.60932
   -0.787351      1.41225      1.56892      2.01687     -1.42833      1.50095    -0.294589
   -0.787397      1.42374      1.57137      2.01687     -1.43771      1.50805    -0.293641
   -0.138413     0.821503   -0.0379234      2.01687    0.0926332     0.304802     -1.77161
   -0.153715     0.821359  1.01626e-05      2.01687 -2.46188e-05      0.30336     -1.67266
   -0.169409     0.821511    0.0389144      2.01687   -0.0950369     0.304878      -1.5712
    -0.78739      1.41658      1.56988      2.01687     -1.43185      1.50366    -0.294237
   -0.787367      1.42807       1.5722      2.01687     -1.44128      1.51065    -0.293272
   -0.144329     0.821413   -0.0232577      2.01687    0.0569261     0.303903     -1.73347
   -0.160025     0.821383    0.0156519      2.01687   -0.0383353     0.303606     -1.63176
   -0.787315      1.40971      1.56833      2.01687     -1.42628      1.49934    -0.294793
   -0.787403       1.4212      1.57086      2.01687     -1.43562      1.50651    -0.293855
   -0.787311       1.4324      1.57298      2.01687     -1.44487       1.5132    -0.292895
   -0.134947     0.821576    -0.046516      2.01687     0.113436     0.305527     -1.79384
   -0.150639     0.821365  -0.00761677      2.01687    0.0186637     0.303418     -1.69262
   -0.165942     0.821451    0.0303202      2.01687    -0.074148     0.304282     -1.59351
    -0.78737      1.41404      1.56932      2.01687     -1.42979      1.50208    -0.294444
   -0.787388      1.42553      1.57172      2.01687     -1.43918      1.50913    -0.293489
   -0.140862     0.821461   -0.0318539      2.01687    0.0778824     0.304378     -1.75586
   -0.156556     0.821364   0.00705433      2.01687   -0.0172853      0.30341     -1.65423
   -0.172248     0.821571    0.0459542      2.01687    -0.112078     0.305475     -1.55299
   -0.787399      1.41866      1.57033      2.01687     -1.43355      1.50495    -0.294066
   -0.787343      1.43015      1.57258      2.01687       -1.443      1.51188    -0.293092
    -0.14717     0.821385   -0.0162148      2.01687     0.039713     0.303624     -1.71509
   -0.162866      0.82141    0.0226955      2.01687   -0.0555526     0.303877     -1.61337
   -0.787345      1.41179      1.56881      2.01687     -1.42796      1.50066    -0.294626
   -0.787399      1.42328      1.57128      2.01687     -1.43733      1.50777     -0.29368
   -0.137787     0.821516   -0.0394768      2.01687    0.0964014     0.304922     -1.77564
   -0.153088     0.821359  -0.00154471      2.01687   0.00378578     0.303362     -1.67673
    -0.16839     0.821492    0.0363895      2.01687   -0.0889087     0.304688     -1.57774
   -0.787387      1.41612      1.56978      2.01687     -1.43148      1.50338    -0.294274
   -0.787374      1.42733      1.57206      2.01687     -1.44066       1.5102    -0.293336
   -0.143702     0.821421   -0.0248119      2.01687    0.0607199     0.303978     -1.73753
   -0.159006     0.821376    0.0131263      2.01687   -0.0321549     0.303533     -1.63836
   -0.787308      1.40925      1.56822      2.01687     -1.42591      1.49904     -0.29483
   -0.787403      1.42045      1.57071      2.01687     -1.43501      1.50605    -0.293917
   -0.787318      1.43194       1.5729      2.01687     -1.44449      1.51293    -0.292935
    -0.14962     0.821369   -0.0101429      2.01687    0.0248509     0.303463     -1.69922
   -0.165315     0.821442    0.0287662      2.01687   -0.0703623      0.30419     -1.59755
   -0.787365      1.41358      1.56922      2.01687     -1.42942      1.50179    -0.294481
   -0.787392      1.42479      1.57158      2.01687     -1.43857      1.50868    -0.293553
   -0.140235     0.821471   -0.0334078      2.01687    0.0816628     0.304479     -1.75989
   -0.155537     0.821361    0.0045276      2.01687   -0.0110947      0.30338     -1.66084
    -0.17123     0.821548    0.0434294      2.01687    -0.105974     0.305249     -1.55951
   -0.787396      1.41791      1.57017      2.01687     -1.43294      1.50449    -0.294127
   -0.787352      1.42941      1.57245      2.01687     -1.44238      1.51144    -0.293157
   -0.146151     0.821394   -0.0187408      2.01687    0.0458902     0.303713     -1.72169
   -0.161847       0.8214    0.0201698      2.01687   -0.0493825     0.303768     -1.61996
   -0.787335      1.41104      1.56864      2.01687     -1.42736      1.50019    -0.294686
   -0.787401      1.42253      1.57113      2.01687     -1.43672      1.50732    -0.293743
   -0.136768     0.821536   -0.0420014      2.01687     0.102519     0.305127     -1.78218
   -0.152461      0.82136  -0.00309905      2.01687   0.00759475     0.303369      -1.6808
   -0.167763     0.821481    0.0348361      2.01687   -0.0851346     0.304577     -1.58177
   -0.787384      1.41566      1.56968      2.01687     -1.43111      1.50309    -0.294312
   -0.787378      1.42687      1.57198      2.01687     -1.44028      1.50993    -0.293375
   -0.143076     0.821429    -0.026366      2.01687    0.0645114     0.304058     -1.74158
   -0.158379     0.821372    0.0115718      2.01687   -0.0283491     0.303495     -1.64242
   -0.787296       1.4085      1.56804      2.01687     -1.42531      1.49857    -0.294889
   -0.787402      1.41999      1.57061      2.01687     -1.43464      1.50577    -0.293955
   -0.787325      1.43149      1.57282      2.01687     -1.44411      1.51266    -0.292976
   -0.148993     0.821372   -0.0116973      2.01687    0.0286571     0.303497     -1.70329
   -0.164688     0.821433    0.0272125      2.01687   -0.0665749     0.304103      -1.6016
   -0.787361      1.41312      1.56912      2.01687     -1.42904       1.5015    -0.294519
   -0.787393      1.42461      1.57154      2.01687     -1.43843      1.50858    -0.293567
   -0.139216     0.821489   -0.0359329      2.01687    0.0878002     0.304655     -1.76645
    -0.15491      0.82136   0.00297324      2.01687  -0.00728588     0.303369     -1.66491
   -0.170603     0.821535    0.0418759      2.01687    -0.102214     0.305117     -1.56353
   -0.787394      1.41746      1.57007      2.01687     -1.43256      1.50421    -0.294165
   -0.787357      1.42895      1.57236      2.01687       -1.442      1.51117    -0.293196