    -0.27602      1.54415      1.57074      1.86666     -1.54532      1.56297    0.0554653
    -0.27596      1.55489      1.57101      1.86666     -1.55552      1.56636    0.0555939
    0.330259     0.951176   -0.0220134      1.86666    0.0562579     0.324353     -1.27093
    0.316721     0.951168    0.0193232      1.86666   -0.0493957     0.324226      -1.1603
   -0.275973      1.53756       1.5704      1.86666     -1.53912      1.56073    0.0554464
   -0.276017       1.5483      1.57088      1.86666     -1.54925      1.56432    0.0555002
    0.324817     0.951141  -0.00539625      1.86666    0.0138063     0.323832     -1.22648
    -0.27601      1.54171      1.57063      1.86666     -1.54302      1.56215    0.0554531
   -0.275986      1.55273      1.57098      1.86666     -1.55346      1.56571    0.0555579
     0.33325     0.951214   -0.0311453      1.86666     0.079502     0.324908     -1.29527
    0.319713     0.951147     0.010189      1.86666    -0.026063     0.323917     -1.18473
   -0.276022      1.54587       1.5708      1.86666     -1.54695      1.56353    0.0554774
    0.327808     0.951155   -0.0145312      1.86666     0.037161      0.32404     -1.25093
    0.314271     0.951195    0.0268061      1.86666   -0.0684669     0.324621     -1.14033
   -0.275992      1.53928       1.5705      1.86666     -1.54073      1.56133    0.0554472
   -0.276006       1.5503      1.57094      1.86666     -1.55115      1.56495    0.0555236
    0.322704     0.951139   0.00105491      1.86666  -0.00269885       0.3238     -1.20919
   -0.276019      1.54371      1.57072      1.86666     -1.54491      1.56282    0.0554626
   -0.275966      1.55445      1.57101      1.86666      -1.5551      1.56623    0.0555861
    0.330799     0.951182   -0.0236658      1.86666    0.0604698      0.32444     -1.27534
    0.317262     0.951163    0.0176717      1.86666   -0.0451806     0.324156     -1.16471
   -0.275964      1.53684      1.57036      1.86666     -1.53844      1.56048     0.055447
   -0.276019      1.54786      1.57087      1.86666     -1.54884      1.56418    0.0554956
    0.325696     0.951144  -0.00808036      1.86666    0.0206716     0.323873     -1.23366
    0.312159     0.951224    0.0332547      1.86666   -0.0848579     0.325064     -1.12316
   -0.276008      1.54127       1.5706      1.86666     -1.54261      1.56201    0.0554516
   -0.275993      1.55202      1.57097      1.86666     -1.55278      1.56549    0.0555471
     0.33379     0.951222    -0.032797      1.86666    0.0836966     0.325029     -1.29966
    0.320253     0.951145   0.00853771      1.86666   -0.0218407     0.323882     -1.18915
   -0.276022      1.54543      1.57079      1.86666     -1.54653      1.56339    0.0554742
    0.328687     0.951162   -0.0172147      1.86666    0.0440145     0.324138     -1.25811
     0.31515     0.951184    0.0241226      1.86666   -0.0616331     0.324465     -1.14749
   -0.275987      1.53884      1.57047      1.86666     -1.54032      1.56117    0.0554466
   -0.276011      1.54958      1.57092      1.86666     -1.55047      1.56473    0.0555147
    0.323245     0.951139 -0.000596941      1.86666   0.00152761     0.323799     -1.21362
   -0.276017      1.54299      1.57069      1.86666     -1.54423      1.56258    0.0554587
   -0.275971      1.55401        1.571      1.86666     -1.55468       1.5661    0.0555786
     0.33134     0.951189   -0.0253153      1.86666    0.0646717     0.324532     -1.27974
    0.318141     0.951156    0.0149887      1.86666   -0.0383293     0.324056     -1.17189
   -0.275959       1.5364      1.57033      1.86666     -1.53803      1.56032    0.0554477
    -0.27602      1.54715      1.57085      1.86666     -1.54816      1.56395    0.0554887
    0.326236     0.951146  -0.00973275      1.86666     0.024897     0.323907     -1.23809
    0.313037     0.951211    0.0305716      1.86666   -0.0780435     0.324868      -1.1303
   -0.276003      1.54056      1.57057      1.86666     -1.54194      1.56176    0.0554495
   -0.275997      1.55158      1.57096      1.86666     -1.55236      1.56535    0.0555408
    0.334331     0.951231   -0.0344478      1.86666    0.0878859     0.325156     -1.30405
    0.321132     0.951142   0.00585544      1.86666   -0.0149804     0.323838     -1.19633
   -0.276022      1.54499      1.57077      1.86666     -1.54612      1.56325    0.0554708
   -0.275948      1.55573      1.57102      1.86666     -1.55632      1.56662    0.0556093
    0.329228     0.951166   -0.0188653      1.86666    0.0482278     0.324206     -1.26252
     0.31569     0.951178    0.0224715      1.86666   -0.0574254     0.324377     -1.15189
    -0.27598      1.53812      1.57043      1.86666     -1.53965      1.56092    0.0554462
   -0.276013      1.54914      1.57091      1.86666     -1.55005      1.56459    0.0555095
    0.323786     0.951139  -0.00224775      1.86666   0.00575135     0.323804     -1.21804
   -0.276015      1.54255      1.57067      1.86666     -1.54382      1.56244    0.0554567
   -0.275979       1.5533      1.57099      1.86666       -1.554      1.56588    0.0555669
    0.332219       0.9512   -0.0279987      1.86666    0.0715022     0.324696     -1.28689
    0.318682     0.951153    0.0133371      1.86666   -0.0341097     0.324002     -1.17631
   -0.275948      1.53569      1.57028      1.86666     -1.53736      1.56007     0.055449
   -0.276021      1.54671      1.57083      1.86666     -1.54774      1.56381    0.0554846
    0.327115     0.951151   -0.0124158      1.86666    0.0317558     0.323975     -1.24527
    0.313578     0.951204    0.0289213      1.86666   -0.0738484     0.324756     -1.13469
   -0.275999      1.54012      1.57055      1.86666     -1.54152      1.56161    0.0554485
      -0.276      1.55114      1.57095      1.86666     -1.55195      1.56521    0.0555346
    0.321673      0.95114   0.00420326      1.86666   -0.0107538     0.323819     -1.20076
    -0.27602      1.54427      1.57074      1.86666     -1.54544      1.56301     0.055466
   -0.275954      1.55529      1.57101      1.86666      -1.5559      1.56648    0.0556011
    0.329769     0.951171    -0.020517      1.86666    0.0524418     0.324281     -1.26693
    0.316569     0.951169    0.0197878      1.86666   -0.0505812     0.324247     -1.15906
   -0.275975      1.53768      1.57041      1.86666     -1.53923      1.56077    0.0554463
   -0.276015       1.5487      1.57089      1.86666     -1.54963      1.56445    0.0555046
    0.324665     0.951141  -0.00493243      1.86666    0.0126198     0.323826     -1.22523
   -0.276013      1.54211      1.57065      1.86666      -1.5434      1.56229    0.0554547
   -0.275984      1.55286      1.57099      1.86666     -1.55358      1.56575    0.0555599
     0.33276     0.951207   -0.0296492      1.86666    0.0756996     0.324805     -1.29129
    0.319222     0.951149    0.0116859      1.86666   -0.0298897     0.323955     -1.18072
   -0.275946      1.53552      1.57027      1.86666     -1.53721      1.56001    0.0554495
   -0.276022      1.54627      1.57082      1.86666     -1.54733      1.56366    0.0554807
    0.327318     0.951152   -0.0130352      1.86666    0.0333386     0.323993     -1.24693
    0.314119     0.951196    0.0272701      1.86666   -0.0696478      0.32465     -1.13909
   -0.275995      1.53968      1.57052      1.86666     -1.54111      1.56146    0.0554477
   -0.276004       1.5507      1.57094      1.86666     -1.55153      1.56508    0.0555287
    0.322214     0.951139   0.00255156      1.86666   -0.0065281     0.323806     -1.20518
   -0.276019      1.54383      1.57072      1.86666     -1.54502      1.56286    0.0554633
    -0.27596      1.55485      1.57101      1.86666     -1.55548      1.56635    0.0555932
    0.330647     0.951181   -0.0232009      1.86666    0.0592849     0.324415      -1.2741
     0.31711     0.951164    0.0181364      1.86666   -0.0463667     0.324175     -1.16347