  -0.371412     1.03982 -0.00694388      1.8592   0.0249218    0.242664    -1.94311
  -0.972179     1.64612     1.57134      1.8592    -1.64286     1.59272   -0.657782
  -0.972169     1.65711     1.57003      1.8592    -1.65378     1.59458   -0.657916
  -0.376538     1.03982    0.011014      1.8592  -0.0395153    0.242785    -1.87659
  -0.972196     1.65054     1.57085      1.8592    -1.64724     1.59351    -0.65786
  -0.368913     1.03983  -0.0156989      1.8592   0.0562912    0.242992    -1.97549
  -0.381345     1.03986    0.027854      1.8592  -0.0996287    0.243867    -1.81453
   -0.97216     1.64396     1.57156      1.8592    -1.64074     1.59232   -0.657733
  -0.972187     1.65468     1.57035      1.8592    -1.65136      1.5942   -0.657904
   -0.37372     1.03981  0.00114256      1.8592 -0.00410118    0.242586    -1.91315
   -0.97219     1.64811     1.57113      1.8592    -1.64483     1.59308   -0.657821
  -0.972148      1.6591     1.56975      1.8592    -1.65577     1.59488   -0.657918
  -0.366096     1.03985   -0.025568      1.8592   0.0915048    0.243665    -2.01185
  -0.378527     1.03983    0.017985      1.8592  -0.0644647     0.24312    -1.85083
  -0.972195     1.65225     1.57065      1.8592    -1.64894      1.5938   -0.657881
  -0.370903     1.03982 -0.00872812      1.8592   0.0313213     0.24271    -1.94971
  -0.972175     1.64568     1.57138      1.8592    -1.64243     1.59264   -0.657773
  -0.972173     1.65667     1.57008      1.8592    -1.65334     1.59451   -0.657914
   -0.37571     1.03982  0.00811401      1.8592  -0.0291183    0.242693    -1.88732
  -0.972195     1.64982     1.57094      1.8592    -1.64653     1.59339   -0.657849
  -0.368085     1.03984  -0.0185977      1.8592   0.0666544    0.243157    -1.98619
  -0.380835     1.03986   0.0260694      1.8592  -0.0932871    0.243708    -1.82108
  -0.972152     1.64325     1.57162      1.8592    -1.64003     1.59218   -0.657715
  -0.972189     1.65424      1.5704      1.8592    -1.65092     1.59413     -0.6579
  -0.372892     1.03981 -0.00175607      1.8592  0.00630421    0.242589    -1.92389
  -0.972188     1.64767     1.57118      1.8592     -1.6444       1.593   -0.657813
  -0.972157     1.65839     1.56985      1.8592    -1.65506     1.59478   -0.657919
  -0.365268     1.03986   -0.028467      1.8592    0.101806    0.243924    -2.02248
  -0.378018     1.03983   0.0162013      1.8592  -0.0580878    0.243019    -1.85742
  -0.972196     1.65181      1.5707      1.8592    -1.64851     1.59373   -0.657876
  -0.370393     1.03982  -0.0105118      1.8592   0.0377162    0.242767    -1.95632
  -0.972172     1.64524     1.57143      1.8592      -1.642     1.59256   -0.657763
  -0.972179     1.65596     1.57018      1.8592    -1.65263      1.5944   -0.657911
  -0.375201     1.03982  0.00632975      1.8592  -0.0227179     0.24265    -1.89393
  -0.972195     1.64939     1.57099      1.8592     -1.6461     1.59331   -0.657843
  -0.367576     1.03984  -0.0203818      1.8592    0.073025    0.243272    -1.99277
  -0.380326     1.03985    0.024285      1.8592   -0.086938     0.24356    -1.82763
  -0.972147     1.64281     1.57167      1.8592     -1.6396     1.59209   -0.657703
  -0.972191     1.65381     1.57046      1.8592    -1.65049     1.59406   -0.657897
  -0.372383     1.03981 -0.00354204      1.8592   0.0127148    0.242605    -1.93051
  -0.972184     1.64696     1.57125      1.8592    -1.64369     1.59287   -0.657799
  -0.972161     1.65795     1.56991      1.8592    -1.65462     1.59471   -0.657918
  -0.377509     1.03983   0.0144156      1.8592  -0.0516984    0.242928    -1.86401
  -0.972196     1.65138     1.57076      1.8592    -1.64807     1.59365   -0.657871
  -0.369566     1.03982  -0.0134132      1.8592   0.0481106    0.242882    -1.96705
  -0.972168      1.6448     1.57147      1.8592    -1.64156     1.59247   -0.657753
  -0.972182     1.65552     1.57024      1.8592     -1.6522     1.59433   -0.657909
  -0.374373     1.03981  0.00342947      1.8592  -0.0123101    0.242603    -1.90467
  -0.972193     1.64895     1.57104      1.8592    -1.64566     1.59323   -0.657835
  -0.972138     1.65994     1.56963      1.8592    -1.65661     1.59501   -0.657918
  -0.367067     1.03984  -0.0221664      1.8592   0.0793908    0.243397    -1.99934
  -0.379498     1.03984   0.0213858      1.8592  -0.0766066    0.243341     -1.8383
  -0.972138      1.6421     1.57173      1.8592     -1.6389     1.59195   -0.657684
  -0.972192     1.65337     1.57051      1.8592    -1.65005     1.59398   -0.657893
  -0.371874     1.03982 -0.00532582      1.8592   0.0191164    0.242631    -1.93712
  -0.972181     1.64652      1.5713      1.8592    -1.64326     1.59279    -0.65779
  -0.972168     1.65724     1.57001      1.8592    -1.65391      1.5946   -0.657916
  -0.376681     1.03982   0.0115167      1.8592  -0.0413166    0.242804    -1.87473
  -0.972196     1.65066     1.57084      1.8592    -1.64736     1.59353   -0.657861
  -0.369375     1.03983  -0.0140803      1.8592   0.0504987    0.242912    -1.96951
  -0.972161     1.64409     1.57154      1.8592    -1.64086     1.59234   -0.657736
  -0.972186     1.65481     1.57033      1.8592    -1.65148     1.59422   -0.657904
  -0.374182     1.03981   0.0027613      1.8592  -0.0099118    0.242596    -1.90715
  -0.972192     1.64851     1.57108      1.8592    -1.64523     1.59315   -0.657828
   -0.97215     1.65895     1.56977      1.8592    -1.65562     1.59486   -0.657919
  -0.365921     1.03986  -0.0261813      1.8592   0.0936859    0.243718     -2.0141
   -0.37867     1.03983   0.0184851      1.8592  -0.0662513     0.24315    -1.84899
  -0.972195     1.65265      1.5706      1.8592    -1.64934     1.59387   -0.657886
  -0.371364     1.03982 -0.00711069      1.8592   0.0255202    0.242668    -1.94373