   -0.388005     0.890035  -0.00924745      1.53019    0.0108808      0.72142     -1.94546
   -0.400067     0.890094    0.0291816      1.53019   -0.0343235     0.721811      -1.8994
   -0.913001      1.37653       1.5699      1.53019     -1.37665      1.57775    -0.925688
   -0.912966       1.3859      1.57299      1.53019     -1.38613      1.58042    -0.925149
   -0.380608     0.890111   -0.0328132      1.53019    0.0385913     0.721926      -1.9737
    -0.39267     0.890031   0.00561345      1.53019  -0.00660492     0.721392     -1.92764
    -0.91294      1.37054      1.56776      1.53019     -1.37058       1.5759    -0.926009
   -0.913006      1.38015      1.57113      1.53019     -1.38032      1.57882    -0.925485
   -0.385271     0.890053   -0.0179555      1.53019    0.0211246     0.721541      -1.9559
   -0.397643     0.890064    0.0214582      1.53019   -0.0252436     0.721612     -1.90865
   -0.912987       1.3744      1.56916      1.53019      -1.3745      1.57711    -0.925804
   -0.912988      1.38378      1.57232      1.53019     -1.38399      1.57984    -0.925275
   -0.389936     0.890029  -0.00309658      1.53019   0.00364373     0.721381     -1.93809
   -0.402306      0.89013    0.0363134      1.53019   -0.0427029      0.72205     -1.89086
   -0.913006      1.37803      1.57041      1.53019     -1.37817       1.5782    -0.925605
   -0.912942      1.38764      1.57353      1.53019     -1.38789      1.58088    -0.925043
   -0.382538     0.890083   -0.0266642      1.53019    0.0313647      0.72174     -1.96633
   -0.394909     0.890041    0.0127484      1.53019   -0.0149993     0.721459     -1.91909
   -0.912964      1.37228      1.56839      1.53019     -1.37234      1.57645    -0.925918
      -0.913      1.38189      1.57171      1.53019     -1.38208      1.57931    -0.925385
   -0.387511     0.890037   -0.0108211      1.53019    0.0127323     0.721436     -1.94735
   -0.399573     0.890087    0.0276076      1.53019   -0.0324735     0.721766     -1.90128
   -0.912998       1.3759      1.56968      1.53019     -1.37602      1.57757    -0.925722
   -0.912971      1.38552      1.57287      1.53019     -1.38575      1.58031    -0.925172
   -0.379805     0.890124   -0.0353707      1.53019    0.0415959     0.722016     -1.97676
   -0.392175      0.89003    0.0040392      1.53019  -0.00475262     0.721385     -1.92953
   -0.912934      1.37015      1.56762      1.53019     -1.37019      1.57578     -0.92603
   -0.913007      1.37977        1.571      1.53019     -1.37993      1.57871    -0.925506
   -0.912917      1.38914      1.57399      1.53019     -1.38941      1.58127    -0.924951
   -0.384468     0.890061   -0.0205144      1.53019     0.024134     0.721591     -1.95897
    -0.39684     0.890056    0.0188994      1.53019   -0.0222344     0.721559     -1.91171
   -0.912983      1.37402      1.56902      1.53019     -1.37411      1.57699    -0.925825
   -0.912991      1.38339      1.57219      1.53019      -1.3836      1.57973    -0.925298
   -0.389441      0.89003  -0.00467077      1.53019   0.00549598     0.721387     -1.93997
   -0.401503     0.890116    0.0337563      1.53019   -0.0396991     0.721959     -1.89392
   -0.913005      1.37764      1.57028      1.53019     -1.37778      1.57809    -0.925626
   -0.912951      1.38702      1.57334      1.53019     -1.38726      1.58071    -0.925081
   -0.382044      0.89009   -0.0282384      1.53019    0.0332151     0.721784     -1.96822
   -0.394106     0.890036      0.01019      1.53019   -0.0119894     0.721429     -1.92215
    -0.91296      1.37189      1.56826      1.53019     -1.37195      1.57633    -0.925938
   -0.913003      1.38127       1.5715      1.53019     -1.38145      1.57914    -0.925421
   -0.386708     0.890042   -0.0133803      1.53019    0.0157429     0.721468     -1.95041
   -0.399079      0.89008    0.0260333      1.53019   -0.0306228     0.721723     -1.90317
   -0.912995      1.37552      1.56955      1.53019     -1.37563      1.57745    -0.925743
   -0.912977      1.38489      1.57267      1.53019     -1.38512      1.58014    -0.925209
   -0.379311     0.890133   -0.0369445      1.53019    0.0434443     0.722073     -1.97864
   -0.391372     0.890029   0.00148076      1.53019  -0.00174223     0.721377      -1.9326
   -0.912928      1.36977      1.56748      1.53019      -1.3698      1.57565     -0.92605
   -0.913007      1.37914      1.57079      1.53019      -1.3793      1.57853    -0.925542
   -0.912924      1.38876      1.57387      1.53019     -1.38902      1.58117    -0.924975
   -0.383974     0.890066   -0.0220882      1.53019    0.0259847     0.721626     -1.96085
   -0.396346     0.890051    0.0173256      1.53019   -0.0203835      0.72153      -1.9136
   -0.912977      1.37339       1.5688      1.53019     -1.37347       1.5768    -0.925858
   -0.912994      1.38301      1.57207      1.53019     -1.38321      1.57963     -0.92532
   -0.388947     0.890032  -0.00624543      1.53019   0.00734875     0.721396     -1.94186
   -0.401009     0.890108    0.0321823      1.53019   -0.0378498     0.721906      -1.8958
   -0.913004      1.37726      1.57015      1.53019     -1.37739      1.57797    -0.925647
   -0.912957      1.38663      1.57322      1.53019     -1.38688      1.58061    -0.925104
    -0.38155     0.890097   -0.0298119      1.53019    0.0350645      0.72183      -1.9701
   -0.393612     0.890034   0.00861621      1.53019   -0.0101379     0.721414     -1.92404
   -0.912954      1.37151      1.56812      1.53019     -1.37156      1.57621    -0.925958
   -0.913004      1.38088      1.57138      1.53019     -1.38106      1.57903    -0.925443
   -0.386213     0.890046   -0.0149547      1.53019     0.017595     0.721491      -1.9523
   -0.398276     0.890071    0.0234746      1.53019   -0.0276146     0.721658     -1.90623
   -0.912992      1.37513      1.56941      1.53019     -1.37524      1.57733    -0.925764
   -0.912981      1.38451      1.57255      1.53019     -1.38473      1.58004    -0.925232
   -0.378816     0.890142   -0.0385182      1.53019    0.0452924     0.722134     -1.98053
   -0.390878     0.890028 -9.39667e-05      1.53019  0.000110683     0.721376     -1.93448
   -0.402939     0.890141    0.0383298      1.53019    -0.045071     0.722127     -1.88844
   -0.912917      1.36915      1.56724      1.53019     -1.36917      1.57545    -0.926082
   -0.913007      1.37876      1.57066      1.53019     -1.37891      1.57841    -0.925564
    -0.91293      1.38837      1.57376      1.53019     -1.38863      1.58107    -0.924998
    -0.38348     0.890071    -0.023663      1.53019    0.0278364     0.721662     -1.96274
   -0.395851     0.890048    0.0157506      1.53019   -0.0185309     0.721503     -1.91549
    -0.91297      1.37277      1.56857      1.53019     -1.37284       1.5766    -0.925891
   -0.912996      1.38262      1.57195      1.53019     -1.38282      1.57952    -0.925342
   -0.388453     0.890033  -0.00781918      1.53019   0.00920039     0.721408     -1.94375
   -0.400515       0.8901    0.0306079      1.53019   -0.0359997     0.721855     -1.89769
   -0.913001      1.37663      1.56994      1.53019     -1.37676      1.57779    -0.925682
   -0.912962      1.38625       1.5731      1.53019     -1.38649      1.58051    -0.925128
   -0.380747     0.890109   -0.0323701      1.53019    0.0380706     0.721912     -1.97317
   -0.393118     0.890032   0.00704098      1.53019  -0.00828455     0.721402     -1.92593
   -0.912945      1.37089      1.56789      1.53019     -1.37093      1.57601    -0.925991
   -0.913006      1.38026      1.57117      1.53019     -1.38043      1.57885    -0.925479
    -0.38541     0.890052   -0.0175137      1.53019     0.020605     0.721533     -1.95537
   -0.398091     0.890069     0.022885      1.53019   -0.0269214     0.721644     -1.90694
    -0.91299      1.37475      1.56928      1.53019     -1.37485      1.57722    -0.925785
   -0.912985      1.38412      1.57243      1.53019     -1.38434      1.57993    -0.925254
   -0.390384     0.890029  -0.00166911      1.53019   0.00196409     0.721378     -1.93637
   -0.402754     0.890138    0.0377406      1.53019    -0.044379     0.722104     -1.88915
   -0.912914        1.369      1.56719      1.53019     -1.36902       1.5754     -0.92609
   -0.913007      1.37837      1.57053      1.53019     -1.37852       1.5783    -0.925585
   -0.912941      1.38775      1.57357      1.53019       -1.388      1.58091    -0.925037
   -0.382986     0.890077   -0.0252381      1.53019    0.0296882     0.721702     -1.96463
   -0.394739      0.89004    0.0122069      1.53019   -0.0143623     0.721453     -1.91974
   -0.912969      1.37263      1.56852      1.53019      -1.3727      1.57656    -0.925899
   -0.912998      1.38224      1.57182      1.53019     -1.38243      1.57941    -0.925365
    -0.38765     0.890037   -0.0103793      1.53019    0.0122125     0.721431     -1.94682
   -0.400021     0.890093     0.029034      1.53019     -0.03415     0.721807     -1.89957