    -1.19606      1.64101      1.57103      1.41388     -1.64019      1.56006     -1.28353
   -0.713227      1.15408  -0.00682622      1.41388    0.0115018     0.573671     -2.22737
    -1.19606      1.64442      1.57056      1.41388     -1.64348      1.55907     -1.28346
   -0.716952      1.15409    0.0130468      1.41388   -0.0219801      0.57377     -2.19493
    -1.19604      1.63902      1.57128      1.41388     -1.63826      1.56062     -1.28355
    -1.19606      1.64242      1.57084      1.41388     -1.64155      1.55965      -1.2835
   -0.715015      1.15408   0.00271517      1.41388  -0.00457485      0.57364     -2.21179
    -1.19605      1.64606      1.57032      1.41388     -1.64506      1.55857     -1.28341
    -1.19605      1.64043       1.5711      1.41388     -1.63962      1.56023     -1.28354
   -0.712832      1.15408   -0.0089342      1.41388    0.0150531     0.573698     -2.23081
    -1.19606      1.64406      1.57061      1.41388     -1.64313      1.55917     -1.28347
   -0.716557      1.15408    0.0109403      1.41388   -0.0184321     0.573729     -2.19836
    -1.19604      1.63866      1.57133      1.41388     -1.63791      1.56072     -1.28356
    -1.19606      1.64206      1.57089      1.41388     -1.64121      1.55976     -1.28351
   -0.714374      1.15408 -0.000707805      1.41388   0.00119279     0.573634     -2.21738
    -1.19605      1.64547       1.5704      1.41388      -1.6445      1.55875     -1.28343
    -1.19605      1.64007      1.57115      1.41388     -1.63927      1.56033     -1.28354
   -0.712437      1.15408   -0.0110385      1.41388    0.0185979     0.573731     -2.23424
    -1.19606      1.64347      1.57069      1.41388     -1.64257      1.55935     -1.28348
   -0.716163      1.15408   0.00883353      1.41388   -0.0148832     0.573696      -2.2018
    -1.19606       1.6417      1.57094      1.41388     -1.64086      1.55986     -1.28352
   -0.713979      1.15408   -0.0028134      1.41388   0.00474066      0.57364     -2.22082
    -1.19605      1.64511      1.57046      1.41388     -1.64415      1.55886     -1.28344
    -1.19605      1.63971       1.5712      1.41388     -1.63892      1.56043     -1.28355
   -0.711796      1.15409     -0.01446      1.41388    0.0243605     0.573801     -2.23982
    -1.19606      1.64311      1.57074      1.41388     -1.64222      1.55945     -1.28349
   -0.715768      1.15408   0.00672919      1.41388    -0.011338      0.57367     -2.20524
    -1.19604      1.64675      1.57021      1.41388     -1.64572      1.55836     -1.28339
    -1.19606      1.64134      1.57098      1.41388     -1.64051      1.55997     -1.28352
   -0.713584      1.15408  -0.00492007      1.41388   0.00829022     0.573653     -2.22426
    -1.19605      1.64475      1.57051      1.41388      -1.6438      1.55897     -1.28345
    -0.71731      1.15409    0.0149539      1.41388   -0.0251919     0.573812     -2.19181
    -1.19605      1.63935      1.57124      1.41388     -1.63857      1.56053     -1.28355
    -1.19606      1.64253      1.57082      1.41388     -1.64165      1.55962      -1.2835
   -0.715126      1.15408   0.00330639      1.41388  -0.00557102     0.573643     -2.21082
    -1.19605      1.64593      1.57034      1.41388     -1.64494      1.55861     -1.28342
    -1.19605      1.64076      1.57106      1.41388     -1.63994      1.56013     -1.28353