  -0.910732    0.848403  -0.0427974     2.16033    0.237065    0.137103    -2.68107
   -0.92649    0.848222 -0.00350356     2.16033   0.0198096     0.13307    -2.45555
  -0.941855    0.848341   0.0348133     2.16033   -0.194166    0.135743    -2.23352
   -1.57937     1.47689     1.57055     2.16033    -1.49281     1.51843   -0.928203
   -1.57931     1.48842     1.57183     2.16033     -1.5017     1.52588   -0.927601
  -0.916672    0.848299  -0.0279853     2.16033     0.15684    0.134794    -2.59773
  -0.932432    0.848234   0.0113145     2.16033  -0.0638853     0.13333    -2.36874
   -1.57931     1.46952     1.56954     2.16033    -1.48722     1.51352   -0.928551
   -1.57937     1.48135     1.57108     2.16033    -1.49623     1.52135   -0.927979
  -0.923007    0.848236  -0.0121886     2.16033   0.0688062    0.133376    -2.50637
  -0.938373    0.848289   0.0261303     2.16033   -0.146609     0.13457     -2.2829
   -1.57936     1.47428     1.57021     2.16033    -1.49082      1.5167    -0.92833
   -1.57934      1.4858     1.57157     2.16033    -1.49967     1.52422   -0.927744
  -0.913191    0.848355  -0.0366669     2.16033    0.204204    0.136035    -2.64692
  -0.928949    0.848221  0.00263029     2.16033  -0.0148718    0.133058    -2.41958
  -0.944707    0.848396   0.0419239     2.16033   -0.232414    0.136942    -2.19377
   -1.57928     1.46721      1.5692     2.16033    -1.48548     1.51195   -0.928655
   -1.57937     1.47873     1.57077     2.16033    -1.49422     1.51964   -0.928112
   -1.57928     1.49056     1.57202     2.16033    -1.50338     1.52724   -0.927481
  -0.919525    0.848264   -0.020873     2.16033    0.117442     0.13402    -2.55684
  -0.934891    0.848251   0.0174476     2.16033  -0.0983159    0.133726    -2.33302
   -1.57934     1.47166     1.56985     2.16033    -1.48884     1.51496   -0.928453
   -1.57936     1.48319     1.57129     2.16033    -1.49765     1.52254   -0.927883
  -0.910103    0.848417  -0.0443656     2.16033    0.245383    0.137402    -2.68972
  -0.925467    0.848224 -0.00605559     2.16033    0.034229    0.133125    -2.47051
  -0.941226    0.848331   0.0332431     2.16033    -0.18563    0.135507    -2.24238
   -1.57937     1.47612     1.57045     2.16033    -1.49222     1.51793   -0.928241
   -1.57932     1.48794     1.57178     2.16033    -1.50134     1.52558   -0.927627
  -0.916043    0.848308  -0.0295554     2.16033     0.16547    0.134995    -2.60669
  -0.931802     0.84823  0.00974369     2.16033  -0.0550371    0.133256    -2.37792
   -1.57931     1.46905     1.56948     2.16033    -1.48686      1.5132   -0.928572
   -1.57937     1.48087     1.57103     2.16033    -1.49586     1.52104   -0.928003
  -0.921984    0.848242  -0.0147393     2.16033   0.0831395     0.13353    -2.52124
  -0.937744    0.848281   0.0245607     2.16033   -0.137927    0.134394    -2.29191
   -1.57935     1.47351     1.57011     2.16033    -1.49023     1.51619   -0.928366
   -1.57934     1.48533     1.57152     2.16033    -1.49931     1.52392   -0.927769
  -0.912561    0.848366  -0.0382366     2.16033    0.212668    0.136293    -2.65571
   -0.92832    0.848221  0.00106001     2.16033 -0.00599336    0.133045    -2.42879
  -0.943684    0.848375    0.039373     2.16033   -0.218773    0.136487    -2.20795
   -1.57927     1.46644     1.56908     2.16033     -1.4849     1.51143   -0.928689
   -1.57937     1.47826     1.57072     2.16033    -1.49386     1.51933   -0.928135
   -1.57929     1.48979     1.57195     2.16033    -1.50278     1.52675   -0.927524
  -0.918895    0.848271  -0.0224425     2.16033    0.126175    0.134171     -2.5659
  -0.934262    0.848246   0.0158769     2.16033  -0.0895188    0.133608    -2.34215
   -1.57933     1.47119     1.56978     2.16033    -1.48848     1.51464   -0.928475
   -1.57936     1.48272     1.57124     2.16033    -1.49728     1.52224   -0.927908
  -0.924837    0.848227 -0.00762546     2.16033   0.0430918    0.133173     -2.4797
  -0.940203    0.848315    0.030693     2.16033   -0.171705    0.135146    -2.25684
   -1.57936     1.47565     1.57039     2.16033    -1.49186     1.51761   -0.928264
   -1.57933     1.48718      1.5717     2.16033    -1.50074      1.5251   -0.927669
  -0.915413    0.848317  -0.0311239     2.16033    0.174065    0.135206    -2.61561
  -0.930779    0.848226  0.00719327     2.16033  -0.0406512    0.133159    -2.39284
    -1.5793     1.46858     1.56941     2.16033    -1.48651     1.51288   -0.928594
   -1.57937     1.48011     1.57094     2.16033    -1.49527     1.52054   -0.928042
   -1.57926     1.49193     1.57214     2.16033    -1.50445      1.5281   -0.927403
  -0.921354    0.848247  -0.0163107     2.16033   0.0919513     0.13364    -2.53039
  -0.937114    0.848273   0.0229905     2.16033   -0.129219    0.134227    -2.30095
   -1.57935     1.47304     1.57004     2.16033    -1.48988     1.51588   -0.928388
   -1.57935     1.48486     1.57147     2.16033    -1.49894     1.52361   -0.927795
  -0.911932    0.848378  -0.0398064     2.16033    0.221098    0.136563    -2.66447
  -0.927296    0.848221  -0.0014922     2.16033  0.00843847    0.133047    -2.44376
  -0.943055    0.848363   0.0378042     2.16033   -0.210339    0.136222    -2.21671
   -1.57926     1.46597     1.56901     2.16033    -1.48455     1.51111   -0.928709
   -1.57937     1.47779     1.57066     2.16033     -1.4935     1.51902   -0.928159
    -1.5793     1.48932     1.57191     2.16033    -1.50241     1.52645   -0.927551
  -0.917872    0.848283  -0.0249928     2.16033     0.14032    0.134441    -2.58058
  -0.933632    0.848241   0.0143073     2.16033   -0.080713    0.133503    -2.35128
   -1.57932     1.47042     1.56968     2.16033     -1.4879     1.51413    -0.92851
   -1.57936     1.48225     1.57118     2.16033    -1.49692     1.52193   -0.927932
  -0.924207    0.848229 -0.00919563     2.16033   0.0519489    0.133232    -2.48889
  -0.939573    0.848305   0.0291228     2.16033   -0.163094    0.134938    -2.26579
   -1.57936     1.47488     1.57029     2.16033    -1.49128     1.51711   -0.928301
   -1.57933      1.4867     1.57166     2.16033    -1.50037      1.5248   -0.927695
   -0.91439    0.848334  -0.0336754     2.16033    0.187985    0.135571    -2.63007
  -0.930149    0.848224  0.00562239     2.16033   -0.031781    0.133113    -2.40204
  -0.945513    0.848413   0.0439335     2.16033   -0.243094    0.137318    -2.18267
   -1.57929     1.46781     1.56929     2.16033    -1.48593     1.51236   -0.928628
   -1.57937     1.47963     1.57088     2.16033    -1.49491     1.52023   -0.928066
   -1.57927     1.49146     1.57211     2.16033    -1.50408      1.5278    -0.92743
  -0.920725    0.848253  -0.0178795     2.16033    0.100733     0.13376     -2.5395
  -0.936091    0.848262   0.0204415     2.16033   -0.115037     0.13398    -2.31567
   -1.57934     1.47256     1.56998     2.16033    -1.48952     1.51556   -0.928411
   -1.57935     1.48409     1.57139     2.16033    -1.49834     1.52312   -0.927835
  -0.910909    0.848399   -0.042356     2.16033    0.234716    0.137021    -2.67863
  -0.926667    0.848222 -0.00306171     2.16033    0.017312    0.133064    -2.45296
  -0.942425    0.848351   0.0362356     2.16033   -0.201871    0.135966    -2.22551
   -1.57937     1.47702     1.57056     2.16033    -1.49291     1.51852   -0.928197
   -1.57931     1.48884     1.57187     2.16033    -1.50204     1.52616   -0.927577
  -0.917243    0.848291  -0.0265628     2.16033    0.148998    0.134621    -2.58959
  -0.933002    0.848237   0.0127372     2.16033  -0.0718904    0.133407    -2.36043
   -1.57932     1.46995     1.56961     2.16033    -1.48754     1.51381   -0.928531
   -1.57937     1.48177     1.57113     2.16033    -1.49655     1.52163   -0.927957
  -0.923184    0.848235  -0.0117476     2.16033   0.0663247    0.133353     -2.5038
  -0.938944    0.848296   0.0275536     2.16033    -0.15446    0.134741    -2.27475
   -1.57936      1.4747     1.57026     2.16033    -1.49114     1.51699   -0.928309
   -1.57934     1.48623     1.57161     2.16033        -1.5     1.52449   -0.927721
  -0.913761    0.848344  -0.0352446     2.16033    0.196507     0.13581    -2.63892
   -0.92952    0.848222  0.00405252     2.16033   -0.022911    0.133079    -2.41124
  -0.945277    0.848408    0.043345     2.16033   -0.239973    0.137206    -2.18592
   -1.57928     1.46734     1.56922     2.16033    -1.48558     1.51204   -0.928649
   -1.57937     1.47916     1.57083     2.16033    -1.49455     1.51992    -0.92809
   -1.57927     1.49098     1.57206     2.16033    -1.50371      1.5275   -0.927457
  -0.920095    0.848258  -0.0194485     2.16033      0.1095    0.133891    -2.54859
  -0.935855     0.84826   0.0198519     2.16033   -0.111749    0.133927    -2.31908
   -1.57934      1.4718     1.56987     2.16033    -1.48894     1.51505   -0.928446
   -1.57936     1.48362     1.57134     2.16033    -1.49798     1.52282    -0.92786
   -0.91028    0.848413  -0.0439248     2.16033    0.243049    0.137317    -2.68729
  -0.926037    0.848223 -0.00463212     2.16033   0.0261876    0.133091    -2.46217
  -0.941009    0.848327   0.0327039     2.16033   -0.182693    0.135428    -2.24543