   -0.390113      1.01318    0.0179612      2.01306    -0.131575     0.116422     -1.60271
   -0.390113      1.01318    0.0179612      2.01306     -3.27317    -0.116422      1.53888
   -0.382023      1.01316  -0.00800896      2.01306      0.05896     0.115583     -1.79762
   -0.382023      1.01316  -0.00800896      2.01306     -3.08263    -0.115583      1.34397
   -0.387462      1.01316   0.00944918      2.01306   -0.0695275     0.115665     -1.66619
   -0.387462      1.01316   0.00944918      2.01306     -3.21112    -0.115665       1.4754
   -0.379033      1.01318   -0.0176059      2.01306     0.129004     0.116381     -1.86929
   -0.379033      1.01318   -0.0176059      2.01306     -3.01259    -0.116381      1.27231
   -0.384472      1.01316 -0.000146925      2.01306    0.0010837     0.115374     -1.73842
   -0.384472      1.01316 -0.000146925      2.01306     -3.14051    -0.115374      1.40317
   -0.389573      1.01318    0.0162267      2.01306    -0.119002      0.11623     -1.61557
   -0.389573      1.01318    0.0162267      2.01306     -3.26059     -0.11623      1.52602
   -0.381482      1.01316  -0.00974432      2.01306    0.0716929     0.115683     -1.81065
   -0.381482      1.01316  -0.00974432      2.01306      -3.0699    -0.115683      1.33094
   -0.386583      1.01316      0.00663      2.01306    -0.048826     0.115518     -1.68737
   -0.386583      1.01316      0.00663      2.01306     -3.19042    -0.115518      1.45422
   -0.383593      1.01316  -0.00296792      2.01306    0.0218728     0.115403     -1.75969
   -0.383593      1.01316  -0.00296792      2.01306     -3.11972    -0.115403      1.38191
   -0.389032      1.01317    0.0144916      2.01306    -0.106385     0.116057     -1.62848
   -0.389032      1.01317    0.0144916      2.01306     -3.24798    -0.116057      1.51311
   -0.380604      1.01317    -0.012564      2.01306     0.092327     0.115888     -1.83176
   -0.380604      1.01317    -0.012564      2.01306     -3.04927    -0.115888      1.30983
   -0.386043      1.01316   0.00489491      2.01306   -0.0360617     0.115453     -1.70042
   -0.386043      1.01316   0.00489491      2.01306     -3.17765    -0.115453      1.44117
   -0.383053      1.01316  -0.00470313      2.01306    0.0346516     0.115446     -1.77276
   -0.383053      1.01316  -0.00470313      2.01306     -3.10694    -0.115446      1.36884
   -0.388154      1.01317     0.011672      2.01306   -0.0858064     0.115818     -1.64954
   -0.388154      1.01317     0.011672      2.01306      -3.2274    -0.115818      1.49206
   -0.380063      1.01317   -0.0142991      2.01306     0.104985     0.116039     -1.84471
   -0.380063      1.01317   -0.0142991      2.01306     -3.03661    -0.116039      1.29688
   -0.385502      1.01316   0.00316066      2.01306   -0.0232911     0.115407     -1.71349
   -0.385502      1.01316   0.00316066      2.01306     -3.16488    -0.115407      1.42811
   -0.382512      1.01316  -0.00643718      2.01306    0.0474097     0.115509     -1.78581
   -0.382512      1.01316  -0.00643718      2.01306     -3.09418    -0.115509      1.35579
   -0.387951      1.01317     0.011022      2.01306   -0.0810508      0.11577      -1.6544
   -0.387951      1.01317     0.011022      2.01306     -3.22264     -0.11577      1.48719
   -0.379523      1.01318   -0.0160331      2.01306     0.117598      0.11621     -1.85761
   -0.379523      1.01318   -0.0160331      2.01306     -3.02399     -0.11621      1.28398
   -0.384286      1.01316 -0.000744462      2.01306   0.00548792     0.115376     -1.74293
   -0.384286      1.01316 -0.000744462      2.01306      -3.1361    -0.115376      1.39867
   -0.390063      1.01318    0.0177988      2.01306    -0.130399     0.116403     -1.60391
   -0.390063      1.01318    0.0177988      2.01306     -3.27199    -0.116403      1.53768