    -1.35373      1.46864      1.57055      1.73644     -1.47007      1.55374     -1.09696
    -1.35373      1.46864      1.57055      1.73644     -4.61166     -1.55374      2.04463
    -0.78775     0.917321    0.0154375      1.73644   -0.0261424     0.488029     -2.23407
    -0.78775     0.917321    0.0154375      1.73644     -3.16774    -0.488029      0.90752
    -1.35372      1.47261      1.57117      1.73644     -1.47388        1.555     -1.09683
    -1.35372      1.47261      1.57117      1.73644     -4.61548       -1.555      2.04476
    -0.77982     0.917308  -0.00869316      1.73644    0.0147241     0.487906     -2.27691
    -0.77982     0.917308  -0.00869316      1.73644     -3.12687    -0.487906     0.864681
    -1.35372      1.46631      1.57017      1.73644     -1.46783      1.55298     -1.09703
    -1.35372      1.46631      1.57017      1.73644     -4.60943     -1.55298      2.04457
    -0.78482     0.917305   0.00651938      1.73644   -0.0110423     0.487881      -2.2499
    -0.78482     0.917305   0.00651938      1.73644     -3.15264    -0.487881     0.891691
    -1.35373      1.47054      1.57085      1.73644      -1.4719      1.55435      -1.0969
    -1.35373      1.47054      1.57085      1.73644     -4.61349     -1.55435      2.04469
    -0.77689     0.917326   -0.0176103      1.73644      0.02982     0.488083     -2.29274
    -0.77689     0.917326   -0.0176103      1.73644     -3.11177    -0.488083     0.848856
     -1.3537      1.46399      1.56976      1.73644      -1.4656       1.5522     -1.09709
     -1.3537      1.46399      1.56976      1.73644      -4.6072      -1.5522       2.0445
    -1.35371      1.47451      1.57145      1.73644     -1.47572      1.55558     -1.09677
    -1.35371      1.47451      1.57145      1.73644     -4.61731     -1.55558      2.04483
    -0.78222     0.917302  -0.00138921      1.73644   0.00235331      0.48785     -2.26394
    -0.78222     0.917302  -0.00138921      1.73644     -3.13924     -0.48785     0.877649
    -1.35373      1.46822      1.57048      1.73644     -1.46966       1.5536     -1.09697
    -1.35373      1.46822      1.57048      1.73644     -4.61126      -1.5536      2.04462
    -0.78722     0.917317     0.013824      1.73644   -0.0234113     0.487994     -2.23694
    -0.78722     0.917317     0.013824      1.73644       -3.165    -0.487994     0.904657
    -1.35373      1.47219      1.57111      1.73644     -1.47348      1.55487     -1.09684
    -1.35373      1.47219      1.57111      1.73644     -4.61507     -1.55487      2.04475
    -0.77929      0.91731   -0.0103067      1.73644    0.0174565     0.487929     -2.27978
    -0.77929      0.91731   -0.0103067      1.73644     -3.12414    -0.487929     0.861816
    -1.35372      1.46589       1.5701      1.73644     -1.46743      1.55284     -1.09704
    -1.35372      1.46589       1.5701      1.73644     -4.60902     -1.55284      2.04455
     -1.3537      1.47616      1.57168      1.73644      -1.4773      1.55608     -1.09671
     -1.3537      1.47616      1.57168      1.73644     -4.61889     -1.55608      2.04489
    -0.78429     0.917304   0.00490826      1.73644  -0.00831359     0.487867     -2.25276
    -0.78429     0.917304   0.00490826      1.73644     -3.14991    -0.487867      0.88883
    -1.35373      1.46986      1.57075      1.73644     -1.47124      1.55413     -1.09692
    -1.35373      1.46986      1.57075      1.73644     -4.61283     -1.55413      2.04467
    -0.77636     0.917331   -0.0192229      1.73644    0.0325486     0.488128      -2.2956
    -0.77636     0.917331   -0.0192229      1.73644     -3.10904    -0.488128     0.845996
   -0.789289     0.917334    0.0201224      1.73644   -0.0340701     0.488155     -2.22576
   -0.789289     0.917334    0.0201224      1.73644     -3.17566    -0.488155     0.915831
    -1.35372      1.47409      1.57139      1.73644     -1.47531      1.55546     -1.09678
    -1.35372      1.47409      1.57139      1.73644      -4.6169     -1.55546      2.04481
   -0.781359     0.917303  -0.00400865      1.73644   0.00679021     0.487861     -2.26859
   -0.781359     0.917303  -0.00400865      1.73644      -3.1348    -0.487861     0.872998
    -1.35372      1.46753      1.57037      1.73644     -1.46901      1.55338     -1.09699
    -1.35372      1.46753      1.57037      1.73644      -4.6106     -1.55338       2.0446
    -0.78669     0.917314    0.0122123      1.73644   -0.0206826     0.487961      -2.2398
    -0.78669     0.917314    0.0122123      1.73644     -3.16228    -0.487961     0.901796
    -1.35373       1.4715        1.571      1.73644     -1.47282      1.55465     -1.09687
    -1.35373       1.4715        1.571      1.73644     -4.61441     -1.55465      2.04473
   -0.778429     0.917315   -0.0129252      1.73644      0.02189     0.487975     -2.28442
   -0.778429     0.917315   -0.0129252      1.73644      -3.1197    -0.487975     0.857169
    -1.35371      1.46547      1.57002      1.73644     -1.46703       1.5527     -1.09705
    -1.35371      1.46547      1.57002      1.73644     -4.60862      -1.5527      2.04454
    -1.35371      1.47574      1.57162      1.73644     -1.47689      1.55596     -1.09672
    -1.35371      1.47574      1.57162      1.73644     -4.61849     -1.55596      2.04487
    -0.78376     0.917302   0.00329632      1.73644   -0.0055833     0.487857     -2.25562
    -0.78376     0.917302   0.00329632      1.73644     -3.14718    -0.487857     0.885969
    -1.35373      1.46944      1.57068      1.73644     -1.47084        1.554     -1.09693
    -1.35373      1.46944      1.57068      1.73644     -4.61243       -1.554      2.04466
   -0.775499      0.91734   -0.0218419      1.73644     0.036979      0.48821     -2.30024
   -0.775499      0.91734   -0.0218419      1.73644     -3.10461     -0.48821     0.841351
    -0.78876     0.917329    0.0185091      1.73644   -0.0313407     0.488108     -2.22862
    -0.78876     0.917329    0.0185091      1.73644     -3.17293    -0.488108     0.912969
    -1.35372      1.47341      1.57129      1.73644     -1.47465      1.55525      -1.0968
    -1.35372      1.47341      1.57129      1.73644     -4.61625     -1.55525      2.04479
    -0.78083     0.917304  -0.00562137      1.73644   0.00952175     0.487873     -2.27146
    -0.78083     0.917304  -0.00562137      1.73644     -3.13207    -0.487873     0.870134
    -1.35372      1.46711       1.5703      1.73644      -1.4686      1.55324       -1.097
    -1.35372      1.46711       1.5703      1.73644      -4.6102     -1.55324      2.04459
    -0.78583     0.917309    0.0095945      1.73644   -0.0162501     0.487918     -2.24444
    -0.78583     0.917309    0.0095945      1.73644     -3.15784    -0.487918      0.89715
    -1.35373      1.47108      1.57094      1.73644     -1.47242      1.55452     -1.09688
    -1.35373      1.47108      1.57094      1.73644     -4.61401     -1.55452      2.04471
     -0.7779     0.917318   -0.0145386      1.73644    0.0246213     0.488009     -2.28729
     -0.7779     0.917318   -0.0145386      1.73644     -3.11697    -0.488009     0.854306
    -1.35371      1.46479      1.56991      1.73644     -1.46637      1.55247     -1.09707
    -1.35371      1.46479      1.56991      1.73644     -4.60797     -1.55247      2.04452
    -1.35371      1.47532      1.57156      1.73644     -1.47649      1.55583     -1.09674
    -1.35371      1.47532      1.57156      1.73644     -4.61808     -1.55583      2.04486
    -0.78323     0.917302    0.0016852      1.73644  -0.00285434     0.487851     -2.25848
    -0.78323     0.917302    0.0016852      1.73644     -3.14445    -0.487851     0.883108
    -1.35373      1.46902      1.57061      1.73644     -1.47043      1.55386     -1.09695
    -1.35373      1.46902      1.57061      1.73644     -4.61203     -1.55386      2.04465
    -0.78823     0.917324    0.0168974      1.73644   -0.0286133     0.488065     -2.23148
    -0.78823     0.917324    0.0168974      1.73644     -3.17021    -0.488065      0.91011
    -1.35372      1.47299      1.57123      1.73644     -1.47425      1.55512     -1.09682
    -1.35372      1.47299      1.57123      1.73644     -4.61584     -1.55512      2.04477
     -0.7803     0.917306  -0.00723243      1.73644    0.0122503     0.487888     -2.27432
     -0.7803     0.917306  -0.00723243      1.73644     -3.12934    -0.487888     0.867274
    -1.35372      1.46669      1.57023      1.73644      -1.4682      1.55311     -1.09702
    -1.35372      1.46669      1.57023      1.73644     -4.60979     -1.55311      2.04458
   -0.784969     0.917306   0.00697428      1.73644   -0.0118128     0.487886     -2.24909
   -0.784969     0.917306   0.00697428      1.73644     -3.15341    -0.487886     0.892499
    -1.35373      1.47066      1.57087      1.73644     -1.47201      1.55439     -1.09689
    -1.35373      1.47066      1.57087      1.73644      -4.6136     -1.55439       2.0447
    -0.77737     0.917322   -0.0161498      1.73644    0.0273483     0.488046     -2.29015
    -0.77737     0.917322   -0.0161498      1.73644     -3.11424    -0.488046     0.851447
     -1.3537       1.4641      1.56978      1.73644     -1.46572      1.55224     -1.09709
     -1.3537       1.4641      1.56978      1.73644     -4.60731     -1.55224       2.0445
    -1.35371      1.47463      1.57147      1.73644     -1.47583      1.55562     -1.09676
    -1.35371      1.47463      1.57147      1.73644     -4.61742     -1.55562      2.04483
   -0.782369     0.917302 -0.000935137      1.73644   0.00158418     0.487849     -2.26314
   -0.782369     0.917302 -0.000935137      1.73644     -3.14001    -0.487849     0.878455
    -1.35373       1.4686      1.57055      1.73644     -1.47003      1.55373     -1.09696
    -1.35373       1.4686      1.57055      1.73644     -4.61162     -1.55373      2.04463