 0.0540517    1.18373 0.00512885    2.13007   -3.11388   0.172271    1.51838
 0.0540517    1.18373 0.00512885    2.13007  0.0277092  -0.172271   -1.62321
 0.0520694    1.18374  0.0135658    2.13007    -3.0684   0.172638    1.47477
 0.0520694    1.18374  0.0135658    2.13007  0.0731918  -0.172638   -1.66682
 0.0548764    1.18373 0.00161844    2.13007   -3.13285   0.172216    1.53656
 0.0548764    1.18373 0.00161844    2.13007 0.00874534  -0.172216   -1.60503
 0.0525769    1.18374  0.0114061    2.13007   -3.08002   0.172513    1.48592
 0.0525769    1.18374  0.0114061    2.13007  0.0615684  -0.172513   -1.65568
 0.0530843    1.18374 0.00924619    2.13007   -3.09166   0.172409    1.49708
 0.0530843    1.18374 0.00924619    2.13007  0.0499283  -0.172409   -1.64452
  0.053909    1.18373 0.00573588    2.13007   -3.11061   0.172286    1.51524
  0.053909    1.18373 0.00573588    2.13007  0.0309872  -0.172286   -1.62636