    0.176946     0.883313   -0.0216381      2.03398    0.0750114     0.225025     -1.35224
    0.162392     0.883297    0.0171622      2.03398   -0.0595407     0.224772     -1.21099
   -0.463547      1.49654      1.57034      2.03398     -1.50454      1.53723     0.126981
   -0.463527      1.50807       1.5714      2.03398      -1.5144      1.54333     0.127375
    0.171318     0.883274  -0.00663549      2.03398    0.0230468     0.224406     -1.29768
    0.156392     0.883371    0.0331565      2.03398    -0.114618     0.225944     -1.15316
   -0.463472      1.48964      1.56953      2.03398     -1.49872      1.53344     0.126788
   -0.463561      1.50117      1.57081      2.03398     -1.50848      1.53972     0.127129
   -0.463472      1.51242       1.5717      2.03398     -1.51816      1.54554     0.127547
    0.180244     0.883355   -0.0304297      2.03398     0.105274     0.225692     -1.38401
     0.16569     0.883276    0.0083686      2.03398    -0.029062     0.224444     -1.24299
   -0.463527      1.49399      1.57005      2.03398     -1.50238      1.53584     0.126906
   -0.463547      1.50552       1.5712      2.03398     -1.51221      1.54201      0.12728
    0.174617     0.883292   -0.0154288      2.03398     0.053541      0.22469      -1.3297
     0.15969     0.883324    0.0243649      2.03398   -0.0844162     0.225208     -1.18488
   -0.463557      1.49863      1.57056      2.03398     -1.50631      1.53836     0.127046
   -0.463508      1.50987      1.57153      2.03398     -1.51595      1.54425     0.127445
    0.183542     0.883411   -0.0392193      2.03398     0.135315      0.22658     -1.41557
    0.168989      0.88327 -0.000425234      2.03398    0.0014776     0.224342     -1.27504
    0.154063     0.883412    0.0393629      2.03398    -0.135803     0.226596      -1.1309
   -0.463502      1.49173      1.56979      2.03398     -1.50048       1.5346     0.126843
   -0.463559      1.50297      1.57098      2.03398     -1.51002      1.54067      0.12719
    0.177915     0.883324   -0.0242213      2.03398    0.0839221     0.225198     -1.36159
    0.162988     0.883292    0.0155726      2.03398   -0.0540384     0.224696     -1.21677
   -0.463544      1.49608      1.57029      2.03398     -1.50415      1.53698     0.126968
   -0.463532      1.50761      1.57136      2.03398       -1.514      1.54309     0.127357
    0.171915     0.883276  -0.00822502      2.03398    0.0285645     0.224441     -1.30348
    0.157361     0.883356    0.0305731      2.03398    -0.105765     0.225704     -1.16246
   -0.463465      1.48918      1.56947      2.03398     -1.49833      1.53318     0.126776
   -0.463561      1.50043      1.57074      2.03398     -1.50785      1.53932     0.127104
   -0.463479      1.51196      1.57167      2.03398     -1.51776      1.54531     0.127528
    0.181213      0.88337   -0.0330122      2.03398     0.114125      0.22593     -1.39331
    0.166287     0.883274   0.00677904      2.03398   -0.0235444     0.224409     -1.24878
   -0.463522      1.49353         1.57      2.03398     -1.50199      1.53559     0.126893
    -0.46355      1.50506      1.57116      2.03398     -1.51181      1.54177     0.127263
    0.175213     0.883296   -0.0170185      2.03398     0.059044     0.224765     -1.33547
    0.160659     0.883314    0.0217817      2.03398   -0.0755063     0.225035     -1.19423
   -0.463556      1.49816      1.57051      2.03398     -1.50592      1.53811     0.127032
   -0.463513      1.50941       1.5715      2.03398     -1.51555      1.54401     0.127426
    0.184138     0.883423   -0.0408074      2.03398     0.140715     0.226763     -1.42124
    0.169585      0.88327   -0.0020151      2.03398   0.00700049     0.224348     -1.28084
    0.154659     0.883401    0.0377742      2.03398    -0.130392     0.226418     -1.13659
   -0.463492      1.49098       1.5697      2.03398     -1.49985      1.53418     0.126823
    -0.46356      1.50251      1.57093      2.03398     -1.50963      1.54043     0.127174
    0.178512     0.883331   -0.0258101      2.03398    0.0893953     0.225314     -1.36734
    0.163957     0.883285     0.012989      2.03398   -0.0450879     0.224589     -1.22617
   -0.463541      1.49562      1.57024      2.03398     -1.50376      1.53673     0.126954
   -0.463536      1.50715      1.57133      2.03398     -1.51361      1.54285      0.12734
    0.172511     0.883279  -0.00981456      2.03398    0.0340804     0.224483     -1.30927
    0.157957     0.883347    0.0289843      2.03398    -0.100311     0.225567     -1.16818
    -0.46356      1.49996      1.57069      2.03398     -1.50745      1.53908     0.127089
    -0.46349      1.51121      1.57162      2.03398     -1.51711      1.54493     0.127498
    0.181809      0.88338   -0.0346013      2.03398     0.119562     0.226086     -1.39902
    0.167256     0.883271   0.00419576      2.03398   -0.0145741     0.224368      -1.2582
   -0.463517      1.49307      1.56995      2.03398     -1.50161      1.53534      0.12688
   -0.463554      1.50431      1.57109      2.03398     -1.51117      1.54138     0.127237
    0.176182     0.883305   -0.0196014      2.03398    0.0679765     0.224903     -1.34485
    0.161255     0.883307    0.0201926      2.03398   -0.0700186     0.224937     -1.19999
   -0.463552      1.49742      1.57043      2.03398     -1.50529      1.53771     0.127008
   -0.463518      1.50895      1.57146      2.03398     -1.51516      1.54377     0.127408
    0.170182     0.883271  -0.00360452      2.03398    0.0125213     0.224361     -1.28664
    0.155628     0.883384    0.0351918      2.03398    -0.121579     0.226145     -1.14585
   -0.463485      1.49052      1.56964      2.03398     -1.49946      1.53393     0.126811
   -0.463561      1.50177      1.57086      2.03398     -1.50899      1.54003     0.127149
    0.179481     0.883344   -0.0283934      2.03398    0.0982815     0.225518     -1.37667
    0.164553     0.883282    0.0113992      2.03398   -0.0395762     0.224532     -1.23195
   -0.463535      1.49487      1.57016      2.03398     -1.50313      1.53632     0.126932
   -0.463541       1.5064      1.57127      2.03398     -1.51296      1.54246     0.127312
     0.17348     0.883284   -0.0123984      2.03398    0.0430414     0.224567     -1.31867
    0.158553     0.883339    0.0273946      2.03398   -0.0948469     0.225436     -1.17392
   -0.463559      1.49922      1.57062      2.03398     -1.50682      1.53868     0.127065
   -0.463497      1.51075      1.57159      2.03398     -1.51671      1.54469     0.127479
    0.182406      0.88339   -0.0361903      2.03398      0.12499     0.226249     -1.40472
    0.167852      0.88327   0.00260539      2.03398  -0.00905018     0.224352     -1.26399
   -0.463509      1.49232      1.56986      2.03398     -1.50097      1.53493     0.126859
   -0.463556      1.50385      1.57105      2.03398     -1.51077      1.54113      0.12722
    0.176779     0.883311   -0.0211915      2.03398    0.0734693     0.224998     -1.35062
    0.161851     0.883302     0.018603      2.03398   -0.0645241     0.224847     -1.20576
    -0.46355      1.49695      1.57038      2.03398     -1.50489      1.53746     0.126994
   -0.463526       1.5082      1.57141      2.03398     -1.51451      1.54339      0.12738
    0.171151     0.883273   -0.0061886      2.03398    0.0214952     0.224398     -1.29606
    0.156224     0.883374    0.0336027      2.03398    -0.116145     0.225987     -1.15155
   -0.463478      1.49006      1.56958      2.03398     -1.49907      1.53367     0.126799
   -0.463561       1.5013      1.57082      2.03398      -1.5086      1.53979     0.127133
    -0.46347      1.51255      1.57171      2.03398     -1.51827       1.5456     0.127553
    0.179704     0.883347   -0.0289893      2.03398     0.100329     0.225567     -1.37882
     0.16515     0.883279    0.0098099      2.03398   -0.0340634     0.224483     -1.23774
   -0.463531      1.49441       1.5701      2.03398     -1.50274      1.53607     0.126918
   -0.463547      1.50565      1.57121      2.03398     -1.51232      1.54207     0.127285
    0.174449     0.883291   -0.0149821      2.03398    0.0519942      0.22467     -1.32807
    0.159522     0.883326     0.024812      2.03398   -0.0859567      0.22524     -1.18326
   -0.463558      1.49875      1.57057      2.03398     -1.50642      1.53843      0.12705
   -0.463503      1.51029      1.57156      2.03398     -1.51631      1.54446     0.127461
    0.183002     0.883401   -0.0377788      2.03398     0.130408     0.226419     -1.41042
    0.168821      0.88327  2.20835e-05      2.03398 -7.63276e-05     0.224342     -1.27341
    0.153895     0.883416    0.0398093      2.03398    -0.137321     0.226647     -1.12931
   -0.463503      1.49186       1.5698      2.03398     -1.50059      1.53467     0.126847
   -0.463557      1.50339      1.57101      2.03398     -1.51038      1.54089     0.127204
    0.177375     0.883318   -0.0227809      2.03398    0.0789552     0.225099     -1.35638
    0.162447     0.883296    0.0170133      2.03398   -0.0590252     0.224765     -1.21153