   -0.266037     0.882466   -0.0384454      1.84525    0.0736495     0.415245      -1.8835
   -0.279854     0.882336  0.000223637      1.84525 -0.000429084     0.414011     -1.80495
   -0.876986       1.4501      1.56957      1.84525      -1.4549      1.53698    -0.559404
   -0.877011      1.46077      1.57141      1.84525     -1.46469      1.54162    -0.558909
   -0.271379     0.882385   -0.0234958      1.84525    0.0450684     0.414472     -1.85319
   -0.285552     0.882359    0.0161699      1.84525   -0.0310284      0.41423      -1.7725
   -0.877016      1.45423      1.57032      1.84525     -1.45868      1.53881    -0.559221
   -0.876972      1.46517      1.57207      1.84525     -1.46875      1.54344    -0.558683
   -0.276722     0.882343  -0.00854158      1.84525     0.016395     0.414072     -1.82279
   -0.290895     0.882421    0.0311216      1.84525   -0.0596609      0.41482     -1.74214
   -0.876957      1.44768       1.5691      1.84525      -1.4527      1.53589    -0.559507
    -0.87702      1.45863      1.57107      1.84525     -1.46272      1.54071    -0.559014
   -0.268248     0.882428   -0.0322589      1.84525    0.0618354      0.41488     -1.87097
    -0.28242     0.882341   0.00740421      1.84525   -0.0142118     0.414057     -1.79033
   -0.877001      1.45181      1.56988      1.84525     -1.45646      1.53775    -0.559329
   -0.876997      1.46275      1.57171      1.84525     -1.46652      1.54245    -0.558809
   -0.273944      0.88236    -0.016316      1.84525    0.0313089     0.414234      -1.8386
   -0.287763      0.88238    0.0223587      1.84525   -0.0428899     0.414429     -1.75992
   -0.877021      1.45621      1.57066      1.84525      -1.4605      1.53968    -0.559129
   -0.876949      1.46688      1.57231      1.84525     -1.47033      1.54413    -0.558593
   -0.279288     0.882337  -0.00136104      1.84525   0.00261286     0.414013     -1.80817
   -0.293459     0.882465    0.0382993      1.84525   -0.0733704     0.415236     -1.72759
   -0.876978      1.44939      1.56943      1.84525     -1.45426      1.53666    -0.559435
   -0.877013      1.46033      1.57134      1.84525     -1.46429      1.54144     -0.55893
   -0.270813     0.882392     -0.02508      1.84525    0.0481019     0.414537     -1.85641
   -0.284631     0.882353    0.0135945      1.84525   -0.0260892     0.414166     -1.77774
   -0.877014      1.45379      1.57024      1.84525     -1.45828      1.53862    -0.559241
    -0.87698      1.46446      1.57197      1.84525      -1.4681      1.54315    -0.558721
   -0.276156     0.882345   -0.0101264      1.84525    0.0194362     0.414097     -1.82601
   -0.290328     0.882413    0.0295377      1.84525   -0.0566321      0.41474     -1.74535
   -0.876951      1.44724      1.56902      1.84525      -1.4523      1.53569    -0.559525
   -0.877021      1.45792      1.57095      1.84525     -1.46206      1.54041    -0.559048
   -0.267682     0.882437   -0.0338427      1.84525    0.0648621     0.414968     -1.87418
   -0.281854     0.882339   0.00581983      1.84525    -0.011171     0.414039     -1.79356
   -0.876998      1.45137       1.5698      1.84525     -1.45607      1.53755    -0.559349
   -0.877001      1.46231      1.57165      1.84525     -1.46612      1.54226    -0.558831
   -0.273024     0.882368   -0.0188915      1.84525    0.0362463      0.41431     -1.84384
   -0.287197     0.882374    0.0207749      1.84525   -0.0398554     0.414372     -1.76314
    -0.87702      1.45577      1.57059      1.84525     -1.46009      1.53949    -0.559149
   -0.876955      1.46644      1.57225      1.84525     -1.46993      1.54396    -0.558616
   -0.278722     0.882337  -0.00294536      1.84525   0.00565406     0.414018      -1.8114
    -0.29254     0.882448    0.0357252      1.84525   -0.0684571     0.415077     -1.73281
   -0.876973      1.44895      1.56935      1.84525     -1.45386      1.53647    -0.559453
   -0.877015       1.4599      1.57127      1.84525     -1.46389      1.54125    -0.558952
   -0.269893     0.882403   -0.0276549      1.84525    0.0530304      0.41465     -1.86164
   -0.284065     0.882349    0.0120098      1.84525   -0.0230491     0.414132     -1.78096
    -0.87701      1.45308      1.57011      1.84525     -1.45763      1.53831    -0.559273
   -0.876985      1.46402       1.5719      1.84525     -1.46769      1.54297    -0.558743
    -0.27559     0.882348    -0.011711      1.84525    0.0224764     0.414126     -1.82923
   -0.289408       0.8824    0.0269632      1.84525   -0.0517063     0.414619     -1.75057
    -0.87694      1.44653      1.56888      1.84525     -1.45165      1.53536    -0.559555
   -0.877021      1.45748      1.57088      1.84525     -1.46166      1.54022    -0.559069
   -0.267116     0.882446   -0.0354262      1.84525    0.0678867     0.415059     -1.87739
   -0.280933     0.882337   0.00324428      1.84525  -0.00622742      0.41402      -1.7988
   -0.876994      1.45093      1.56972      1.84525     -1.45567      1.53736    -0.559368
   -0.877006       1.4616      1.57154      1.84525     -1.46546      1.54197    -0.558867
   -0.272458     0.882373   -0.0204757      1.84525    0.0392826     0.414362     -1.84706
   -0.286631     0.882369    0.0191902      1.84525   -0.0368185     0.414319     -1.76636
   -0.877019      1.45506      1.57046      1.84525     -1.45944      1.53918    -0.559182
   -0.876961        1.466      1.57219      1.84525     -1.46952      1.54378    -0.558639
   -0.277802     0.882339    -0.005521      1.84525    0.0105979     0.414037     -1.81664
   -0.291974     0.882439    0.0341413      1.84525   -0.0654321     0.414985     -1.73601
   -0.876964      1.44824      1.56921      1.84525     -1.45321      1.53614    -0.559484
   -0.877017      1.45946       1.5712      1.84525     -1.46349      1.54107    -0.558973
   -0.269327     0.882411   -0.0292386      1.84525    0.0560603     0.414725     -1.86485
   -0.283145     0.882344   0.00943482      1.84525   -0.0181086     0.414085      -1.7862
   -0.877007      1.45264      1.57004      1.84525     -1.45723      1.53812    -0.559292
   -0.876989      1.46359      1.57184      1.84525     -1.46729      1.54279    -0.558766
    -0.27467     0.882354   -0.0142866      1.84525     0.027417     0.414182     -1.83447
   -0.288842     0.882393    0.0253789      1.84525   -0.0486738     0.414549     -1.75379
   -0.876933       1.4461      1.56879      1.84525     -1.45125      1.53516    -0.559573
   -0.877022      1.45677      1.57076      1.84525     -1.46101      1.53992    -0.559103
    -0.26655     0.882457     -0.03701      1.84525    0.0709104     0.415155      -1.8806
   -0.280367     0.882337   0.00165984      1.84525  -0.00318601     0.414013     -1.80202
    -0.87699       1.4505      1.56964      1.84525     -1.45527      1.53716    -0.559387
   -0.877009      1.46117      1.57147      1.84525     -1.46506      1.54179    -0.558889
   -0.271892     0.882379   -0.0220601      1.84525    0.0423183     0.414418     -1.85028
   -0.286065     0.882364     0.017606      1.84525   -0.0337818      0.41427     -1.76958
   -0.877016      1.45435      1.57034      1.84525     -1.45879      1.53887    -0.559215
    -0.87697      1.46529      1.57209      1.84525     -1.46887      1.54349    -0.558677
   -0.277235     0.882341  -0.00710562      1.84525    0.0136392     0.414053     -1.81986
   -0.291054     0.882424    0.0315664      1.84525   -0.0605114     0.414843     -1.74123
   -0.876958       1.4478      1.56913      1.84525     -1.45281      1.53594    -0.559502
   -0.877019      1.45875      1.57109      1.84525     -1.46283      1.54077    -0.559008
   -0.268407     0.882425   -0.0318134      1.84525    0.0609839     0.414857     -1.87007
   -0.282579     0.882342   0.00784999      1.84525   -0.0150673     0.414062     -1.78942
   -0.877004       1.4522      1.56996      1.84525     -1.45683      1.53792    -0.559312
   -0.876993      1.46315      1.57177      1.84525     -1.46689      1.54261    -0.558788
    -0.27375     0.882361   -0.0168612      1.84525    0.0323542     0.414249     -1.83971
   -0.287922     0.882382    0.0228044      1.84525   -0.0437436     0.414446     -1.75902
   -0.877021      1.45633      1.57068      1.84525     -1.46061      1.53973    -0.559123
   -0.876943      1.46727      1.57237      1.84525      -1.4707      1.54429    -0.558571
    -0.26563     0.882474   -0.0395842      1.84525    0.0758219     0.415319     -1.88581
   -0.279801     0.882336  7.49826e-05      1.84525 -0.000143728     0.414011     -1.80525