   -0.235684      1.52336      1.57035      1.94579     -1.52681      1.55301     0.182005
   -0.235701      1.53464      1.57103      1.94579     -1.53706      1.55777     0.182174
    0.386491      0.92234   -0.0188968      1.94579    0.0556974     0.273948     -1.20625
    0.372335      0.92235    0.0216888      1.94579   -0.0639025     0.274094     -1.08075
   -0.235711      1.52761      1.57065      1.94579     -1.53066      1.55484     0.182056
    -0.23566      1.53889      1.57119      1.94579     -1.54096      1.55948     0.182268
    0.381153     0.922311  -0.00359502      1.94579    0.0106082     0.273505     -1.15894
    0.366999     0.922425    0.0369869      1.94579    -0.108661     0.275246     -1.03376
   -0.235655      1.52086      1.57015      1.94579     -1.52457      1.55191     0.181982
   -0.235712      1.53215      1.57091      1.94579     -1.53479      1.55675     0.182127
    0.389618     0.922375   -0.0278636      1.94579    0.0820153     0.274487     -1.23387
    0.375463     0.922324    0.0127214      1.94579   -0.0375191     0.273697     -1.10843
     -0.2357       1.5254       1.5705      1.94579     -1.52866       1.5539     0.182027
   -0.235687       1.5364      1.57111      1.94579     -1.53868      1.55849     0.182211
    0.383928     0.922321     -0.01155      1.94579    0.0340679      0.27366     -1.18355
    0.370126     0.922376    0.0280212      1.94579    -0.082476     0.274498     -1.06125
   -0.235715      1.52965      1.57077      1.94579     -1.53252      1.55571     0.182086
    0.392746     0.922424   -0.0368285      1.94579     0.108201     0.275231     -1.26136
    0.378591     0.922311    0.0037533      1.94579   -0.0110746     0.273506     -1.13618
   -0.235679      1.52291      1.57031      1.94579     -1.52641      1.55281        0.182
   -0.235705      1.53391        1.571      1.94579     -1.53639      1.55747      0.18216
    0.387056     0.922346   -0.0205182      1.94579    0.0604637      0.27403     -1.21125
    0.373254     0.922341    0.0190547      1.94579    -0.056161     0.273956     -1.08887
   -0.235709      1.52716      1.57062      1.94579     -1.53025      1.55465      0.18205
   -0.235666      1.53844      1.57118      1.94579     -1.54055      1.55931     0.182257
    0.381719     0.922313  -0.00521621      1.94579    0.0153912     0.273523     -1.16395
    0.367564     0.922415    0.0353657      1.94579    -0.103938     0.275095     -1.03872
   -0.235649      1.52041      1.57011      1.94579     -1.52416      1.55171     0.181978
   -0.235714       1.5317      1.57089      1.94579     -1.53438      1.55656     0.182119
    0.390184     0.922383   -0.0294843      1.94579    0.0867596     0.274606     -1.23885
    0.376382     0.922319    0.0100865      1.94579   -0.0297535     0.273619     -1.11658
   -0.235695      1.52467      1.57045      1.94579       -1.528      1.55358     0.182019
   -0.235691      1.53595      1.57109      1.94579     -1.53826       1.5583     0.182201
    0.384847     0.922327   -0.0141853      1.94579    0.0418318     0.273747      -1.1917
    0.370691     0.922369    0.0264011      1.94579   -0.0777297     0.274385     -1.06623
   -0.235715      1.52892      1.57073      1.94579     -1.53185       1.5554     0.182074
   -0.235643       1.5402      1.57124      1.94579     -1.54217         1.56       0.1823
    0.379156     0.922311   0.00213176      1.94579  -0.00629009     0.273494      -1.1412
   -0.235671      1.52217      1.57025      1.94579     -1.52575      1.55249     0.181993
   -0.235707      1.53346      1.57098      1.94579     -1.53598      1.55729     0.182151
    0.387975     0.922355   -0.0231528      1.94579    0.0682022     0.274178     -1.21938
    0.373819     0.922336    0.0174333      1.94579    -0.051392      0.27388     -1.09388
   -0.235707      1.52671      1.57059      1.94579     -1.52985      1.55446     0.182044
   -0.235674      1.53771      1.57115      1.94579     -1.53988      1.55901      0.18224
    0.382284     0.922314  -0.00683716      1.94579    0.0201727     0.273548     -1.16897
    0.368483       0.9224    0.0327317      1.94579   -0.0962522     0.274866     -1.04679
   -0.235643      1.51996      1.57007      1.94579     -1.52376      1.55151     0.181975
   -0.235715      1.53096      1.57085      1.94579     -1.53371      1.55626     0.182107
    0.390749     0.922392    -0.031105      1.94579    0.0914996     0.274732     -1.24383
    0.376947     0.922316   0.00846556      1.94579   -0.0249745      0.27358      -1.1216
   -0.235691      1.52422      1.57041      1.94579     -1.52759      1.55338     0.182014
   -0.235697      1.53522      1.57106      1.94579     -1.53759      1.55801     0.182186
    0.385413     0.922331   -0.0158058      1.94579     0.046603      0.27381     -1.19671
     0.37161     0.922358    0.0237662      1.94579   -0.0700018     0.274215     -1.07434
   -0.235714      1.52847       1.5707      1.94579     -1.53144      1.55521     0.182068
   -0.235649      1.53975      1.57122      1.94579     -1.54175      1.55982     0.182288
    0.380075      0.92231 -0.000504822      1.94579   0.00148997     0.273488     -1.14937
   -0.235666      1.52172      1.57022      1.94579     -1.52534      1.55229     0.181989
   -0.235709      1.53301      1.57095      1.94579     -1.53557       1.5571     0.182143
     0.38854     0.922362   -0.0247737      1.94579    0.0729585     0.274278     -1.22437
    0.374385     0.922331    0.0158129      1.94579   -0.0466234      0.27381     -1.09888
   -0.235704      1.52598      1.57054      1.94579     -1.52918      1.55414     0.182034
   -0.235679      1.53726      1.57114      1.94579     -1.53946      1.55883      0.18223
    0.383204     0.922318   -0.0094732      1.94579    0.0279462     0.273603     -1.17713
    0.369048     0.922392    0.0311114      1.94579   -0.0915178     0.274733     -1.05176
   -0.235632      1.51923      1.57001      1.94579      -1.5231      1.55118      0.18197
   -0.235715      1.53051      1.57082      1.94579      -1.5333      1.55607     0.182099
    0.391668     0.922406   -0.0337391      1.94579    0.0991937     0.274951     -1.25191
    0.377513     0.922314   0.00684354      1.94579   -0.0201909     0.273548     -1.12662
   -0.235685      1.52348      1.57036      1.94579     -1.52693      1.55306     0.182006
     -0.2357      1.53477      1.57104      1.94579     -1.53718      1.55783     0.182177
    0.385978     0.922336   -0.0174277      1.94579    0.0513762     0.273879     -1.20172
    0.372176     0.922351    0.0221453      1.94579   -0.0652434     0.274119     -1.07934
   -0.235712      1.52802      1.57067      1.94579     -1.53103      1.55502     0.182061
   -0.235655       1.5393      1.57121      1.94579     -1.54134      1.55965     0.182277
    0.380641     0.922311   -0.0021244      1.94579   0.00626901     0.273494     -1.15438
   -0.235661      1.52127      1.57018      1.94579     -1.52493      1.55209     0.181985
   -0.235712      1.53227      1.57092      1.94579      -1.5349       1.5568     0.182129
    0.389106     0.922369   -0.0263949      1.94579    0.0777121     0.274385     -1.22936
     0.37495     0.922327    0.0141915      1.94579   -0.0418493     0.273747     -1.10389
   -0.235701      1.52553      1.57051      1.94579     -1.52877      1.55395     0.182029
   -0.235686      1.53653      1.57111      1.94579     -1.53879      1.55854     0.182214
    0.383415     0.922319   -0.0100797      1.94579    0.0297343     0.273619     -1.17901
    0.369613     0.922383    0.0294914      1.94579   -0.0867797     0.274607     -1.05673
   -0.235715      1.52978      1.57078      1.94579     -1.53263      1.55576     0.182088
    0.392587     0.922421    -0.036373      1.94579     0.106874     0.275188     -1.25997
    0.378432     0.922312   0.00420848      1.94579   -0.0124175     0.273511     -1.13477
   -0.235683      1.52331      1.57034      1.94579     -1.52678      1.55299     0.182004
   -0.235704      1.53403        1.571      1.94579     -1.53651      1.55753     0.182162