   0.376049    0.903845 -0.00623634     1.92316   0.0158344    0.314633     1.92793
   0.361782    0.903941   0.0339169     1.92316  -0.0858843    0.315858     2.03522
   0.384581    0.903921  -0.0302463     1.92316   0.0766338    0.315599      1.8638
    0.37067    0.903849  0.00890476     1.92316  -0.0226068    0.314677     1.96847
   0.379202    0.903862  -0.0151094     1.92316   0.0383455    0.314842     1.90419
   0.364934    0.903896   0.0250458     1.92316  -0.0635009    0.315282      2.0116
   0.373466    0.903842  0.00103417     1.92316 -0.00262573    0.314591      1.9474
   0.382355    0.903892   -0.023982     1.92316   0.0608119    0.315225     1.88049
   0.368087    0.903864   0.0161738     1.92316  -0.0410429    0.314879     1.98792
   0.376619    0.903847 -0.00783986     1.92316   0.0199046    0.314658     1.92364
   0.362708    0.903927     0.03131     1.92316  -0.0793156    0.315671     2.02829
   0.385507    0.903935  -0.0328526     1.92316   0.0832041     0.31578     1.85687
    0.37124    0.903846  0.00729975     1.92316  -0.0185332    0.314648     1.96418
   0.379772    0.903866  -0.0167137     1.92316   0.0424118    0.314898      1.8999
    0.36586    0.903885   0.0224399     1.92316  -0.0569108    0.315146     2.00465
   0.374393    0.903842  -0.0015738     1.92316  0.00399652    0.314592     1.94042
   0.382925    0.903898  -0.0255852     1.92316   0.0648648    0.315312     1.87622
   0.368657     0.90386    0.014569     1.92316  -0.0369749    0.314824     1.98362
   0.377546    0.903851  -0.0104469     1.92316   0.0265205     0.31471     1.91666
   0.363278    0.903918   0.0297075     1.92316  -0.0752739    0.315563     2.02402
   0.386077    0.903944  -0.0344561     1.92316   0.0872425    0.315899     1.85261
    0.37181    0.903845   0.0056957     1.92316  -0.0144614    0.314625     1.95988
   0.380342    0.903871   -0.018317     1.92316   0.0464741     0.31496     1.89562
    0.36643    0.903879   0.0208347     1.92316  -0.0528485    0.315069     2.00037
   0.374963    0.903843 -0.00317776     1.92316   0.0080692    0.314601     1.93612
   0.361052    0.903954   0.0359704     1.92316   -0.091053    0.316017     2.04067
   0.383494    0.903906  -0.0271895     1.92316   0.0689178    0.315406     1.87194
   0.369583    0.903854   0.0119627     1.92316  -0.0303653    0.314748     1.97665
   0.378115    0.903854  -0.0120513     1.92316   0.0305907     0.31475     1.91237
   0.363848     0.90391    0.028103     1.92316  -0.0712241    0.315461     2.01975
   0.386647    0.903954  -0.0360594     1.92316   0.0912774    0.316023     1.84835
   0.372736    0.903843  0.00308886     1.92316 -0.00784292      0.3146      1.9529
   0.381268     0.90388  -0.0209243     1.92316   0.0530761    0.315073     1.88865
      0.367    0.903874   0.0192315     1.92316  -0.0487895    0.314998     1.99609
   0.375533    0.903844 -0.00478181     1.92316   0.0121418    0.314615     1.93182
   0.361622    0.903944   0.0343667     1.92316   -0.087017    0.315892     2.03641
   0.384064    0.903913  -0.0287931     1.92316   0.0729669    0.315504     1.86767
   0.370153    0.903851   0.0103582     1.92316  -0.0262949    0.314708     1.97236
   0.378685    0.903858  -0.0136558     1.92316   0.0346599    0.314796     1.90808
   0.364418    0.903902      0.0265     1.92316  -0.0671756    0.315365     2.01548
   0.387216    0.903964  -0.0376628     1.92316   0.0953089    0.316153      1.8441
    0.37295    0.903842  0.00248781     1.92316 -0.00631679    0.314596     1.95129
   0.382194     0.90389  -0.0235309     1.92316   0.0596711    0.315201      1.8817
   0.367927    0.903866   0.0166248     1.92316   -0.042186    0.314895     1.98912