  -0.348774     1.04124  -0.0111779     1.89708   0.0477463    0.203521    -1.76675
  -0.348774     1.04124  -0.0111779     1.89708    -3.09385   -0.203521     1.37484
  -0.353634     1.04123  0.00567883     1.89708  -0.0242713    0.203339    -1.69256
  -0.353634     1.04123  0.00567883     1.89708    -3.16586   -0.203339     1.44903
  -0.350785     1.04123  -0.0042015     1.89708   0.0179597     0.20331    -1.73607
  -0.350785     1.04123  -0.0042015     1.89708    -3.12363    -0.20331     1.40553
  -0.355967     1.04124   0.0137723     1.89708  -0.0588025    0.203647    -1.65699
  -0.355967     1.04124   0.0137723     1.89708     -3.2004   -0.203647      1.4846
  -0.959372     1.65902     1.57131     1.89708    -1.65423     1.59953   -0.429078
  -0.959372     1.65902     1.57131     1.89708    -4.79582    -1.59953     2.71251
  -0.348259     1.04124  -0.0129647     1.89708   0.0553627    0.203605     -1.7746
  -0.348259     1.04124  -0.0129647     1.89708    -3.08623   -0.203605     1.36699
  -0.353119     1.04123   0.0038926     1.89708  -0.0166387    0.203305    -1.70043
  -0.353119     1.04123   0.0038926     1.89708    -3.15823   -0.203305     1.44117
   -0.95938     1.66076      1.5711     1.89708    -1.65594     1.59988   -0.429117
   -0.95938     1.66076      1.5711     1.89708    -4.79753    -1.59988     2.71248
   -0.35027     1.04123 -0.00598747     1.89708   0.0255907    0.203346    -1.74393
   -0.35027     1.04123 -0.00598747     1.89708      -3.116   -0.203346     1.39766
   -0.35513     1.04124   0.0108701     1.89708   -0.046433    0.203507    -1.66973
   -0.35513     1.04124   0.0108701     1.89708    -3.18803   -0.203507     1.47186
  -0.959367      1.6583      1.5714     1.89708    -1.65351     1.59938   -0.429061
  -0.959367      1.6583      1.5714     1.89708    -4.79511    -1.59938     2.71253
  -0.347422     1.04125  -0.0158672     1.89708   0.0677199    0.203769    -1.78733
  -0.347422     1.04125  -0.0158672     1.89708    -3.07387   -0.203769     1.35426
  -0.352604     1.04123  0.00210685     1.89708 -0.00900603    0.203285    -1.70829
  -0.352604     1.04123  0.00210685     1.89708     -3.1506   -0.203285      1.4333
  -0.959378     1.66031     1.57115     1.89708     -1.6555     1.59979   -0.429107
  -0.959378     1.66031     1.57115     1.89708    -4.79709    -1.59979     2.71249
  -0.349755     1.04124 -0.00777259     1.89708   0.0332149    0.203394    -1.75178
  -0.349755     1.04124 -0.00777259     1.89708    -3.10838   -0.203394     1.38981
  -0.354615     1.04124  0.00908461     1.89708   -0.038815    0.203437    -1.67758
  -0.354615     1.04124  0.00908461     1.89708    -3.18041   -0.203437     1.46401
  -0.959364     1.65786     1.57145     1.89708    -1.65308     1.59929    -0.42905
  -0.959364     1.65786     1.57145     1.89708    -4.79467    -1.59929     2.71254
  -0.346907     1.04125  -0.0176533     1.89708    0.075313    0.203886    -1.79515
  -0.346907     1.04125  -0.0176533     1.89708    -3.06628   -0.203886     1.34644
  -0.352089     1.04123  0.00032106     1.89708  -0.0013721    0.203276    -1.71615
  -0.352089     1.04123  0.00032106     1.89708    -3.14296   -0.203276     1.42544
  -0.356949     1.04125   0.0171778     1.89708  -0.0732917    0.203854    -1.64206
  -0.356949     1.04125   0.0171778     1.89708    -3.21488   -0.203854     1.49953
  -0.959376     1.65987     1.57121     1.89708    -1.65506      1.5997   -0.429098
  -0.959376     1.65987     1.57121     1.89708    -4.79665     -1.5997      2.7125
  -0.348918     1.04124  -0.0106762     1.89708   0.0456068    0.203499    -1.76455
  -0.348918     1.04124  -0.0106762     1.89708    -3.09599   -0.203499     1.37704
    -0.3541     1.04124  0.00729886     1.89708  -0.0311911     0.20338    -1.68543
    -0.3541     1.04124  0.00729886     1.89708    -3.17278    -0.20338     1.45616
  -0.351252     1.04123 -0.00258204     1.89708   0.0110381    0.203289    -1.72894
  -0.351252     1.04123 -0.00258204     1.89708    -3.13055   -0.203289     1.41266
  -0.356112     1.04124   0.0142746     1.89708  -0.0609412    0.203675    -1.65479
  -0.356112     1.04124   0.0142746     1.89708    -3.20253   -0.203675     1.48681
  -0.959374     1.65942     1.57126     1.89708    -1.65462     1.59961   -0.429088
  -0.959374     1.65942     1.57126     1.89708    -4.79622    -1.59961      2.7125
  -0.348081     1.04124  -0.0135785     1.89708   0.0579779    0.203637    -1.77729
  -0.348081     1.04124  -0.0135785     1.89708    -3.08361   -0.203637      1.3643