   0.275536    0.848001  -0.0230245     2.07581   0.0797083    0.218581    -1.28588
     0.2604    0.847972    0.015257     2.07581  -0.0528877     0.21816    -1.14623
  -0.374168     1.46168     1.57031     2.07581    -1.47545     1.51766    0.230721
  -0.374132     1.47304     1.57185     2.07581    -1.48467     1.52448    0.231375
   0.269684    0.847956  -0.0082227     2.07581   0.0285253    0.217925    -1.23197
   0.254161    0.848044   0.0310371     2.07581   -0.107239    0.219193    -1.08898
  -0.374099     1.45443     1.56914     2.07581    -1.46964     1.51315    0.230337
  -0.374175     1.46607     1.57094     2.07581      -1.479     1.52033    0.230966
   0.278966    0.848048  -0.0316984     2.07581    0.109505    0.219252    -1.31727
   0.263831    0.847953  0.00658065     2.07581  -0.0228307    0.217891    -1.17789
  -0.374152     1.45911     1.56991     2.07581    -1.47338     1.51607    0.230582
  -0.374155     1.47046     1.57153     2.07581    -1.48257     1.52296    0.231221
   0.273114    0.847977  -0.0168981     2.07581   0.0585633    0.218234     -1.2636
    0.25759    0.847998   0.0223639     2.07581  -0.0774308    0.218539    -1.12038
  -0.374174      1.4635     1.57058     2.07581    -1.47692     1.51877    0.230821
  -0.374106     1.47514      1.5721     2.07581     -1.4864     1.52571    0.231504
   0.282395    0.848109  -0.0403705     2.07581    0.139078    0.220132    -1.34844
   0.267261     0.84795 -0.00209576     2.07581  0.00727275    0.217835    -1.20959
   0.251739    0.848085   0.0371617     2.07581   -0.128163    0.219782    -1.06692
  -0.374127     1.45654     1.56949     2.07581    -1.47133     1.51447    0.230446
   -0.37417     1.46789     1.57119     2.07581    -1.48047     1.52142     0.23107
   0.276544    0.848013  -0.0255731     2.07581   0.0884823    0.218756    -1.29512
    0.26102    0.847968   0.0136883     2.07581  -0.0474594    0.218095    -1.15195
  -0.374164     1.46093     1.57019     2.07581    -1.47484     1.51719     0.23068
  -0.374137     1.47257     1.57179     2.07581    -1.48429      1.5242    0.231347
   0.270304    0.847959 -0.00979063     2.07581   0.0339603    0.217965    -1.23769
   0.255168    0.848029   0.0284889     2.07581   -0.098501    0.218979    -1.09818
  -0.374093     1.45397     1.56906     2.07581    -1.46927     1.51286    0.230313
  -0.374175     1.46561     1.57088     2.07581    -1.47862     1.52005     0.23094
  -0.374079     1.47696     1.57231     2.07581    -1.48789     1.52676    0.231617
   0.279586    0.848058  -0.0332666     2.07581     0.11487    0.219396    -1.32293
   0.264451    0.847952  0.00501233     2.07581  -0.0173909    0.217865    -1.18362
   0.249318    0.848133    0.043285     2.07581   -0.148957    0.220475      -1.045
  -0.374148     1.45865     1.56983     2.07581    -1.47301     1.51578    0.230557
  -0.374159        1.47     1.57147     2.07581    -1.48219     1.52268    0.231194
   0.273734    0.847983  -0.0184666     2.07581   0.0639835    0.218313    -1.26931
    0.25821    0.847992   0.0207958     2.07581  -0.0720233    0.218443    -1.12608
  -0.374173     1.46304     1.57051     2.07581    -1.47654     1.51849    0.230796
  -0.374116     1.47439     1.57201     2.07581    -1.48578     1.52527    0.231457
   0.283402     0.84813  -0.0429172     2.07581    0.147713     0.22043    -1.35754
   0.267881    0.847951 -0.00366408     2.07581   0.0127143    0.217848    -1.21532
   0.252359    0.848073   0.0355941     2.07581   -0.122819    0.219622    -1.07256
  -0.374121     1.45607     1.56942     2.07581    -1.47095     1.51418    0.230422
  -0.374172     1.46743     1.57113     2.07581    -1.48009     1.52114    0.231044
   0.277164    0.848021   -0.027141     2.07581   0.0938725    0.218873     -1.3008
   0.262028    0.847961    0.011139     2.07581  -0.0386314    0.218005    -1.16125
  -0.374162     1.46046     1.57012     2.07581    -1.47447     1.51691    0.230655
  -0.374141     1.47211     1.57174     2.07581    -1.48391     1.52393    0.231319
   0.271312    0.847964  -0.0123402     2.07581   0.0427927    0.218046    -1.24699
   0.255788     0.84802   0.0269212     2.07581  -0.0931166    0.218856    -1.10386
  -0.374086      1.4535     1.56898     2.07581    -1.46891     1.51256    0.230289
  -0.374176     1.46485     1.57077     2.07581    -1.47801     1.51959    0.230897
  -0.374086     1.47649     1.57225     2.07581    -1.48751     1.52649    0.231588
   0.280593    0.848075  -0.0358141     2.07581     0.12357    0.219644    -1.33209
   0.265071     0.84795  0.00344375     2.07581  -0.0119491    0.217846    -1.18935
   0.249937     0.84812   0.0417178     2.07581   -0.143648    0.220288     -1.0506
  -0.374141     1.45789     1.56971     2.07581    -1.47241     1.51532    0.230517
  -0.374162     1.46953     1.57141     2.07581    -1.48181      1.5224    0.231166
   0.274354    0.847989   -0.020035     2.07581   0.0693989    0.218398    -1.27502
   0.259218    0.847982   0.0182467     2.07581  -0.0632229    0.218302    -1.13535
  -0.374171     1.46228      1.5704     2.07581    -1.47593     1.51802    0.230754
  -0.374122     1.47392     1.57196     2.07581     -1.4854     1.52499    0.231429
   0.284022    0.848143   -0.044485     2.07581    0.153017    0.220622    -1.36314
   0.268501    0.847952 -0.00523233     2.07581   0.0181549    0.217868    -1.22105
   0.253366    0.848056   0.0330461     2.07581   -0.114115    0.219375    -1.08173
  -0.374112     1.45532     1.56929     2.07581    -1.47035     1.51371    0.230382
  -0.374173     1.46696     1.57107     2.07581    -1.47972     1.52086    0.231017
   0.278172    0.848036  -0.0296902     2.07581    0.102623    0.219078    -1.31002
   0.262648    0.847958  0.00957102     2.07581  -0.0331983    0.217959    -1.16697
  -0.374159        1.46     1.57005     2.07581     -1.4741     1.51662     0.23063
  -0.374148     1.47135     1.57164     2.07581    -1.48329     1.52348    0.231274
   0.271932    0.847968  -0.0139087     2.07581    0.048223    0.218104    -1.25271
   0.256408    0.848012   0.0253535     2.07581  -0.0877262     0.21874    -1.10954
  -0.374073     1.45275     1.56885     2.07581     -1.4683     1.51208    0.230251
  -0.374175     1.46439     1.57071     2.07581    -1.47763     1.51931    0.230871
  -0.374093     1.47603      1.5722     2.07581    -1.48713     1.52622    0.231559
   0.281213    0.848086  -0.0373821     2.07581    0.128915    0.219805    -1.33773
   0.266079    0.847949 0.000894397     2.07581 -0.00310324     0.21783    -1.19866
   0.250557    0.848107     0.04015     2.07581   -0.138328    0.220107    -1.05621
  -0.374136     1.45743     1.56964     2.07581    -1.47203     1.51503    0.230493
  -0.374166     1.46878     1.57131     2.07581    -1.48119     1.52195    0.231122
   0.275362    0.847999  -0.0225835     2.07581   0.0781887    0.218552    -1.28428
   0.260226    0.847973   0.0156978     2.07581  -0.0544123    0.218179    -1.14463
  -0.374169     1.46182     1.57033     2.07581    -1.47556     1.51774    0.230728
  -0.374127     1.47346      1.5719     2.07581    -1.48501     1.52472    0.231401
   0.269509    0.847955 -0.00778118     2.07581   0.0269945    0.217915    -1.23036
   0.253986    0.848046   0.0314786     2.07581   -0.108751    0.219232    -1.08738
  -0.374105     1.45485     1.56921     2.07581    -1.46998     1.51342    0.230358
  -0.374175      1.4662     1.57096     2.07581     -1.4791     1.52041    0.230974
   0.278792    0.848045  -0.0312573     2.07581    0.107994    0.219213    -1.31568
   0.263269    0.847956  0.00800249     2.07581  -0.0277611     0.21792     -1.1727
  -0.374153     1.45924     1.56993     2.07581    -1.47349     1.51615    0.230589
  -0.374152     1.47088     1.57159     2.07581    -1.48291     1.52321    0.231246
   0.272552    0.847973  -0.0154766     2.07581   0.0536481    0.218169    -1.25843
   0.257416       0.848   0.0228045     2.07581  -0.0789495    0.218567    -1.11878
  -0.374065     1.45228     1.56876     2.07581    -1.46794     1.51179    0.230227
  -0.374175     1.46392     1.57064     2.07581    -1.47726     1.51903    0.230845
    -0.3741     1.47556     1.57215     2.07581    -1.48674     1.52595     0.23153
   0.281833    0.848098  -0.0389494     2.07581    0.134249    0.219974    -1.34335
   0.266311    0.847949 0.000307471     2.07581 -0.00106655    0.217829    -1.20081
   0.251565    0.848088   0.0376026     2.07581   -0.129665    0.219829    -1.06534
  -0.374128     1.45667     1.56951     2.07581    -1.47143     1.51455    0.230453
  -0.374168     1.46831     1.57125     2.07581    -1.48081     1.52168    0.231095
   0.275982    0.848006  -0.0241518     2.07581   0.0835911    0.218656    -1.28997
   0.260458    0.847972   0.0151101     2.07581  -0.0523794    0.218153    -1.14677