    -0.33865     0.850808   -0.0214297      1.64533    0.0267732     0.645744      1.19663
   -0.352142     0.850795    0.0174038      1.64533    -0.021745      0.64566       1.2475
   -0.900935      1.35642      1.56733      1.64533     -1.35724      1.55158      2.31276
   -0.901017      1.36657      1.57089      1.64533     -1.36711      1.55578      2.31358
    -0.90093      1.37645      1.57403      1.64533     -1.37675      1.55958      2.31442
   -0.343736     0.850773  -0.00678933      1.64533   0.00848424     0.645522      1.21581
   -0.357228     0.850857    0.0320425      1.64533   -0.0400196     0.646048      1.26666
   -0.900989       1.3605       1.5688      1.64533     -1.36121      1.55331      2.31308
   -0.901003      1.37039      1.57214      1.64533     -1.37083      1.55729       2.3139
   -0.335669     0.850846   -0.0300094      1.64533    0.0374832     0.645981       1.1854
    -0.34916     0.850776   0.00882232      1.64533   -0.0110243     0.645539      1.23626
   -0.901014      1.36432      1.57013      1.64533     -1.36493      1.55488       2.3134
   -0.900961      1.37447      1.57342      1.64533     -1.37481      1.55884      2.31425
   -0.340755     0.850789   -0.0153699      1.64533    0.0192047     0.645624      1.20457
   -0.354247     0.850816    0.0234636      1.64533   -0.0293126     0.645793      1.25543
   -0.900963      1.35826        1.568      1.64533     -1.35903      1.55236       2.3129
   -0.901014      1.36815      1.57141      1.64533     -1.36865      1.55641      2.31371
   -0.332688     0.850897   -0.0385861      1.64533    0.0481805     0.646296      1.17419
   -0.346179     0.850769  0.000240952      1.64533 -0.000300976     0.645497      1.22502
   -0.359333     0.850894    0.0380991      1.64533   -0.0475731     0.646276      1.27458
   -0.901002      1.36208      1.56936      1.64533     -1.36275      1.55397      2.31321
   -0.900987      1.37223      1.57272      1.64533     -1.37262      1.55799      2.31405
   -0.338111     0.850814   -0.0229813      1.64533    0.0287106     0.645781       1.1946
   -0.351266     0.850788    0.0148833      1.64533   -0.0185967     0.645616       1.2442
   -0.900928      1.35602      1.56719      1.64533     -1.35685      1.55141      2.31272
   -0.901017      1.36616      1.57075      1.64533     -1.36672      1.55562      2.31355
   -0.900937      1.37605      1.57391      1.64533     -1.37635      1.55943      2.31438
   -0.343198     0.850775  -0.00833994      1.64533    0.0104218     0.645534      1.21377
   -0.356352     0.850844    0.0295217      1.64533   -0.0368744     0.645965      1.26336
   -0.900982      1.35984      1.56857      1.64533     -1.36057      1.55303      2.31303
   -0.901006      1.36998      1.57201      1.64533     -1.37044      1.55713      2.31387
    -0.33513     0.850855   -0.0315602      1.64533    0.0394181     0.646032      1.18337
   -0.348285     0.850772   0.00630173      1.64533  -0.00787469     0.645518      1.23296
   -0.901012      1.36392      1.56999      1.64533     -1.36453      1.55472      2.31336
    -0.90097      1.37381      1.57322      1.64533     -1.37417      1.55859      2.31419
   -0.340216     0.850794   -0.0169217      1.64533    0.0211431     0.645651      1.20253
   -0.353708      0.85081    0.0219119      1.64533   -0.0273751     0.645755       1.2534
   -0.900953       1.3576      1.56777      1.64533     -1.35839      1.55209      2.31285
   -0.901015      1.36774      1.57128      1.64533     -1.36826      1.55625      2.31368
    -0.33215     0.850908   -0.0401375      1.64533    0.0501143     0.646362      1.17216
   -0.345303     0.850769  -0.00228044      1.64533   0.00284989       0.6455      1.22171
   -0.358794     0.850884    0.0365495      1.64533   -0.0456411     0.646214      1.27255
   -0.900999      1.36168      1.56922      1.64533     -1.36235       1.5538      2.31318
   -0.900994      1.37157      1.57252      1.64533     -1.37198      1.55774        2.314
   -0.337235     0.850825   -0.0255021      1.64533    0.0318578     0.645846       1.1913
   -0.350727     0.850784    0.0133316      1.64533   -0.0166582     0.645593      1.24217
   -0.900916      1.35536      1.56694      1.64533     -1.35621      1.55112      2.31267
   -0.901017       1.3655      1.57053      1.64533     -1.36607      1.55536      2.31349
   -0.900944      1.37564      1.57378      1.64533     -1.37596      1.55928      2.31435
   -0.342659     0.850777  -0.00989193      1.64533     0.012361      0.64555      1.21174
   -0.355813     0.850836    0.0279707      1.64533   -0.0349387     0.645917      1.26133
   -0.900977      1.35944      1.56843      1.64533     -1.36017      1.55286        2.313
   -0.901008      1.36958      1.57188      1.64533     -1.37005      1.55697      2.31383
   -0.334591     0.850863   -0.0331105      1.64533    0.0413523     0.646086      1.18135
   -0.347746     0.850771   0.00474963      1.64533   -0.0059352     0.645509      1.23092
   -0.901009      1.36326      1.56977      1.64533     -1.36389      1.55445      2.31331
   -0.900975       1.3734      1.57309      1.64533     -1.37377      1.55844      2.31415
   -0.339677     0.850798   -0.0184721      1.64533    0.0230796      0.64568       1.2005
   -0.352832     0.850801     0.019391      1.64533    -0.024227     0.645699       1.2501
   -0.900947      1.35719      1.56762      1.64533     -1.35799      1.55191      2.31282
   -0.901016      1.36734      1.57115      1.64533     -1.36786      1.55609      2.31365
   -0.331611     0.850919   -0.0416879      1.64533    0.0520465      0.64643      1.17013
   -0.344764      0.85077  -0.00383109      1.64533   0.00478764     0.645505      1.21968
   -0.358255     0.850874    0.0349985      1.64533   -0.0437069     0.646155      1.27053
   -0.900996      1.36127      1.56908      1.64533     -1.36196      1.55363      2.31315
   -0.900997      1.37116      1.57239      1.64533     -1.37159      1.55759      2.31396
   -0.336696     0.850832   -0.0270523      1.64533    0.0337928      0.64589      1.18927
   -0.350188     0.850781    0.0117804      1.64533   -0.0147202     0.645572      1.24013
   -0.901015      1.36484      1.57031      1.64533     -1.36543      1.55509      2.31344
    -0.90095      1.37524      1.57366      1.64533     -1.37556      1.55913      2.31431
    -0.34212      0.85078   -0.0114424      1.64533    0.0142982     0.645567      1.20971
   -0.355274     0.850829    0.0264201      1.64533   -0.0330034     0.645872       1.2593
   -0.900973      1.35903      1.56828      1.64533     -1.35978      1.55269      2.31297
   -0.901011      1.36892      1.57167      1.64533      -1.3694      1.55672      2.31378
   -0.333716     0.850878   -0.0356304      1.64533    0.0444952     0.646178      1.17805
   -0.347207      0.85077   0.00319844      1.64533   -0.0039968     0.645503      1.22889
    -0.36036     0.850914    0.0410553      1.64533   -0.0512579     0.646402      1.27844
   -0.901007      1.36285      1.56963      1.64533      -1.3635      1.55428      2.31328
   -0.900979        1.373      1.57297      1.64533     -1.37338      1.55829      2.31412
   -0.338801     0.850807   -0.0209933      1.64533    0.0262283     0.645734       1.1972
   -0.352293     0.850796    0.0178402      1.64533   -0.0222902     0.645668      1.24807
   -0.900941      1.35679      1.56747      1.64533      -1.3576      1.55174      2.31279
   -0.901017      1.36693      1.57101      1.64533     -1.36747      1.55593      2.31361
   -0.900924      1.37682      1.57414      1.64533     -1.37711      1.55971      2.31445
   -0.344225     0.850771  -0.00538224      1.64533   0.00672597     0.645513      1.21765
   -0.357379      0.85086    0.0324784      1.64533   -0.0405634     0.646063      1.26723
   -0.900992      1.36087      1.56893      1.64533     -1.36156      1.55346      2.31311
      -0.901      1.37076      1.57226      1.64533     -1.37119      1.55743      2.31393
   -0.336157     0.850839   -0.0286038      1.64533    0.0357291     0.645936      1.18724
   -0.349312     0.850776   0.00925887      1.64533   -0.0115697     0.645543      1.23683
   -0.901015      1.36469      1.57026      1.64533     -1.36529      1.55503      2.31343
   -0.900956      1.37483      1.57354      1.64533     -1.37517      1.55898      2.31428
   -0.341244     0.850786   -0.0139645      1.64533    0.0174491     0.645602      1.20641
   -0.354399     0.850818    0.0238995      1.64533   -0.0298568     0.645804        1.256
   -0.900964      1.35837      1.56804      1.64533     -1.35914      1.55241      2.31291
   -0.901012      1.36877      1.57162      1.64533     -1.36926      1.55666      2.31376
    -0.33284     0.850894   -0.0381509      1.64533     0.047638     0.646278      1.17475
   -0.346331     0.850769  0.000677437      1.64533 -0.000846432     0.645497      1.22559
   -0.359821     0.850903     0.039505      1.64533   -0.0493257     0.646335      1.27642
   -0.901003       1.3622       1.5694      1.64533     -1.36286      1.55401      2.31322
   -0.900986      1.37234      1.57276      1.64533     -1.37274      1.55804      2.31406
   -0.337925     0.850816   -0.0235144      1.64533    0.0293762     0.645794       1.1939
   -0.351417     0.850789    0.0153184      1.64533   -0.0191401     0.645623      1.24477