    0.241979     0.920236  -0.00845246      1.43886   0.00953946     0.782538      1.80089
    0.230464       0.9203    0.0315711      1.43886   -0.0356177     0.782992      1.84563
     -0.2554      1.38038      1.56866      1.43886     -1.38172      1.59361      2.75621
   -0.255426      1.38931      1.57179      1.43886     -1.39098      1.59552      2.75655
    0.248865     0.920304   -0.0323845      1.43886    0.0365348     0.783017      1.77414
    0.237638     0.920234   0.00663905      1.43886  -0.00749273     0.782525      1.81777
   -0.255428      1.38383      1.56991      1.43886     -1.38531      1.59438      2.75634
   -0.255392        1.393        1.573      1.43886     -1.39479      1.59622       2.7567
    0.244524     0.920251   -0.0172972      1.43886    0.0195197      0.78265        1.791
    0.233009     0.920267    0.0227287      1.43886   -0.0256467     0.782756      1.83576
   -0.255372      1.37835       1.5679      1.43886     -1.37962      1.59314      2.75615
   -0.255433      1.38752      1.57119      1.43886     -1.38913      1.59516      2.75648
    0.240182     0.920231  -0.00220588      1.43886    0.0024897     0.782506      1.80788
   -0.255414      1.38181      1.56918      1.43886     -1.38321      1.59394      2.75626
   -0.255414      1.39097      1.57234      1.43886      -1.3927      1.59584      2.75662
    0.247068     0.920278   -0.0261407      1.43886     0.029495     0.782838      1.78112
    0.235553     0.920244    0.0138854      1.43886   -0.0156701     0.782598      1.82587
   -0.255433      1.38549      1.57049      1.43886     -1.38703      1.59474       2.7564
   -0.255372      1.39443      1.57346      1.43886     -1.39627      1.59648      2.75676
    0.242439     0.920238   -0.0100515      1.43886     0.011344     0.782553       1.7991
    0.231212     0.920289    0.0289734      1.43886   -0.0326891     0.782915      1.84273
   -0.255395      1.38001      1.56852      1.43886     -1.38134      1.59353       2.7562
   -0.255428      1.38895      1.57167      1.43886     -1.39061      1.59544      2.75653
    0.249612     0.920316   -0.0349819      1.43886    0.0394623     0.783103      1.77124
    0.238098     0.920233   0.00504021      1.43886  -0.00568832     0.782516      1.81598
   -0.255426      1.38347      1.56978      1.43886     -1.38493       1.5943      2.75632
   -0.255399       1.3924      1.57281      1.43886     -1.39418      1.59611      2.75668
    0.244984     0.920256   -0.0188958      1.43886    0.0213233     0.782678      1.78922
    0.233469     0.920262    0.0211295      1.43886   -0.0238429     0.782722      1.83397
   -0.255367      1.37799      1.56776      1.43886     -1.37924      1.59306      2.75613
   -0.255434      1.38692      1.57098      1.43886     -1.38851      1.59504      2.75645
    0.240642     0.920232  -0.00380555      1.43886    0.0042951      0.78251      1.80609
    0.229128     0.920322    0.0362164      1.43886   -0.0408533     0.783146      1.85082
   -0.255411      1.38144      1.56905      1.43886     -1.38283      1.59386      2.75625
   -0.255419      1.39038      1.57215      1.43886     -1.39208      1.59572      2.75659
    0.247528     0.920284   -0.0277386      1.43886    0.0312969      0.78288      1.77933
    0.236301      0.92024    0.0112861      1.43886    -0.012737     0.782566      1.82296
   -0.255433      1.38513      1.57036      1.43886     -1.38665      1.59466      2.75639
   -0.255378      1.39406      1.57334      1.43886     -1.39589      1.59641      2.75675
    0.243187     0.920242     -0.01265      1.43886    0.0142763     0.782582       1.7962
    0.231672     0.920283     0.027375      1.43886   -0.0308868      0.78287      1.84095
   -0.255391      1.37965      1.56839      1.43886     -1.38096      1.59345      2.75619
   -0.255429      1.38858      1.57155      1.43886     -1.39023      1.59537      2.75652
    0.250072     0.920324     -0.03658      1.43886    0.0412633     0.783159      1.76946
    0.238558     0.920232    0.0034411      1.43886  -0.00388357     0.782509      1.81419
   -0.255422      1.38287      1.56956      1.43886     -1.38431      1.59417       2.7563
   -0.255403      1.39204      1.57269      1.43886      -1.3938      1.59604      2.75666
    0.245731     0.920263   -0.0214941      1.43886    0.0242544      0.78273      1.78631
    0.234216     0.920255    0.0185319      1.43886   -0.0209125     0.782672      1.83107
   -0.255357      1.37739      1.56754      1.43886     -1.37862      1.59291      2.75611
   -0.255434      1.38656      1.57086      1.43886     -1.38813      1.59496      2.75644
   -0.255351      1.39572      1.57386      1.43886      -1.3976      1.59671      2.75682
    0.241102     0.920233  -0.00540416      1.43886   0.00609928     0.782518       1.8043
    0.229588     0.920314    0.0346183      1.43886   -0.0390523      0.78309      1.84904
   -0.255407      1.38108      1.56891      1.43886     -1.38245      1.59377      2.75624
   -0.255421      1.39001      1.57203      1.43886     -1.39171      1.59565      2.75658
    0.247988      0.92029   -0.0293375      1.43886    0.0330998     0.782925      1.77755
    0.236761     0.920237   0.00968732      1.43886   -0.0109328     0.782549      1.82118
   -0.255431      1.38453      1.57015      1.43886     -1.38603      1.59453      2.75636
   -0.255386      1.39347      1.57315      1.43886     -1.39528       1.5963      2.75672
    0.243647     0.920245   -0.0142491      1.43886    0.0160806     0.782603      1.79441
    0.232419     0.920273    0.0247771      1.43886    -0.027957     0.782804      1.83805
   -0.255383      1.37905      1.56816      1.43886     -1.38034      1.59331      2.75617
   -0.255432      1.38799      1.57135      1.43886     -1.38961      1.59525       2.7565
    0.239305     0.920231  0.000842184      1.43886 -0.000950399     0.782504      1.81129
    -0.25542      1.38251      1.56943      1.43886     -1.38393      1.59409      2.75629
   -0.255407      1.39167      1.57257      1.43886     -1.39342      1.59597      2.75665
    0.246191     0.920268    -0.023093      1.43886    0.0260578     0.782765      1.78452
    0.234676     0.920251    0.0169329      1.43886   -0.0191085     0.782644      1.82928
    -0.25535      1.37703       1.5674      1.43886     -1.37824      1.59283       2.7561
   -0.255434      1.38619      1.57073      1.43886     -1.38775      1.59488      2.75643
   -0.255361      1.39513      1.57368      1.43886     -1.39699       1.5966       2.7568
    0.241562     0.920234  -0.00700355      1.43886    0.0079043     0.782527      1.80251
    0.230335     0.920302    0.0320207      1.43886   -0.0361245     0.783006      1.84614
   -0.255401      1.38048      1.56869      1.43886     -1.38183      1.59364      2.75622
   -0.255424      1.38965      1.57191      1.43886     -1.39133      1.59558      2.75656
    0.248736     0.920302   -0.0319347      1.43886    0.0360278     0.783003      1.77465
    0.237221     0.920235   0.00808848      1.43886  -0.00912848     0.782535      1.81939
   -0.255428      1.38394      1.56994      1.43886     -1.38542      1.59441      2.75634
   -0.255391       1.3931      1.57304      1.43886      -1.3949      1.59624      2.75671
    0.244394      0.92025   -0.0168475      1.43886    0.0190124     0.782643      1.79151
    0.232879     0.920268    0.0231785      1.43886   -0.0261541     0.782767      1.83626
   -0.255374      1.37846      1.56794      1.43886     -1.37973      1.59317      2.75615
   -0.255433      1.38762      1.57122      1.43886     -1.38923      1.59518      2.75648
    0.239765     0.920231 -0.000756666      1.43886  0.000854094     0.782504       1.8095
   -0.255417      1.38214       1.5693      1.43886     -1.38355      1.59401      2.75628
   -0.255413      1.39108      1.57238      1.43886     -1.39281      1.59586      2.75662
    0.246651     0.920273   -0.0246915      1.43886    0.0278608     0.782802      1.78274
    0.235136     0.920247     0.015334      1.43886   -0.0173045     0.782619      1.82749
   -0.255344      1.37666      1.56726      1.43886     -1.37786      1.59274      2.75609
   -0.255434      1.38582       1.5706      1.43886     -1.38737      1.59481      2.75641
   -0.255371      1.39453      1.57349      1.43886     -1.39637       1.5965      2.75677
     0.24231     0.920237  -0.00960131      1.43886    0.0108359     0.782549      1.79961
    0.230795     0.920295    0.0304224      1.43886   -0.0343227     0.782957      1.84435