  -0.688565     1.45326     1.56968     2.03708    -1.46621     1.51706   -0.180485
  -0.688565     1.45326     1.56968     2.03708     -4.6078    -1.51706     2.96111
  -0.688586     1.46452     1.57142     2.03708    -1.47551     1.52364   -0.179842
  -0.688586     1.46452     1.57142     2.03708    -4.61711    -1.52364     2.96175
 -0.0439908    0.849963  -0.0254003     2.03708   0.0755942    0.255411    -1.66003
 -0.0439908    0.849963  -0.0254003     2.03708      -3.066   -0.255411     1.48157
 -0.0589743    0.849917   0.0128856     2.03708  -0.0384099     0.25482    -1.53942
 -0.0589743    0.849917   0.0128856     2.03708       -3.18    -0.25482     1.60218
  -0.688594     1.45761     1.57039     2.03708    -1.46979     1.51964   -0.180243
  -0.688594     1.45761     1.57039     2.03708    -4.61138    -1.51964     2.96135
 -0.0497843    0.849911  -0.0105967     2.03708   0.0315934    0.254754    -1.61347
 -0.0497843    0.849911  -0.0105967     2.03708       -3.11   -0.254754     1.52812
  -0.688597     1.46197     1.57105     2.03708    -1.47339     1.52217   -0.179993
  -0.688597     1.46197     1.57105     2.03708    -4.61498    -1.52217      2.9616
 -0.0559623    0.849903  0.00518928     2.03708  -0.0154753    0.254649    -1.56368
 -0.0559623    0.849903  0.00518928     2.03708    -3.15707   -0.254649     1.57791
   -0.68858     1.45506     1.56998     2.03708    -1.46769     1.51813   -0.180386
   -0.68858     1.45506     1.56998     2.03708    -4.60928    -1.51813     2.96121
  -0.688571     1.46661      1.5717     2.03708    -1.47726     1.52483   -0.179716
  -0.688571     1.46661      1.5717     2.03708    -4.61885    -1.52483     2.96188
 -0.0463886    0.849936  -0.0192736     2.03708   0.0574127    0.255074    -1.64079
 -0.0463886    0.849936  -0.0192736     2.03708    -3.08418   -0.255074     1.50081
 -0.0617562    0.849939   0.0199936     2.03708  -0.0595514    0.255108    -1.51705
 -0.0617562    0.849939   0.0199936     2.03708    -3.20114   -0.255108     1.62455
  -0.688598     1.45941     1.57067     2.03708    -1.47128     1.52069   -0.180141
  -0.688598     1.45941     1.57067     2.03708    -4.61287    -1.52069     2.96145
 -0.0525663    0.849902  -0.0034882     2.03708   0.0104035     0.25463    -1.59105
 -0.0525663    0.849902  -0.0034882     2.03708    -3.13119    -0.25463     1.55054
  -0.688589     1.46406     1.57135     2.03708    -1.47513     1.52337    -0.17987
  -0.688589     1.46406     1.57135     2.03708    -4.61672    -1.52337     2.96172
 -0.0583605    0.849913    0.011317     2.03708  -0.0337382    0.254774    -1.54436
 -0.0583605    0.849913    0.011317     2.03708    -3.17533   -0.254774     1.59724
  -0.688592     1.45715     1.57032     2.03708    -1.46941     1.51937   -0.180269
  -0.688592     1.45715     1.57032     2.03708      -4.611    -1.51937     2.96132
 -0.0491704    0.849915  -0.0121654     2.03708    0.036266    0.254798    -1.61841
 -0.0491704    0.849915  -0.0121654     2.03708    -3.10533   -0.254798     1.52318
  -0.064154    0.849967   0.0261204     2.03708   -0.077727    0.255457    -1.49781
  -0.064154    0.849967   0.0261204     2.03708    -3.21932   -0.255457     1.64378
  -0.688598      1.4615     1.57098     2.03708    -1.47301     1.52191    -0.18002
  -0.688598      1.4615     1.57098     2.03708     -4.6146    -1.52191     2.96157
 -0.0549645    0.849901  0.00263972     2.03708 -0.00787248    0.254624    -1.57172
 -0.0549645    0.849901  0.00263972     2.03708    -3.14947   -0.254624     1.56987
  -0.688577      1.4546      1.5699     2.03708    -1.46731     1.51786   -0.180411
  -0.688577      1.4546      1.5699     2.03708     -4.6089    -1.51786     2.96118
  -0.688577     1.46586      1.5716     2.03708    -1.47663      1.5244   -0.179761
  -0.688577     1.46586      1.5716     2.03708    -4.61822     -1.5244     2.96183
 -0.0457747    0.849943  -0.0208421     2.03708   0.0620721    0.255151    -1.64572
 -0.0457747    0.849943  -0.0208421     2.03708    -3.07952   -0.255151     1.49588
 -0.0611423    0.849933   0.0184251     2.03708  -0.0548906    0.255034    -1.52198
 -0.0611423    0.849933   0.0184251     2.03708    -3.19648   -0.255034     1.61961
  -0.688598     1.45895      1.5706     2.03708     -1.4709     1.52042   -0.180167
  -0.688598     1.45895      1.5706     2.03708    -4.61249    -1.52042     2.96143
 -0.0519524    0.849903 -0.00505692     2.03708   0.0150814    0.254647      -1.596
 -0.0519524    0.849903 -0.00505692     2.03708    -3.12651   -0.254647     1.54559
  -0.688591     1.46359     1.57129     2.03708    -1.47475     1.52311   -0.179897
  -0.688591     1.46359     1.57129     2.03708    -4.61634    -1.52311      2.9617
 -0.0577466     0.84991  0.00974837     2.03708  -0.0290651    0.254733     -1.5493
 -0.0577466     0.84991  0.00974837     2.03708    -3.17066   -0.254733     1.59229
   -0.68859     1.45669     1.57024     2.03708    -1.46903      1.5191   -0.180295
   -0.68859     1.45669     1.57024     2.03708    -4.61062     -1.5191      2.9613
 -0.0485566    0.849919  -0.0137341     2.03708   0.0409366    0.254848    -1.62335
 -0.0485566    0.849919  -0.0137341     2.03708    -3.10066   -0.254848     1.51824
 -0.0635402    0.849959    0.024552     2.03708  -0.0730792    0.255359    -1.50273
 -0.0635402    0.849959    0.024552     2.03708    -3.21467   -0.255359     1.63886
  -0.688598     1.46104     1.57092     2.03708    -1.47263     1.52164   -0.180047
  -0.688598     1.46104     1.57092     2.03708    -4.61422    -1.52164     2.96155
 -0.0543506      0.8499  0.00107089     2.03708  -0.0031936    0.254617    -1.57667
 -0.0543506      0.8499  0.00107089     2.03708    -3.14479   -0.254617     1.56492
  -0.688571     1.45385     1.56978     2.03708    -1.46669     1.51741   -0.180452
  -0.688571     1.45385     1.56978     2.03708    -4.60829    -1.51741     2.96114
  -0.688581      1.4654     1.57154     2.03708    -1.47625     1.52414   -0.179789
  -0.688581      1.4654     1.57154     2.03708    -4.61784    -1.52414      2.9618
 -0.0451609    0.849949  -0.0224104     2.03708   0.0667276    0.255235    -1.65064
 -0.0451609    0.849949  -0.0224104     2.03708    -3.07487   -0.255235     1.49095
 -0.0601446    0.849925   0.0158759     2.03708    -0.04731    0.254926       -1.53
 -0.0601446    0.849925   0.0158759     2.03708     -3.1889   -0.254926     1.61159
  -0.688597     1.45849     1.57053     2.03708    -1.47052     1.52015   -0.180194
  -0.688597     1.45849     1.57053     2.03708    -4.61211    -1.52015      2.9614
 -0.0509547    0.849906 -0.00760638     2.03708   0.0226821    0.254687    -1.60404
 -0.0509547    0.849906 -0.00760638     2.03708    -3.11891   -0.254687     1.53755
  -0.688593     1.46313     1.57122     2.03708    -1.47436     1.52285   -0.179925
  -0.688593     1.46313     1.57122     2.03708    -4.61595    -1.52285     2.96167
 -0.0567488    0.849905  0.00719897     2.03708   -0.021467    0.254679    -1.55734
 -0.0567488    0.849905  0.00719897     2.03708    -3.16306   -0.254679     1.58425
  -0.688586     1.45594     1.57012     2.03708    -1.46841     1.51865   -0.180337
  -0.688586     1.45594     1.57012     2.03708       -4.61    -1.51865     2.96126
  -0.688566      1.4672     1.57178     2.03708    -1.47775     1.52516    -0.17968
  -0.688566      1.4672     1.57178     2.03708    -4.61934    -1.52516     2.96191
 -0.0475588    0.849926  -0.0162834     2.03708   0.0485227    0.254943    -1.63138
 -0.0475588    0.849926  -0.0162834     2.03708    -3.09307   -0.254943     1.51021
 -0.0629264    0.849952   0.0229837     2.03708  -0.0684281    0.255267    -1.50765
 -0.0629264    0.849952   0.0229837     2.03708    -3.21002   -0.255267     1.63394
  -0.688599     1.46029      1.5708     2.03708    -1.47201      1.5212    -0.18009
  -0.688599     1.46029      1.5708     2.03708     -4.6136     -1.5212      2.9615
 -0.0533529    0.849901  -0.0014785     2.03708  0.00440997    0.254618    -1.58471
 -0.0533529    0.849901  -0.0014785     2.03708    -3.13718   -0.254618     1.55688
  -0.688566     1.45339      1.5697     2.03708    -1.46631     1.51714   -0.180478
  -0.688566     1.45339      1.5697     2.03708    -4.60791    -1.51714     2.96112
  -0.688584     1.46493     1.57147     2.03708    -1.47586     1.52388   -0.179817
  -0.688584     1.46493     1.57147     2.03708    -4.61746    -1.52388     2.96178
 -0.0441633    0.849961  -0.0249595     2.03708   0.0742877    0.255384    -1.65864
 -0.0441633    0.849961  -0.0249595     2.03708     -3.0673   -0.255384     1.48295
 -0.0595308     0.84992   0.0143074     2.03708  -0.0426424    0.254868    -1.53494
 -0.0595308     0.84992   0.0143074     2.03708    -3.18424   -0.254868     1.60666
  -0.688594     1.45774     1.57041     2.03708     -1.4699     1.51971   -0.180236
  -0.688594     1.45774     1.57041     2.03708    -4.61149    -1.51971     2.96136
 -0.0503408    0.849909 -0.00917501     2.03708   0.0273572    0.254719    -1.60899
 -0.0503408    0.849909 -0.00917501     2.03708    -3.11424   -0.254719      1.5326
  -0.688596      1.4621     1.57107     2.03708     -1.4735     1.52225   -0.179986
  -0.688596      1.4621     1.57107     2.03708    -4.61509    -1.52225     2.96161
 -0.0561349    0.849903  0.00563032     2.03708  -0.0167904    0.254654    -1.56229
 -0.0561349    0.849903  0.00563032     2.03708    -3.15838   -0.254654     1.57931
  -0.688581     1.45519        1.57     2.03708    -1.46779     1.51821   -0.180379
  -0.688581     1.45519        1.57     2.03708    -4.60939    -1.51821     2.96121
   -0.68857     1.46674     1.57172     2.03708    -1.47737      1.5249   -0.179708
   -0.68857     1.46674     1.57172     2.03708    -4.61896     -1.5249     2.96188
  -0.046945    0.849931  -0.0178518     2.03708    0.053187    0.255009    -1.63632
  -0.046945    0.849931  -0.0178518     2.03708    -3.08841   -0.255009     1.50528
 -0.0619287    0.849941   0.0204345     2.03708  -0.0608608     0.25513    -1.51566
 -0.0619287    0.849941   0.0204345     2.03708    -3.20245    -0.25513     1.62593
  -0.688598     1.45954     1.57069     2.03708    -1.47139     1.52077   -0.180134
  -0.688598     1.45954     1.57069     2.03708    -4.61298    -1.52077     2.96146
 -0.0527389    0.849901 -0.00304728     2.03708  0.00908862    0.254627    -1.58966
 -0.0527389    0.849901 -0.00304728     2.03708     -3.1325   -0.254627     1.55193
  -0.688562     1.45293     1.56962     2.03708    -1.46594     1.51686   -0.180503
  -0.688562     1.45293     1.56962     2.03708    -4.60753    -1.51686     2.96109
  -0.688587     1.46447     1.57141     2.03708    -1.47548     1.52361   -0.179845
  -0.688587     1.46447     1.57141     2.03708    -4.61707    -1.52361     2.96175