   0.480152      1.2681   0.0149955     1.76898   -0.136333    0.105508   -0.933468
   0.482619      1.2681 0.000382483     1.76898 -0.00349892    0.104511    -1.06746
   0.485086      1.2681   -0.014234     1.76898    0.129493     0.10541    -1.20161
   0.480598      1.2681   0.0123547     1.76898   -0.112554    0.105188   -0.957457
   0.483344      1.2681 -0.00391504     1.76898   0.0358082    0.104577    -1.10711
   0.485532     1.26811  -0.0168748     1.76898    0.153162    0.105772    -1.22549
   0.481323      1.2681  0.00806049     1.76898  -0.0736163    0.104799   -0.996735
    0.48379      1.2681 -0.00655425     1.76898   0.0598991    0.104701    -1.13141
   0.479301     1.26811   0.0200324     1.76898   -0.181226    0.106285   -0.888175
   0.481769      1.2681  0.00541842     1.76898  -0.0495366    0.104641    -1.02102
   0.484236      1.2681 -0.00919729     1.76898   0.0839535    0.104887    -1.15567
   0.480026      1.2681   0.0157389     1.76898   -0.142999    0.105609   -0.926743
   0.482494      1.2681  0.00112399     1.76898  -0.0102835    0.104515    -1.06062
   0.484961      1.2681  -0.0134905     1.76898    0.122801    0.105318    -1.19486