   -0.701123      1.24328      1.57035      1.99745       -1.271      1.43689    -0.180915
   -0.701123      1.24328      1.57035      1.99745     -4.41259     -1.43689      2.96068
  -0.0351327     0.682851   -0.0321826      1.99745    0.0455707      0.46196     -1.55782
  -0.0351327     0.682851   -0.0321826      1.99745     -3.09602     -0.46196      1.58378
  -0.0528044     0.682735   0.00541219      1.99745  -0.00766931     0.461427     -1.49865
  -0.0528044     0.682735   0.00541219      1.99745     -3.14926    -0.461427      1.64294
   -0.701079      1.23644      1.56723      1.99745     -1.26583      1.43147     -0.18259
   -0.701079      1.23644      1.56723      1.99745     -4.40742     -1.43147        2.959
   -0.701116      1.24759      1.57226      1.99745     -1.27427      1.44025    -0.179868
   -0.701116      1.24759      1.57226      1.99745     -4.41586     -1.44025      2.96172
   -0.041965     0.682767   -0.0176471      1.99745    0.0250022     0.461577     -1.53496
   -0.041965     0.682767   -0.0176471      1.99745     -3.11659    -0.461577      1.60664
  -0.0600908     0.682782    0.0209132      1.99745   -0.0296263     0.461643     -1.47425
  -0.0600908     0.682782    0.0209132      1.99745     -3.17122    -0.461643      1.66734
   -0.701115      1.24075      1.56921      1.99745     -1.26908       1.4349    -0.181532
   -0.701115      1.24075      1.56921      1.99745     -4.41068      -1.4349      2.96006
   -0.701078      1.25218      1.57423      1.99745     -1.27778      1.44379    -0.178757
   -0.701078      1.25218      1.57423      1.99745     -4.41937     -1.44379      2.96284
  -0.0492516     0.682732  -0.00214585      1.99745   0.00304107     0.461414     -1.51055
  -0.0492516     0.682732  -0.00214585      1.99745     -3.13855    -0.461414      1.63104
  -0.0669226     0.682876    0.0354477      1.99745   -0.0501853     0.462077      -1.4514
  -0.0669226     0.682876    0.0354477      1.99745     -3.19178    -0.462077      1.69019
   -0.701123      1.24535      1.57127      1.99745     -1.27257      1.43851    -0.180411
   -0.701123      1.24535      1.57127      1.99745     -4.41416     -1.43851      2.96118
  -0.0379603      0.68281   -0.0261668      1.99745    0.0370622     0.461774     -1.54836
  -0.0379603      0.68281   -0.0261668      1.99745     -3.10453    -0.461774      1.59323
  -0.0560857     0.682749    0.0123929      1.99745   -0.0175598     0.461493     -1.48766
  -0.0560857     0.682749    0.0123929      1.99745     -3.15915    -0.461493      1.65393
   -0.701097      1.23822      1.56806      1.99745     -1.26718       1.4329    -0.182151
   -0.701097      1.23822      1.56806      1.99745     -4.40877      -1.4329      2.95944
   -0.701102      1.24966      1.57315      1.99745     -1.27585      1.44185    -0.179367
   -0.701102      1.24966      1.57315      1.99745     -4.41744     -1.44185      2.96223
  -0.0452461     0.682745   -0.0106669      1.99745     0.015115     0.461472     -1.52397
  -0.0452461     0.682745   -0.0106669      1.99745     -3.12648    -0.461472      1.61762
  -0.0629187     0.682815    0.0269295      1.99745    -0.038141     0.461796     -1.46479
  -0.0629187     0.682815    0.0269295      1.99745     -3.17973    -0.461796       1.6768
   -0.701122      1.24282      1.57015      1.99745     -1.27065      1.43653    -0.181026
   -0.701122      1.24282      1.57015      1.99745     -4.41224     -1.43653      2.96057
  -0.0339564      0.68287   -0.0346851      1.99745    0.0491081     0.462049     -1.56175
  -0.0339564      0.68287   -0.0346851      1.99745     -3.09248    -0.462049      1.57984
  -0.0520803     0.682733   0.00387179      1.99745  -0.00548651      0.46142     -1.50108
  -0.0520803     0.682733   0.00387179      1.99745     -3.14708     -0.46142      1.64051
    -0.70107      1.23569      1.56688      1.99745     -1.26527      1.43088    -0.182773
    -0.70107      1.23569      1.56688      1.99745     -4.40686     -1.43088      2.95882
   -0.701118      1.24713      1.57206      1.99745     -1.27392       1.4399    -0.179978
   -0.701118      1.24713      1.57206      1.99745     -4.41552      -1.4399      2.96161
   -0.041241     0.682774   -0.0191873      1.99745    0.0271832     0.461607     -1.53738
   -0.041241     0.682774   -0.0191873      1.99745     -3.11441    -0.461607      1.60421
  -0.0589141      0.68277    0.0184099      1.99745    -0.026082     0.461591     -1.47819
  -0.0589141      0.68277    0.0184099      1.99745     -3.16767    -0.461591       1.6634
   -0.701112      1.24029      1.56901      1.99745     -1.26874      1.43454    -0.181644
   -0.701112      1.24029      1.56901      1.99745     -4.41033     -1.43454      2.95995
   -0.701086      1.25144      1.57391      1.99745     -1.27721      1.44322    -0.178936
   -0.701086      1.25144      1.57391      1.99745      -4.4188     -1.44322      2.96266
  -0.0480747     0.682734  -0.00464939      1.99745   0.00658877     0.461423      -1.5145
  -0.0480747     0.682734  -0.00464939      1.99745       -3.135    -0.461423       1.6271
  -0.0661988     0.682864    0.0339079      1.99745   -0.0480093     0.462021     -1.45382
  -0.0661988     0.682864    0.0339079      1.99745      -3.1896    -0.462021      1.68777
   -0.701124       1.2446      1.57094      1.99745       -1.272      1.43793    -0.180592
   -0.701124       1.2446      1.57094      1.99745      -4.4136     -1.43793        2.961
  -0.0372364      0.68282   -0.0277068      1.99745     0.039241     0.461818     -1.55078
  -0.0372364      0.68282   -0.0277068      1.99745     -3.10235    -0.461818      1.59081
  -0.0553616     0.682745    0.0108525      1.99745   -0.0153776     0.461474     -1.49009
  -0.0553616     0.682745    0.0108525      1.99745     -3.15697    -0.461474      1.65151
   -0.701093      1.23776      1.56785      1.99745     -1.26683      1.43253    -0.182263
   -0.701093      1.23776      1.56785      1.99745     -4.40842     -1.43253      2.95933
   -0.701106       1.2492      1.57296      1.99745      -1.2755       1.4415    -0.179477
   -0.701106       1.2492      1.57296      1.99745     -4.41709      -1.4415      2.96212
   -0.044522     0.682749   -0.0122073      1.99745    0.0172973     0.461491      -1.5264
   -0.044522     0.682749   -0.0122073      1.99745      -3.1243    -0.461491       1.6152
  -0.0621948     0.682806    0.0253894      1.99745   -0.0359618     0.461753     -1.46721
  -0.0621948     0.682806    0.0253894      1.99745     -3.17755    -0.461753      1.67438
    -0.70112      1.24208      1.56982      1.99745     -1.27009      1.43595    -0.181207
    -0.70112      1.24208      1.56982      1.99745     -4.41168     -1.43595      2.96039
   -0.701061      1.25351      1.57479      1.99745     -1.27879      1.44481    -0.178438
   -0.701061      1.25351      1.57479      1.99745     -4.42039     -1.44481      2.96315
  -0.0332326     0.682883   -0.0362249      1.99745    0.0512839     0.462107     -1.56417
  -0.0332326     0.682883   -0.0362249      1.99745     -3.09031    -0.462107      1.57743
  -0.0513562     0.682732    0.0023313      1.99745   -0.0033035     0.461415      -1.5035
  -0.0513562     0.682732    0.0023313      1.99745      -3.1449    -0.461415      1.63809
   -0.701064      1.23524      1.56667      1.99745     -1.26493      1.43052    -0.182885
   -0.701064      1.23524      1.56667      1.99745     -4.40652     -1.43052      2.95871
   -0.701119      1.24667      1.57186      1.99745     -1.27358      1.43954    -0.180089
   -0.701119      1.24667      1.57186      1.99745     -4.41517     -1.43954       2.9615
   -0.040517     0.682781   -0.0207276      1.99745     0.029364     0.461639      -1.5398
   -0.040517     0.682781   -0.0207276      1.99745     -3.11223    -0.461639      1.60179
  -0.0581901     0.682764    0.0168696      1.99745   -0.0239007     0.461562     -1.48062
  -0.0581901     0.682764    0.0168696      1.99745     -3.16549    -0.461562      1.66098
   -0.701107      1.23955      1.56867      1.99745     -1.26818      1.43395    -0.181825
   -0.701107      1.23955      1.56867      1.99745     -4.40977     -1.43395      2.95977
   -0.701091      1.25099      1.57372      1.99745     -1.27686      1.44287    -0.179047
   -0.701091      1.25099      1.57372      1.99745     -4.41846     -1.44287      2.96255
  -0.0473506     0.682736  -0.00618981      1.99745   0.00877157     0.461432     -1.51692
  -0.0473506     0.682736  -0.00618981      1.99745     -3.13282    -0.461432      1.62467
  -0.0650225     0.682845    0.0314052      1.99745   -0.0444713     0.461934     -1.45775
  -0.0650225     0.682845    0.0314052      1.99745     -3.18606    -0.461934      1.68384
   -0.701124      1.24415      1.57074      1.99745     -1.27166      1.43757    -0.180703
   -0.701124      1.24415      1.57074      1.99745     -4.41325     -1.43757      2.96089
  -0.0365125      0.68283    -0.029247      1.99745    0.0414195     0.461865      -1.5532
  -0.0365125      0.68283    -0.029247      1.99745     -3.10017    -0.461865      1.58839
  -0.0541848      0.68274   0.00834887      1.99745   -0.0118304     0.461449     -1.49403
  -0.0541848      0.68274   0.00834887      1.99745     -3.15342    -0.461449      1.64756
   -0.701088      1.23731      1.56763      1.99745     -1.26649      1.43217    -0.182376
   -0.701088      1.23731      1.56763      1.99745     -4.40808     -1.43217      2.95922
   -0.701109      1.24874      1.57276      1.99745     -1.27515      1.44115    -0.179588
   -0.701109      1.24874      1.57276      1.99745     -4.41675     -1.44115        2.962
  -0.0433453     0.682757   -0.0147108      1.99745    0.0208436     0.461526     -1.53034
  -0.0433453     0.682757   -0.0147108      1.99745     -3.12075    -0.461526      1.61126
  -0.0614709     0.682797    0.0238493      1.99745   -0.0337823     0.461713     -1.46963
  -0.0614709     0.682797    0.0238493      1.99745     -3.17537    -0.461713      1.67196
   -0.701119      1.24162      1.56961      1.99745     -1.26974      1.43559    -0.181319
   -0.701119      1.24162      1.56961      1.99745     -4.41134     -1.43559      2.96027
   -0.701071      1.25277      1.57448      1.99745     -1.27823      1.44424    -0.178616
   -0.701071      1.25277      1.57448      1.99745     -4.41982     -1.44424      2.96298
   -0.032509     0.682896   -0.0377645      1.99745    0.0534589     0.462167     -1.56658
   -0.032509     0.682896   -0.0377645      1.99745     -3.08813    -0.462167      1.57501
  -0.0501793     0.682732 -0.000172205      1.99745   0.00024422     0.461412     -1.50745
  -0.0501793     0.682732 -0.000172205      1.99745     -3.14135    -0.461412      1.63415
  -0.0683022     0.682901    0.0383828      1.99745   -0.0543319     0.462192     -1.44679
  -0.0683022     0.682901    0.0383828      1.99745     -3.19592    -0.462192       1.6948
   -0.701058      1.23478      1.56645      1.99745     -1.26458      1.43015    -0.182998
   -0.701058      1.23478      1.56645      1.99745     -4.40618     -1.43015      2.95859
   -0.701122      1.24593      1.57153      1.99745     -1.27301      1.43896    -0.180269
   -0.701122      1.24593      1.57153      1.99745      -4.4146     -1.43896      2.96132
  -0.0393404     0.682794   -0.0232306      1.99745    0.0329071     0.461698     -1.54374
  -0.0393404     0.682794   -0.0232306      1.99745     -3.10869    -0.461698      1.59785
   -0.057466     0.682759    0.0153292      1.99745   -0.0217191     0.461536     -1.48304
   -0.057466     0.682759    0.0153292      1.99745     -3.16331    -0.461536      1.65855
   -0.701104      1.23909      1.56846      1.99745     -1.26783      1.43359    -0.181937
   -0.701104      1.23909      1.56846      1.99745     -4.40943     -1.43359      2.95966
   -0.701098      1.25024       1.5734      1.99745      -1.2763       1.4423    -0.179225
   -0.701098      1.25024       1.5734      1.99745     -4.41789      -1.4423      2.96237
  -0.0461738      0.68274  -0.00869337      1.99745    0.0123189     0.461452     -1.52086
  -0.0461738      0.68274  -0.00869337      1.99745     -3.12927    -0.461452      1.62073
  -0.0642987     0.682834    0.0298654      1.99745   -0.0422938     0.461884     -1.46017
  -0.0642987     0.682834    0.0298654      1.99745     -3.18389    -0.461884      1.68142
   -0.701123       1.2434      1.57041      1.99745     -1.27109      1.43699    -0.180884
   -0.701123       1.2434      1.57041      1.99745     -4.41269     -1.43699      2.96071
  -0.0353361     0.682847   -0.0317496      1.99745    0.0449586     0.461946     -1.55714
  -0.0353361     0.682847   -0.0317496      1.99745     -3.09663    -0.461946      1.58446
  -0.0534607     0.682737   0.00680853      1.99745  -0.00964791     0.461436     -1.49645
  -0.0534607     0.682737   0.00680853      1.99745     -3.15124    -0.461436      1.64514
    -0.70108      1.23657      1.56729      1.99745     -1.26593      1.43158    -0.182558
    -0.70108      1.23657      1.56729      1.99745     -4.40752     -1.43158      2.95903
   -0.701114        1.248      1.57244      1.99745     -1.27459      1.44057    -0.179767
   -0.701114        1.248      1.57244      1.99745     -4.41618     -1.44057      2.96183
  -0.0426212     0.682762    -0.016251      1.99745    0.0230251     0.461552     -1.53276
  -0.0426212     0.682762    -0.016251      1.99745     -3.11857    -0.461552      1.60883
  -0.0602943     0.682784    0.0213462      1.99745   -0.0302392     0.461653     -1.47357
  -0.0602943     0.682784    0.0213462      1.99745     -3.17183    -0.461653      1.66802
   -0.701117      1.24116       1.5694      1.99745      -1.2694      1.43523    -0.181431
   -0.701117      1.24116       1.5694      1.99745     -4.41099     -1.43523      2.96016
   -0.701076      1.25231      1.57428      1.99745     -1.27788      1.44389    -0.178726
   -0.701076      1.25231      1.57428      1.99745     -4.41947     -1.44389      2.96287
  -0.0494552     0.682732  -0.00171269      1.99745   0.00242725     0.461413     -1.50987
  -0.0494552     0.682732  -0.00171269      1.99745     -3.13917    -0.461413      1.63172
   -0.067126      0.68288    0.0358804      1.99745   -0.0507969     0.462094     -1.45072
   -0.067126      0.68288    0.0358804      1.99745     -3.19239    -0.462094      1.69087
   -0.701123      1.24547      1.57133      1.99745     -1.27267      1.43861     -0.18038
   -0.701123      1.24547      1.57133      1.99745     -4.41426     -1.43861      2.96121
  -0.0386164     0.682802   -0.0247708      1.99745    0.0350868     0.461737     -1.54616
  -0.0386164     0.682802   -0.0247708      1.99745     -3.10651    -0.461737      1.59543
  -0.0562893     0.682751    0.0128259      1.99745   -0.0181732     0.461499     -1.48698
  -0.0562893     0.682751    0.0128259      1.99745     -3.15977    -0.461499      1.65461
     -0.7011      1.23864      1.56825      1.99745     -1.26749      1.43323     -0.18205
     -0.7011      1.23864      1.56825      1.99745     -4.40908     -1.43323      2.95954
   -0.701099      1.25007      1.57333      1.99745     -1.27617      1.44217    -0.179267
   -0.701099      1.25007      1.57333      1.99745     -4.41776     -1.44217      2.96233
  -0.0454497     0.682744   -0.0102338      1.99745    0.0145014     0.461467     -1.52329
  -0.0454497     0.682744   -0.0102338      1.99745     -3.12709    -0.461467       1.6183
  -0.0635749     0.682824    0.0283253      1.99745   -0.0401155     0.461837      -1.4626
  -0.0635749     0.682824    0.0283253      1.99745     -3.18171    -0.461837        1.679
   -0.701122      1.24295      1.57021      1.99745     -1.27075      1.43663    -0.180995
   -0.701122      1.24295      1.57021      1.99745     -4.41234     -1.43663       2.9606