   -0.905799      1.86861      1.57134      1.46566     -1.86711      1.54052    -0.979163
   -0.392269      1.33704    0.0119348      1.46566   -0.0349099     0.339095     -1.90005
   -0.905794      1.87211      1.56942      1.46566     -1.87041      1.53834    -0.978488
   -0.905791      1.86655      1.57244      1.46566     -1.86517      1.54177    -0.979535
   -0.390157      1.33704  -0.00658059      1.46566    0.0192544     0.338952      -1.9533
     -0.9058      1.87029      1.57043      1.46566      -1.8687      1.53948    -0.978845
   -0.905775       1.8645      1.57353      1.46566     -1.86323      1.54302     -0.97989
   -0.905783      1.87379      1.56849      1.46566       -1.872      1.53728    -0.978146
   -0.905798      1.86823      1.57154      1.46566     -1.86676      1.54075    -0.979231
   -0.391887      1.33704   0.00858647      1.46566   -0.0251207     0.338996     -1.90967
   -0.905796      1.87174      1.56963      1.46566     -1.87006      1.53858    -0.978562
   -0.905789      1.86618      1.57264      1.46566     -1.86482        1.542      -0.9796
   -0.905769      1.87525      1.56767      1.46566     -1.87337      1.53637    -0.977841
   -0.389775      1.33704  -0.00992897      1.46566    0.0290468     0.339032     -1.96293
     -0.9058      1.86968      1.57076      1.46566     -1.86813      1.53985    -0.978961
   -0.905771      1.86412      1.57373      1.46566     -1.86288      1.54324    -0.979952
   -0.905786      1.87342      1.56869      1.46566     -1.87165      1.53752    -0.978223
   -0.905796      1.86763      1.57187      1.46566     -1.86619      1.54112    -0.979342
   -0.391266      1.33704   0.00314596      1.46566  -0.00920536     0.338904     -1.92532
   -0.905797      1.87137      1.56983      1.46566     -1.86971      1.53881    -0.978635
   -0.905784      1.86558      1.57296      1.46566     -1.86425      1.54237    -0.979706
   -0.905773      1.87487      1.56788      1.46566     -1.87302       1.5366     -0.97792
   -0.389393      1.33704   -0.0132772      1.46566    0.0388332     0.339144     -1.97256
     -0.9058      1.86931      1.57096      1.46566     -1.86778      1.54008    -0.979031
   -0.905767      1.86375      1.57392      1.46566     -1.86253      1.54346    -0.980014
   -0.392997      1.33704     0.018315      1.46566   -0.0535432     0.339373     -1.88172
   -0.905789      1.87305       1.5689      1.46566      -1.8713      1.53775    -0.978298
   -0.905795      1.86726      1.57207      1.46566     -1.86584      1.54134    -0.979409
   -0.390885      1.33704 -0.000200152      1.46566  0.000585951      0.33889     -1.93495
   -0.905799      1.87076      1.57017      1.46566     -1.86914      1.53918    -0.978753
   -0.905781       1.8652      1.57316      1.46566      -1.8639      1.54259    -0.979769
   -0.905779      1.87427      1.56822      1.46566     -1.87245      1.53698    -0.978047
   -0.389011      1.33704   -0.0166239      1.46566    0.0486078     0.339288     -1.98217
   -0.905799      1.86871      1.57129      1.46566     -1.86721      1.54045    -0.979144
   -0.392615      1.33704    0.0149663      1.46566   -0.0437671     0.339213     -1.89134
   -0.905792      1.87245      1.56924      1.46566     -1.87073      1.53813    -0.978421
   -0.905793      1.86689      1.57227      1.46566     -1.86549      1.54157    -0.979475
   -0.390503      1.33704  -0.00354603      1.46566    0.0103765     0.338908     -1.94458
     -0.9058      1.87039      1.57037      1.46566     -1.86879      1.53941    -0.978825
   -0.905778      1.86483      1.57336      1.46566     -1.86355      1.54282    -0.979833
    -0.90578      1.87413       1.5683      1.46566     -1.87232      1.53707    -0.978076
   -0.905799      1.86834      1.57149      1.46566     -1.86686      1.54068    -0.979212