   -0.857658      1.45116      1.57009      2.12643     -1.46939      1.50721    -0.241612
   -0.857638      1.46263       1.5718      2.12643     -1.47827      1.51467    -0.240866
   -0.199409     0.833722   -0.0243954      2.12643    0.0996957     0.182479     -1.82097
   -0.215286     0.833684    0.0147176      2.12643   -0.0602859      0.18186     -1.65321
   -0.857583      1.44413      1.56887      2.12643     -1.46403      1.50249     -0.24204
   -0.857671       1.4556       1.5708      2.12643      -1.4728      1.51013     -0.24133
   -0.857579      1.46735      1.57241      2.12643     -1.48198      1.51767     -0.24054
   -0.205395     0.833671  -0.00964995      2.12643    0.0395589     0.181657      -1.7579
   -0.221271      0.83375    0.0294619      2.12643    -0.120198     0.182924     -1.59036
   -0.857638      1.44857      1.56966      2.12643      -1.4674      1.50548    -0.241772
   -0.857656      1.46032      1.57149      2.12643     -1.47647      1.51319    -0.241021
   -0.195902     0.833772   -0.0330356      2.12643     0.134595     0.183287     -1.85759
   -0.211778     0.833666   0.00607435      2.12643   -0.0249091     0.181565      -1.6903
   -0.227254     0.833859    0.0442013      2.12643    -0.179145     0.184684     -1.52849
   -0.857667        1.453      1.57039      2.12643      -1.4708      1.50842    -0.241496
   -0.857615      1.46475      1.57208      2.12643     -1.47994      1.51603    -0.240721
   -0.202283     0.833692   -0.0173155      2.12643    0.0708918     0.181996     -1.79076
   -0.217763     0.833706      0.02082      2.12643   -0.0851681     0.182214     -1.62711
   -0.857609      1.44597       1.5692      2.12643     -1.46542      1.50373     -0.24193
   -0.857668      1.45772      1.57112      2.12643     -1.47445      1.51151    -0.241192
   -0.192791     0.833829   -0.0406982      2.12643     0.165245     0.184203     -1.88976
   -0.208269     0.833663  -0.00256911      2.12643    0.0105378     0.181515     -1.72747
   -0.224144     0.833797    0.0365395      2.12643    -0.148648     0.183683     -1.56051
   -0.857653       1.4504      1.56997      2.12643     -1.46881       1.5067    -0.241659
   -0.857643      1.46216      1.57174      2.12643      -1.4779      1.51437    -0.240898
   -0.198775      0.83373   -0.0259573      2.12643     0.106027     0.182607     -1.82761
   -0.214255     0.833677    0.0121781      2.12643   -0.0499046     0.181748     -1.66409
   -0.857571      1.44337      1.56873      2.12643     -1.46345      1.50197    -0.242085
   -0.857671      1.45513      1.57073      2.12643     -1.47244      1.50982     -0.24136
   -0.857591      1.46659      1.57232      2.12643     -1.48138      1.51719    -0.240594
   -0.204761     0.833675   -0.0112124      2.12643    0.0459546     0.181711     -1.76461
   -0.220637     0.833741    0.0278996      2.12643    -0.113887     0.182777     -1.59699
   -0.857634       1.4481      1.56958      2.12643     -1.46705      1.50516    -0.241801
   -0.857661      1.45956      1.57138      2.12643     -1.47588       1.5127    -0.241071
   -0.195268     0.833783   -0.0345983      2.12643      0.14087     0.183459     -1.86417
   -0.211143     0.833664    0.0045121      2.12643   -0.0185045     0.181538     -1.69702
   -0.226621     0.833846    0.0426397      2.12643    -0.172957     0.184465     -1.53499
   -0.857665      1.45253      1.57032      2.12643     -1.47044      1.50811    -0.241526
   -0.857624      1.46399      1.57199      2.12643     -1.47934      1.51554    -0.240773
   -0.201253     0.833702   -0.0198548      2.12643    0.0812406      0.18215     -1.80161
   -0.217129       0.8337    0.0192581      2.12643   -0.0788095     0.182112     -1.63378
   -0.857603       1.4455      1.56912      2.12643     -1.46507      1.50341    -0.241958
    -0.85767      1.45696        1.571      2.12643     -1.47386      1.51102    -0.241242
   -0.191761     0.833851   -0.0432363      2.12643     0.175324     0.184548     -1.90034
   -0.207635     0.833664  -0.00413159      2.12643    0.0169453     0.181532     -1.73419
   -0.223114     0.833779     0.034001      2.12643    -0.138472     0.183392     -1.57119
    -0.85765      1.44993      1.56989      2.12643     -1.46845      1.50639    -0.241688
   -0.857646      1.46169      1.57168      2.12643     -1.47754      1.51407    -0.240929
   -0.197745     0.833744   -0.0284963      2.12643     0.116299     0.182832     -1.83839
   -0.213621     0.833673    0.0106154      2.12643   -0.0435105     0.181689      -1.6708
   -0.857563       1.4429      1.56864      2.12643      -1.4631      1.50165    -0.242113
   -0.857671      1.45466      1.57065      2.12643     -1.47208      1.50951    -0.241391
   -0.857597      1.46612      1.57226      2.12643     -1.48101      1.51689    -0.240626
   -0.204127     0.833679   -0.0127746      2.12643    0.0523451     0.181772     -1.77131
   -0.220003     0.833732    0.0263374      2.12643    -0.107566     0.182639     -1.60362
   -0.857626      1.44733      1.56944      2.12643     -1.46646      1.50465    -0.241848
   -0.857663      1.45909      1.57131      2.12643     -1.47551       1.5124    -0.241103
   -0.194634     0.833794   -0.0361593      2.12643     0.147127     0.183638     -1.87074
   -0.210113     0.833662   0.00197245      2.12643  -0.00808975     0.181511     -1.70794
    -0.22559     0.833825    0.0401017      2.12643    -0.162869     0.184125     -1.54558
   -0.857663      1.45206      1.57024      2.12643     -1.47008       1.5078    -0.241555
   -0.857629      1.46352      1.57192      2.12643     -1.47897      1.51524    -0.240805
   -0.200618     0.833708   -0.0214171      2.12643    0.0875979     0.182256     -1.80828
   -0.216495     0.833694    0.0176958      2.12643   -0.0724418     0.182017     -1.64046
   -0.857592      1.44474      1.56898      2.12643     -1.46449       1.5029    -0.242004
   -0.857671      1.45649      1.57093      2.12643      -1.4735      1.51071    -0.241273
   -0.857564      1.46825      1.57252      2.12643     -1.48269      1.51823    -0.240477
   -0.190731     0.833874   -0.0457738      2.12643     0.185361     0.184912     -1.91088
   -0.207001     0.833665  -0.00569411      2.12643    0.0233514     0.181557     -1.74091
    -0.22248     0.833768    0.0324395      2.12643    -0.132197     0.183224     -1.57777
   -0.857646      1.44946      1.56981      2.12643     -1.46809      1.50607    -0.241717
    -0.85765      1.46122      1.57161      2.12643     -1.47717      1.51377    -0.240961
   -0.197111     0.833753   -0.0300583      2.12643     0.122605     0.182981       -1.845
   -0.212987      0.83367   0.00905313      2.12643   -0.0371139     0.181639     -1.67751
    -0.85767      1.45419      1.57058      2.12643     -1.47172       1.5092    -0.241421
   -0.857604      1.46565       1.5722      2.12643     -1.48064      1.51659    -0.240659
   -0.203096     0.833686   -0.0153138      2.12643    0.0627218     0.181889     -1.78219
   -0.218972     0.833719    0.0237986      2.12643   -0.0972732     0.182432     -1.61442
    -0.85762      1.44686      1.56936      2.12643     -1.46611      1.50433    -0.241876
   -0.857666      1.45833       1.5712      2.12643     -1.47492      1.51191    -0.241153
      -0.194     0.833806   -0.0377214      2.12643     0.153375     0.183826      -1.8773
   -0.209082     0.833662 -0.000567436      2.12643   0.00232794     0.181505     -1.71886
   -0.224956     0.833812    0.0385404      2.12643    -0.156645     0.183926     -1.55211
   -0.857659       1.4513      1.57012      2.12643     -1.46949       1.5073    -0.241603
   -0.857634      1.46305      1.57186      2.12643      -1.4786      1.51494    -0.240837
   -0.199588      0.83372    -0.023956      2.12643    0.0979129     0.182444      -1.8191
   -0.215464     0.833685    0.0151563      2.12643   -0.0620778     0.181881     -1.65133
   -0.857585      1.44427       1.5689      2.12643     -1.46413      1.50258    -0.242032
   -0.857671      1.45573      1.57082      2.12643     -1.47291      1.51021    -0.241322
   -0.857577      1.46748      1.57243      2.12643     -1.48208      1.51775    -0.240531
    -0.20597     0.833669  -0.00823346      2.12643    0.0337575     0.181616     -1.75182
   -0.221449     0.833752    0.0299011      2.12643     -0.12197     0.182966     -1.58851
   -0.857639       1.4487      1.56968      2.12643      -1.4675      1.50556    -0.241764
   -0.857656      1.46045      1.57151      2.12643     -1.47658      1.51328    -0.241012
   -0.196477     0.833763     -0.03162      2.12643     0.128899     0.183139     -1.85161
   -0.211956     0.833666   0.00651328      2.12643   -0.0267081     0.181574     -1.68842
   -0.227829     0.833872    0.0456164      2.12643    -0.184738     0.184889     -1.52261
   -0.857668      1.45342      1.57046      2.12643     -1.47113       1.5087    -0.241469
   -0.857614      1.46489       1.5721      2.12643     -1.48004      1.51611    -0.240712
   -0.202462     0.833691   -0.0168761      2.12643    0.0690994     0.181971     -1.78888
   -0.218338     0.833712    0.0222362      2.12643   -0.0909271     0.182314     -1.62107
   -0.857611       1.4461      1.56923      2.12643     -1.46552      1.50382    -0.241922
   -0.857668      1.45786      1.57114      2.12643     -1.47456       1.5116    -0.241184
    -0.19297     0.833826   -0.0402597      2.12643     0.163499     0.184146     -1.88793
   -0.208844     0.833662  -0.00115278      2.12643   0.00472883     0.181506     -1.72138
   -0.224719     0.833808    0.0379548      2.12643    -0.154307     0.183854     -1.55457
   -0.857658      1.45112      1.57009      2.12643     -1.46936      1.50718    -0.241614
   -0.857641      1.46229      1.57176      2.12643     -1.47801      1.51446    -0.240889