   -0.542011      1.05179      -1.5789       1.9561      1.08154      1.38991      2.30257
   -0.541901      1.04048     -1.57103       1.9561        1.073      1.37972       2.3082
   -0.541995      1.02944     -1.56299       1.9561      1.06468      1.36958      2.31383
    -1.18422        0.529    -0.084244       1.9561    0.0693878     0.659207      -2.8375
    -1.20662     0.528376   -0.0434045       1.9561    0.0357854     0.657837     -2.79806
     -1.2285     0.528153  -0.00352788       1.9561   0.00290975     0.657346     -2.75948
    -1.25095     0.528318    0.0373743       1.9561   -0.0308163     0.657709      -2.7199
    -1.27335     0.528883    0.0782262       1.9561   -0.0644428      0.65895     -2.68043
    -1.91885      1.02778      1.56175       1.9561     -1.06342      1.36803     -1.54363
    -1.91897      1.03881      1.56983       1.9561     -1.07174      1.37819     -1.53799
    -1.91889      1.05012      1.57776       1.9561     -1.08028      1.38842     -1.53233
   -0.542175      1.05855     -1.58344       1.9561      1.08666      1.39591      2.29926
   -0.541945      1.04752     -1.57597       1.9561      1.07832      1.38609      2.30468
   -0.541914      1.03621     -1.56796       1.9561      1.06978      1.37582      2.31036
   -0.542093       1.0249     -1.55958       1.9561      1.06125      1.36534      2.31619
    -1.19322     0.528701   -0.0678369       1.9561    0.0559003     0.658551     -2.82167
    -1.21508     0.528245   -0.0279888       1.9561    0.0230806     0.657548     -2.78315
    -1.23753     0.528171    0.0129173       1.9561   -0.0106531     0.657386     -2.74356
     -1.2594     0.528484    0.0527856       1.9561   -0.0435121     0.658074       -2.705
    -1.28178     0.529199     0.093604       1.9561   -0.0770728     0.659644      -2.6656
    -1.91866      1.02073       1.5564       1.9561     -1.05811      1.36143     -1.54732
    -1.91892      1.03204      1.56492       1.9561     -1.06664      1.37198     -1.54143
    -1.91896      1.04335      1.57306       1.9561     -1.07517      1.38233      -1.5357
    -1.91881      1.05439      1.58066       1.9561     -1.08351      1.39222     -1.53023
   -0.542063      1.05429     -1.58059       1.9561      1.08344      1.39214      2.30134
   -0.541908      1.04298      -1.5728       1.9561      1.07489      1.38199      2.30694
   -0.541956      1.03194     -1.56485       1.9561      1.06656      1.37189      2.31254
   -0.542216      1.02063     -1.55632       1.9561      1.05804      1.36134      2.31842
    -1.17928     0.529191   -0.0932555       1.9561    0.0767871     0.659627     -2.84619
    -1.20166      0.52848   -0.0524356       1.9561    0.0432242     0.658065     -2.80679
     -1.2241     0.528167   -0.0115454       1.9561   0.00952202     0.657377     -2.76724
    -1.24599     0.528247    0.0283383       1.9561   -0.0233685     0.657553     -2.72864
    -1.26841     0.528724    0.0692062       1.9561   -0.0570264     0.658601     -2.68914
    -1.91879      1.02528      1.55987       1.9561     -1.06154      1.36569     -1.54493
    -1.91896      1.03631      1.56803       1.9561     -1.06985      1.37591     -1.53925
    -1.91893      1.04762      1.57604       1.9561     -1.07839      1.38618     -1.53357
    -1.91869      1.05893      1.58369       1.9561     -1.08695      1.39624     -1.52802
   -0.541976      1.04974      -1.5775       1.9561         1.08      1.38808      2.30358
   -0.541903      1.03871     -1.56976       1.9561      1.07167      1.37811      2.30909
   -0.542035       1.0274     -1.56147       1.9561      1.06314      1.36767      2.31489
    -1.18827     0.528857   -0.0768579       1.9561    0.0633184     0.658894     -2.83038
    -1.21012     0.528315   -0.0370245       1.9561    0.0305283     0.657703     -2.79189
    -1.23257     0.528153   0.00387728       1.9561  -0.00319767     0.657346     -2.75231
    -1.25501     0.528391    0.0447748       1.9561   -0.0369141     0.657869     -2.71274
    -1.27684     0.529007    0.0845934       1.9561   -0.0696746     0.659222     -2.67429
    -1.91858      1.01851      1.55469       1.9561     -1.05644      1.35934     -1.54849
    -1.91888      1.02954      1.56307       1.9561     -1.06475      1.36967     -1.54272
    -1.91897      1.04085       1.5713       1.9561     -1.07328      1.38006     -1.53695
    -1.91886      1.05189      1.57897       1.9561     -1.08162         1.39     -1.53146
   -0.542125      1.05679     -1.58227       1.9561      1.08533      1.39435      2.30012
   -0.541924      1.04548     -1.57455       1.9561      1.07677      1.38425      2.30569
   -0.541931      1.03416     -1.56647       1.9561      1.06824      1.37394      2.31141
    -0.54214      1.02313     -1.55824       1.9561      1.05992      1.36369      2.31711
    -1.17491     0.529377    -0.101243       1.9561    0.0833397     0.660035     -2.85389
    -1.19671     0.528603   -0.0614636       1.9561    0.0506563     0.658335     -2.81551
    -1.21914     0.528202   -0.0205841       1.9561    0.0169756     0.657454     -2.77598
    -1.24103     0.528196    0.0193002       1.9561   -0.0159167      0.65744     -2.73739
    -1.26346     0.528584    0.0601816       1.9561    -0.049601     0.658294     -2.69785
    -1.28583     0.529371     0.100982       1.9561   -0.0831256     0.660021     -2.65849
    -1.91872      1.02278      1.55797       1.9561     -1.05965      1.36335     -1.54624
    -1.91894      1.03409      1.56642       1.9561     -1.06818      1.37387     -1.54039
    -1.91895      1.04512       1.5743       1.9561     -1.07651      1.38393     -1.53481
    -1.91876      1.05643      1.58203       1.9561     -1.08506      1.39404     -1.52923
    -0.54202      1.05224     -1.57921       1.9561      1.08189      1.39031      2.30234
   -0.541902      1.04121     -1.57155       1.9561      1.07355      1.38038      2.30783
   -0.541988       1.0299     -1.56333       1.9561      1.06502         1.37       2.3136
   -0.542276      1.01887     -1.55496       1.9561      1.05671      1.35967      2.31936
    -1.18333     0.529033   -0.0858734       1.9561    0.0707262     0.659279     -2.83907
    -1.20516     0.528405   -0.0460583       1.9561    0.0379717       0.6579     -2.80062
     -1.2276     0.528154    -0.005162       1.9561   0.00425749     0.657349     -2.76106
    -1.25005     0.528304    0.0357413       1.9561   -0.0294706     0.657678     -2.72148
     -1.2719     0.528834    0.0755769       1.9561   -0.0622651     0.658843     -2.68299
    -1.91883      1.02704       1.5612       1.9561     -1.06287      1.36734     -1.54402
    -1.91897      1.03835      1.56951       1.9561      -1.0714      1.37778     -1.53822
     -1.9189      1.04967      1.57745       1.9561     -1.07994      1.38801     -1.53255
    -1.91863       1.0607      1.58485       1.9561     -1.08829      1.39779     -1.52716
   -0.542188      1.05901     -1.58374       1.9561      1.08701      1.39631      2.29904
   -0.541951      1.04798     -1.57629       1.9561      1.07866       1.3865      2.30445
   -0.541911      1.03666     -1.56829       1.9561      1.07012      1.37623      2.31013
   -0.542075      1.02563     -1.56014       1.9561      1.06181      1.36603      2.31581
    -1.19176     0.528745   -0.0704882       1.9561    0.0580811     0.658648     -2.82423
    -1.21418     0.528256   -0.0296221       1.9561     0.024427     0.657573     -2.78473
    -1.23607     0.528164    0.0102615       1.9561  -0.00846295      0.65737     -2.74613
    -1.25851     0.528464    0.0511529       1.9561   -0.0421676      0.65803     -2.70658
    -1.28089     0.529163     0.091976       1.9561   -0.0757366     0.659564     -2.66717
    -1.91865      1.02028      1.55605       1.9561     -1.05777        1.361     -1.54755
    -1.91891      1.03159      1.56458       1.9561      -1.0663      1.37156     -1.54167
    -1.91897      1.04262      1.57255       1.9561     -1.07462      1.38166     -1.53606
    -1.91882      1.05393      1.58035       1.9561     -1.08317      1.39182     -1.53045
   -0.542073      1.05474      -1.5809       1.9561      1.08378      1.39254      2.30112
   -0.541911      1.04371     -1.57331       1.9561      1.07544      1.38265      2.30658
   -0.541951       1.0324     -1.56518       1.9561       1.0669      1.37231      2.31231
   -0.542202      1.02108     -1.55667       1.9561      1.05838      1.36176      2.31819
    -1.17839     0.529228    -0.094884       1.9561    0.0781235     0.659707     -2.84776
    -1.20021     0.528514   -0.0550885       1.9561    0.0454086      0.65814     -2.80935
    -1.22264     0.528175   -0.0142013       1.9561    0.0117123     0.657395     -2.76981
    -1.24509     0.528236    0.0267049       1.9561   -0.0220219      0.65753     -2.73022
    -1.26695     0.528681    0.0665555       1.9561   -0.0548459     0.658506      -2.6917
    -1.28931      0.52953     0.107338       1.9561   -0.0883355     0.660368     -2.65237
    -1.91878      1.02482      1.55953       1.9561      -1.0612      1.36527     -1.54517
    -1.91896      1.03585       1.5677       1.9561     -1.06951      1.37549     -1.53948
    -1.91893      1.04717      1.57573       1.9561     -1.07805      1.38577     -1.53379
    -1.91871       1.0582      1.58321       1.9561     -1.08639      1.39559     -1.52837
   -0.541988      1.05048     -1.57801       1.9561      1.08055      1.38874      2.30321
   -0.541902      1.03916     -1.57009       1.9561      1.07201      1.37852      2.30886
    -0.54202      1.02813     -1.56201       1.9561      1.06369      1.36836      2.31451
    -1.18682     0.528907   -0.0795074       1.9561     0.065496     0.659003     -2.83293
    -1.20922      0.52833   -0.0386581       1.9561    0.0318746     0.657735     -2.79347
    -1.23167     0.528152   0.00224328       1.9561  -0.00185003     0.657344     -2.75389
    -1.25355     0.528363    0.0421208       1.9561   -0.0347275     0.657808     -2.71531
    -1.27595     0.528974    0.0829638       1.9561   -0.0683359      0.65915     -2.67586
    -1.91887      1.02909      1.56273       1.9561     -1.06441      1.36925     -1.54295
    -1.91897       1.0404      1.57097       1.9561     -1.07294      1.37965     -1.53718
    -1.91887      1.05143      1.57866       1.9561     -1.08128      1.38959     -1.53168
   -0.542137      1.05724     -1.58257       1.9561      1.08567      1.39475       2.2999
   -0.541928      1.04593     -1.57487       1.9561      1.07711      1.38465      2.30547
   -0.541924       1.0349     -1.56701       1.9561      1.06879      1.37461      2.31103
   -0.542128      1.02358     -1.55858       1.9561      1.06026      1.36411      2.31687
    -1.17346     0.529442    -0.103889       1.9561    0.0855086     0.660177     -2.85643
    -1.19582     0.528627   -0.0630953       1.9561    0.0519992     0.658388     -2.81709
    -1.21768     0.528216   -0.0232403       1.9561    0.0191657     0.657484     -2.77855
    -1.24013     0.528188    0.0176672       1.9561   -0.0145701     0.657424     -2.73897
    -1.26256     0.528561    0.0585496       1.9561   -0.0482577     0.658243     -2.69943
    -1.28438     0.529308    0.0983369       1.9561    -0.080956     0.659882     -2.66104
    -1.91871      1.02232      1.55762       1.9561     -1.05931      1.36293     -1.54648
    -1.91893      1.03335      1.56588       1.9561     -1.06763      1.37319     -1.54076
    -1.91896      1.04467      1.57399       1.9561     -1.07616      1.38352     -1.53504
    -1.91878       1.0557      1.58154       1.9561      -1.0845      1.39339     -1.52959
   -0.542034      1.05298     -1.57971       1.9561      1.08244      1.39097      2.30198
   -0.541903      1.04166     -1.57187       1.9561      1.07389      1.38079       2.3076
    -0.54198      1.03035     -1.56367       1.9561      1.06536      1.37042      2.31336
    -0.54226      1.01932     -1.55531       1.9561      1.05705       1.3601      2.31912
    -1.18188     0.529088   -0.0885216       1.9561    0.0729009     0.659401     -2.84163
    -1.20427     0.528423   -0.0476907       1.9561    0.0393164      0.65794      -2.8022
    -1.22671     0.528157  -0.00679648       1.9561    0.0056055     0.657355     -2.76264
    -1.24859     0.528282    0.0330863       1.9561   -0.0272823      0.65763     -2.72405
    -1.27101     0.528805     0.073946       1.9561   -0.0609243     0.658779     -2.68456
    -1.91882      1.02659      1.56086       1.9561     -1.06253      1.36692     -1.54425
    -1.91897       1.0379      1.56918       1.9561     -1.07106      1.37737     -1.53844
    -1.91891      1.04893      1.57695       1.9561     -1.07939      1.38736     -1.53292
    -1.91865      1.06025      1.58456       1.9561     -1.08795       1.3974     -1.52738
   -0.542211      1.05974     -1.58422       1.9561      1.08756      1.39695      2.29868
   -0.541957      1.04843      -1.5766       1.9561        1.079       1.3869      2.30423
   -0.541909      1.03711     -1.56861       1.9561      1.07046      1.37665       2.3099
   -0.542064      1.02608     -1.56048       1.9561      1.06215      1.36645      2.31557
    -1.19087     0.528773   -0.0721184       1.9561    0.0594217     0.658709      -2.8258
    -1.21328     0.528268   -0.0312557       1.9561    0.0257737     0.657599     -2.78631
    -1.23517      0.52816   0.00862718       1.9561  -0.00711507     0.657362     -2.74771
    -1.25761     0.528444    0.0495204       1.9561   -0.0408231     0.657987     -2.70816
    -1.27944     0.529105    0.0893286       1.9561   -0.0735633     0.659438     -2.66972
    -1.91863      1.01982       1.5557       1.9561     -1.05743      1.36058     -1.54779
     -1.9189      1.03085      1.56404       1.9561     -1.06574      1.37088     -1.54204
    -1.91897      1.04217      1.57223       1.9561     -1.07428      1.38125     -1.53629
    -1.91883      1.05348      1.58005       1.9561     -1.08282      1.39142     -1.53068
   -0.542084      1.05519      -1.5812       1.9561      1.08412      1.39294       2.3009
   -0.541914      1.04416     -1.57363       1.9561      1.07578      1.38306      2.30635
   -0.541942      1.03313     -1.56572       1.9561      1.06746      1.37299      2.31193
   -0.542179      1.02182     -1.55724       1.9561      1.05893      1.36245       2.3178
     -1.1775     0.529265   -0.0965122       1.9561    0.0794594     0.659789     -2.84933
    -1.19931     0.528536   -0.0567207       1.9561    0.0467524     0.658188     -2.81093
    -1.22175     0.528181   -0.0158354       1.9561    0.0130598     0.657408     -2.77139
    -1.24364      0.52822    0.0240493       1.9561   -0.0198324     0.657494     -2.73279
    -1.26606     0.528655    0.0649239       1.9561   -0.0535035      0.65845     -2.69327
    -1.28842     0.529488     0.105711       1.9561   -0.0870025     0.660277     -2.65394
    -1.91876      1.02409      1.55897       1.9561     -1.06064      1.36459     -1.54555
    -1.91895       1.0354      1.56738       1.9561     -1.06917      1.37508     -1.53971
    -1.91894      1.04672      1.57541       1.9561     -1.07771      1.38536     -1.53402
    -1.91872      1.05775      1.58291       1.9561     -1.08605       1.3952     -1.52859
   -0.541995      1.05093     -1.57831       1.9561      1.08089      1.38914      2.30299
   -0.541901       1.0399     -1.57061       1.9561      1.07256      1.37919      2.30849
   -0.542011      1.02858     -1.56235       1.9561      1.06403      1.36878      2.31427
    -1.18592     0.528938   -0.0811375       1.9561    0.0668356     0.659072     -2.83451
    -1.20833     0.528345   -0.0402911       1.9561    0.0332202     0.657769     -2.79505
    -1.23021     0.528151 -0.000412107       1.9561  0.000340015     0.657342     -2.75646
    -1.25266     0.528347    0.0404878       1.9561    -0.033382     0.657773     -2.71689
     -1.2745     0.528922    0.0803146       1.9561   -0.0661592     0.659037     -2.67842
    -1.91886      1.02864      1.56239       1.9561     -1.06407      1.36883     -1.54319
    -1.91897      1.03967      1.57045       1.9561     -1.07239      1.37898     -1.53755
    -1.91888       1.0507      1.57816       1.9561     -1.08072      1.38894     -1.53205
    -0.54215      1.05769     -1.58287       1.9561      1.08601      1.39515      2.29968
   -0.541936      1.04666     -1.57538       1.9561      1.07767      1.38532       2.3051
    -0.54192      1.03535     -1.56734       1.9561      1.06913      1.37503       2.3108
   -0.542115      1.02403     -1.55893       1.9561       1.0606      1.36453      2.31664
    -1.17257     0.529483    -0.105515       1.9561    0.0868419     0.660266       -2.858
    -1.19436     0.528668   -0.0657474       1.9561    0.0541813     0.658478     -2.81965
    -1.21679     0.528225    -0.024874       1.9561    0.0205126     0.657505     -2.78013
    -1.23924     0.528182    0.0160325       1.9561   -0.0132221      0.65741     -2.74055
    -1.26111     0.528525    0.0558966       1.9561   -0.0460737     0.658163     -2.70199
    -1.28348      0.52927    0.0967082       1.9561   -0.0796199     0.659799     -2.66261
    -1.91869      1.02159      1.55706       1.9561     -1.05876      1.36224     -1.54686
    -1.91893       1.0329      1.56555       1.9561     -1.06729      1.37278     -1.54099
    -1.91896      1.04393      1.57347       1.9561     -1.07561      1.38285     -1.53541
    -1.91879      1.05525      1.58124       1.9561     -1.08416      1.39298     -1.52981
   -0.542044      1.05343     -1.58001       1.9561      1.08278      1.39137      2.30176
   -0.541904      1.04211     -1.57219       1.9561      1.07424       1.3812      2.30738
   -0.541969      1.03108     -1.56421       1.9561      1.06591       1.3711      2.31298
   -0.542245      1.01977     -1.55566       1.9561      1.05739      1.36053      2.31888
    -1.18098     0.529123   -0.0901506       1.9561    0.0742384     0.659477      -2.8432
    -1.20337     0.528442   -0.0493232       1.9561     0.040661     0.657981     -2.80378
    -1.22525     0.528162  -0.00945234       1.9561   0.00779585     0.657366     -2.76521
     -1.2477     0.528269    0.0314523       1.9561   -0.0259354     0.657602     -2.72563
    -1.27011     0.528776    0.0723156       1.9561   -0.0595836     0.658716     -2.68613
     -1.9188      1.02585      1.56031       1.9561     -1.06197      1.36624     -1.54463
    -1.91897      1.03717      1.56865       1.9561      -1.0705       1.3767     -1.53882
    -1.91892      1.04848      1.57664       1.9561     -1.07904      1.38695     -1.53314
    -1.91867      1.05951      1.58407       1.9561     -1.08739      1.39675     -1.52774
   -0.542225      1.06019     -1.58452       1.9561       1.0879      1.39735      2.29846
   -0.541963      1.04888     -1.57691       1.9561      1.07935      1.38731        2.304
   -0.541906      1.03785     -1.56914       1.9561      1.07102      1.37732      2.30953
   -0.542048      1.02682     -1.56103       1.9561       1.0627      1.36713      2.31519
    -1.18997     0.528801   -0.0737492       1.9561    0.0607627     0.658771     -2.82738
    -1.21183     0.528289   -0.0339108       1.9561    0.0279621     0.657645     -2.78888
    -1.23427     0.528157   0.00699341       1.9561  -0.00576766     0.657355      -2.7493
    -1.25616     0.528414    0.0468667       1.9561   -0.0386373      0.65792     -2.71072
    -1.27855     0.529071    0.0876992       1.9561   -0.0722253     0.659363     -2.67129
    -1.91861      1.01909      1.55514       1.9561     -1.05688      1.35988     -1.54818
    -1.91889       1.0304      1.56371       1.9561      -1.0654      1.37046     -1.54228
    -1.91897      1.04172      1.57191       1.9561     -1.07394      1.38084     -1.53652
    -1.91884      1.05275      1.57955       1.9561     -1.08227      1.39076     -1.53104
   -0.542102      1.05593     -1.58169       1.9561      1.08468      1.39359      2.30054
   -0.541917      1.04461     -1.57395       1.9561      1.07612      1.38347      2.30612
   -0.541937      1.03358     -1.56605       1.9561       1.0678       1.3734       2.3117
   -0.542165      1.02227     -1.55758       1.9561      1.05927      1.36288      2.31756
    -1.17605     0.529327   -0.0991577       1.9561    0.0816295     0.659925     -2.85188
    -1.19842     0.528558   -0.0583533       1.9561    0.0480963     0.658237     -2.81251
    -1.22085     0.528188   -0.0174694       1.9561    0.0144073     0.657423     -2.77297
    -1.24274     0.528211    0.0224158       1.9561   -0.0184856     0.657474     -2.73437
    -1.26516      0.52863    0.0632918       1.9561   -0.0521606     0.658395     -2.69485
    -1.28697     0.529422     0.103067       1.9561   -0.0848348     0.660132     -2.65648
    -1.91875      1.02364      1.55863       1.9561      -1.0603      1.36416     -1.54579
    -1.91895      1.03467      1.56684       1.9561     -1.06862       1.3744     -1.54009
    -1.91894      1.04598       1.5749       1.9561     -1.07716       1.3847     -1.53438
    -1.91874      1.05701      1.58242       1.9561      -1.0855      1.39455     -1.52895
   -0.542009      1.05166     -1.57882       1.9561      1.08145       1.3898      2.30263
   -0.541901      1.04035     -1.57093       1.9561       1.0729       1.3796      2.30827
   -0.542003      1.02903     -1.56269       1.9561      1.06437       1.3692      2.31404
    -1.18503      0.52897   -0.0827669       1.9561    0.0681744     0.659142     -2.83608
    -1.20687     0.528371   -0.0429449       1.9561    0.0354068     0.657827     -2.79761
    -1.22931     0.528152  -0.00204682       1.9561   0.00168825     0.657344     -2.75804
     -1.2512     0.528322    0.0378332       1.9561   -0.0311945     0.657718     -2.71946
    -1.27361     0.528891    0.0786846       1.9561   -0.0648196     0.658969     -2.67999
    -1.91885       1.0279      1.56184       1.9561     -1.06352      1.36814     -1.54357
    -1.91897      1.03893      1.56992       1.9561     -1.07184      1.37831     -1.53792
    -1.91889      1.05025      1.57785       1.9561     -1.08038      1.38853     -1.53227
   -0.542171      1.05843     -1.58336       1.9561      1.08657       1.3958      2.29932
    -0.54194      1.04711     -1.57569       1.9561      1.07801      1.38572      2.30488
   -0.541917       1.0358     -1.56766       1.9561      1.06947      1.37544      2.31057
   -0.542096      1.02477     -1.55948       1.9561      1.06116      1.36522      2.31626
    -1.17167     0.529525    -0.107142       1.9561    0.0881752     0.660357     -2.85957
    -1.19347     0.528694   -0.0673779       1.9561    0.0555228     0.658535     -2.82123
    -1.21589     0.528235   -0.0265075       1.9561    0.0218594     0.657527     -2.78171
    -1.23778     0.528172    0.0133768       1.9561   -0.0110321     0.657389     -2.74312
    -1.26021     0.528503    0.0542643       1.9561   -0.0447297     0.658116     -2.70357
    -1.28259     0.529232    0.0950803       1.9561   -0.0782843     0.659717     -2.66418
    -1.91867      1.02114      1.55672       1.9561     -1.05842      1.36181      -1.5471
    -1.91892      1.03217      1.56501       1.9561     -1.06673       1.3721     -1.54137
    -1.91896      1.04348      1.57315       1.9561     -1.07527      1.38244     -1.53563
     -1.9188       1.0548      1.58093       1.9561     -1.08382      1.39258     -1.53003
   -0.542054      1.05388     -1.58032       1.9561      1.08313      1.39177      2.30154
   -0.541907      1.04285     -1.57271       1.9561      1.07479      1.38187      2.30701
   -0.541962      1.03153     -1.56454       1.9561      1.06625      1.37151      2.31275
    -0.54223      1.02022     -1.55601       1.9561      1.05773      1.36095      2.31864
    -1.18009     0.529159   -0.0917789       1.9561    0.0755751     0.659555     -2.84477
    -1.20192     0.528474   -0.0519768       1.9561    0.0428464     0.658052     -2.80635
    -1.22435     0.528166    -0.011086       1.9561   0.00914313     0.657375     -2.76679
     -1.2468     0.528257    0.0298189       1.9561    -0.024589     0.657576     -2.72721
    -1.26866     0.528731    0.0696647       1.9561   -0.0574036     0.658617     -2.68869
    -1.91879       1.0254      1.55996       1.9561     -1.06163      1.36581     -1.54487
    -1.91896      1.03672      1.56833       1.9561     -1.07016      1.37628     -1.53905
    -1.91893      1.04775      1.57613       1.9561     -1.07849      1.38629     -1.53351
    -1.91868      1.05906      1.58377       1.9561     -1.08705      1.39635     -1.52796
    -0.54224      1.06064     -1.58482       1.9561      1.08825      1.39775      2.29825
   -0.541974      1.04961     -1.57741       1.9561       1.0799      1.38797      2.30364
   -0.541904       1.0383     -1.56947       1.9561      1.07136      1.37773       2.3093
   -0.542044      1.02699     -1.56116       1.9561      1.06283      1.36729       2.3151
    -1.18852     0.528849   -0.0763993       1.9561    0.0629415     0.658876     -2.82993
    -1.21093     0.528302   -0.0355438       1.9561     0.029308     0.657674     -2.79046
    -1.23338     0.528155   0.00535893       1.9561  -0.00441965      0.65735     -2.75088
    -1.25526     0.528396    0.0452342       1.9561   -0.0372926      0.65788      -2.7123
    -1.27765     0.529037    0.0860701       1.9561   -0.0708874     0.659288     -2.67286
    -1.91859      1.01864      1.55479       1.9561     -1.05654      1.35946     -1.54842
    -1.91889      1.02995      1.56337       1.9561     -1.06506      1.37005     -1.54251
    -1.91897      1.04098      1.57138       1.9561     -1.07338      1.38018     -1.53689
    -1.91885       1.0523      1.57925       1.9561     -1.08193      1.39036     -1.53126
   -0.542114      1.05638     -1.58199       1.9561      1.08502      1.39399      2.30032
   -0.541921      1.04507     -1.57426       1.9561      1.07646      1.38388       2.3059
   -0.541935      1.03375     -1.56617       1.9561      1.06793      1.37356      2.31162
    -0.54216      1.02244     -1.55771       1.9561       1.0594      1.36304      2.31747
    -1.17571     0.529342   -0.0997682       1.9561    0.0821302     0.659957     -2.85247
    -1.19696     0.528596   -0.0610049       1.9561    0.0502788      0.65832     -2.81507
    -1.21939       0.5282   -0.0201255       1.9561    0.0165975     0.657449     -2.77554
    -1.24184     0.528203    0.0207819       1.9561   -0.0171384     0.657456     -2.73595
    -1.26427     0.528605    0.0616599       1.9561   -0.0508177     0.658341     -2.69643
    -1.28663     0.529407     0.102457       1.9561   -0.0843348       0.6601     -2.65707
    -1.91873      1.02319      1.55828       1.9561     -1.05996      1.36374     -1.54603
    -1.91895       1.0345      1.56672       1.9561     -1.06849      1.37425     -1.54018
    -1.91895      1.04525      1.57439       1.9561      -1.0766      1.38404     -1.53475
    -1.91875      1.05656      1.58212       1.9561     -1.08515      1.39415     -1.52917