    -0.68845      1.46228      1.57115       2.0586     -1.47469      1.52033   -0.0891715
    -0.68845      1.46228      1.57115       2.0586     -4.61628     -1.52033     -3.23076
  -0.0524344     0.846305   0.00550647       2.0586   -0.0175826     0.236729     -1.48861
  -0.0524344     0.846305   0.00550647       2.0586     -3.15918    -0.236729      1.65299
    -0.68844      1.45534      1.57009       2.0586     -1.46903      1.51616   -0.0895773
    -0.68844      1.45534      1.57009       2.0586     -4.61063     -1.51616     -3.23117
    -0.68842      1.46694      1.57179       2.0586     -1.47852      1.52307   -0.0888852
    -0.68842      1.46694      1.57179       2.0586     -4.62011     -1.52307     -3.23048
  -0.0431713     0.846334   -0.0179543       2.0586    0.0572672     0.237112     -1.56765
  -0.0431713     0.846334   -0.0179543       2.0586     -3.08433    -0.237112      1.57394
  -0.0586613     0.846347     0.021277       2.0586   -0.0678309     0.237283     -1.43554
  -0.0586613     0.846347     0.021277       2.0586     -3.20942    -0.237283      1.70605
   -0.688454      1.45972      1.57078       2.0586     -1.47259       1.5188   -0.0893241
   -0.688454      1.45972      1.57078       2.0586     -4.61418      -1.5188     -3.23092
  -0.0493983     0.846303  -0.00218305       2.0586   0.00697184     0.236696     -1.51454
  -0.0493983     0.846303  -0.00218305       2.0586     -3.13462    -0.236696      1.62706
    -0.68842      1.45278      1.56967       2.0586     -1.46696      1.51459   -0.0897213
    -0.68842      1.45278      1.56967       2.0586     -4.60855     -1.51459     -3.23131
    -0.68844      1.46438      1.57145       2.0586     -1.47641      1.52157   -0.0890439
    -0.68844      1.46438      1.57145       2.0586       -4.618     -1.52157     -3.23064
  -0.0397488     0.846372    -0.026622       2.0586    0.0847892     0.237618     -1.59673
  -0.0397488     0.846372    -0.026622       2.0586      -3.0568    -0.237618      1.54487
  -0.0552386     0.846318    0.0126084       2.0586   -0.0402405     0.236898     -1.46468
  -0.0552386     0.846318    0.0126084       2.0586     -3.18183    -0.236898      1.67691
   -0.688449      1.45715      1.57038       2.0586      -1.4705      1.51726   -0.0894736
   -0.688449      1.45715      1.57038       2.0586      -4.6121     -1.51726     -3.23107
  -0.0459753     0.846314   -0.0108525       2.0586    0.0346425     0.236844     -1.54376
  -0.0459753     0.846314   -0.0108525       2.0586     -3.10695    -0.236844      1.59783
   -0.688451      1.46182      1.57109       2.0586     -1.47431      1.52005   -0.0891993
   -0.688451      1.46182      1.57109       2.0586      -4.6159     -1.52005     -3.23079
  -0.0518156     0.846304   0.00393915       2.0586   -0.0125786      0.23671     -1.49389
  -0.0518156     0.846304   0.00393915       2.0586     -3.15417     -0.23671       1.6477
   -0.688437      1.45488      1.57002       2.0586     -1.46866      1.51588   -0.0896034
   -0.688437      1.45488      1.57002       2.0586     -4.61025     -1.51588      -3.2312
   -0.688426      1.46619      1.57169       2.0586      -1.4779      1.52263   -0.0889322
   -0.688426      1.46619      1.57169       2.0586     -4.61949     -1.52263     -3.23052
  -0.0425525      0.84634   -0.0195214       2.0586    0.0622518     0.237189     -1.57292
  -0.0425525      0.84634   -0.0195214       2.0586     -3.07934    -0.237189      1.56867
  -0.0576557     0.846337    0.0187303       2.0586   -0.0597351      0.23715     -1.44409
  -0.0576557     0.846337    0.0187303       2.0586     -3.20133     -0.23715       1.6975
   -0.688454      1.45925      1.57071       2.0586     -1.47221      1.51852   -0.0893514
   -0.688454      1.45925      1.57071       2.0586     -4.61381     -1.51852     -3.23094
  -0.0483926     0.846304  -0.00473031       2.0586    0.0151054     0.236719     -1.52313
  -0.0483926     0.846304  -0.00473031       2.0586     -3.12649    -0.236719      1.61847
   -0.688415      1.45232      1.56959       2.0586     -1.46659      1.51431   -0.0897473
   -0.688415      1.45232      1.56959       2.0586     -4.60818     -1.51431     -3.23134
   -0.688444      1.46363      1.57135       2.0586     -1.47579      1.52112     -0.08909
   -0.688444      1.46363      1.57135       2.0586     -4.61738     -1.52112     -3.23068
  -0.0546198     0.846314    0.0110413       2.0586   -0.0352438     0.236849     -1.46996
  -0.0546198     0.846314    0.0110413       2.0586     -3.17684    -0.236849      1.67164
   -0.688447      1.45669      1.57031       2.0586     -1.47013      1.51698   -0.0895003
   -0.688447      1.45669      1.57031       2.0586     -4.61172     -1.51698     -3.23109
  -0.0453565     0.846317   -0.0124196       2.0586    0.0396393     0.236892     -1.54904
  -0.0453565     0.846317   -0.0124196       2.0586     -3.10195    -0.236892      1.59256
  -0.0604595     0.846368    0.0258311       2.0586   -0.0822824     0.237564     -1.42027
  -0.0604595     0.846368    0.0258311       2.0586     -3.22388    -0.237564      1.72132
   -0.688452      1.46135      1.57102       2.0586     -1.47393      1.51978    -0.089227
   -0.688452      1.46135      1.57102       2.0586     -4.61552     -1.51978     -3.23082
  -0.0511968     0.846303   0.00237188       2.0586  -0.00757413     0.236697     -1.49918
  -0.0511968     0.846303   0.00237188       2.0586     -3.14917    -0.236697      1.64242
   -0.688434      1.45442      1.56994       2.0586     -1.46828      1.51559   -0.0896297
   -0.688434      1.45442      1.56994       2.0586     -4.60988     -1.51559     -3.23122
    -0.68843      1.46573      1.57163       2.0586     -1.47752      1.52236   -0.0889611
    -0.68843      1.46573      1.57163       2.0586     -4.61911     -1.52236     -3.23055
  -0.0419338     0.846346   -0.0210882       2.0586    0.0672318     0.237273     -1.57818
  -0.0419338     0.846346   -0.0210882       2.0586     -3.07436    -0.237273      1.56341
  -0.0570369     0.846331    0.0171631       2.0586   -0.0547488     0.237076     -1.44936
  -0.0570369     0.846331    0.0171631       2.0586     -3.19634    -0.237076      1.69224
   -0.688453      1.45879      1.57064       2.0586     -1.47184      1.51825   -0.0893785
   -0.688453      1.45879      1.57064       2.0586     -4.61343     -1.51825     -3.23097
  -0.0477738     0.846306  -0.00629763       2.0586    0.0201089     0.236742     -1.52841
  -0.0477738     0.846306  -0.00629763       2.0586     -3.12148    -0.236742      1.61318
   -0.688446      1.46316      1.57128       2.0586     -1.47541      1.52085   -0.0891181
   -0.688446      1.46316      1.57128       2.0586       -4.617     -1.52085     -3.23071
  -0.0536141     0.846309   0.00849427       2.0586   -0.0271188     0.236784     -1.47854
  -0.0536141     0.846309   0.00849427       2.0586     -3.16871    -0.236784      1.66306
   -0.688445      1.45623      1.57024       2.0586     -1.46975       1.5167   -0.0895268
   -0.688445      1.45623      1.57024       2.0586     -4.61134      -1.5167     -3.23112
  -0.0443509     0.846324   -0.0149667       2.0586    0.0477559     0.236984     -1.55761
  -0.0443509     0.846324   -0.0149667       2.0586     -3.09384    -0.236984      1.58398
  -0.0598408      0.84636    0.0242642       2.0586   -0.0773141     0.237461     -1.42552
  -0.0598408      0.84636    0.0242642       2.0586     -3.21891    -0.237461      1.71607
   -0.688453      1.46089      1.57095       2.0586     -1.47355       1.5195   -0.0892546
   -0.688453      1.46089      1.57095       2.0586     -4.61514      -1.5195     -3.23085
  -0.0501911     0.846302 -0.000175204       2.0586  0.000559886     0.236689     -1.50777
  -0.0501911     0.846302 -0.000175204       2.0586     -3.14103    -0.236689      1.63383
   -0.688428      1.45366      1.56982       2.0586     -1.46767      1.51513    -0.089672
   -0.688428      1.45366      1.56982       2.0586     -4.60927     -1.51513     -3.23126
   -0.688436      1.46497      1.57153       2.0586      -1.4769      1.52192   -0.0890074
   -0.688436      1.46497      1.57153       2.0586     -4.61849     -1.52192      -3.2306
  -0.0409282     0.846357   -0.0236349       2.0586    0.0753184     0.237422     -1.58672
  -0.0409282     0.846357   -0.0236349       2.0586     -3.06627    -0.237422      1.55487
  -0.0564182     0.846326     0.015596       2.0586   -0.0497595     0.237009     -1.45463
  -0.0564182     0.846326     0.015596       2.0586     -3.19135    -0.237009      1.68697
   -0.688452      1.45804      1.57052       2.0586     -1.47122      1.51779   -0.0894225
   -0.688452      1.45804      1.57052       2.0586     -4.61282     -1.51779     -3.23102
  -0.0467681      0.84631  -0.00884471       2.0586    0.0282377     0.236792     -1.53699
  -0.0467681      0.84631  -0.00884471       2.0586     -3.11335    -0.236792       1.6046
   -0.688448       1.4627      1.57121       2.0586     -1.47503      1.52058   -0.0891462
   -0.688448       1.4627      1.57121       2.0586     -4.61662     -1.52058     -3.23074
  -0.0529953     0.846307   0.00692691       2.0586   -0.0221168     0.236753     -1.48382
  -0.0529953     0.846307   0.00692691       2.0586     -3.16371    -0.236753      1.65777
   -0.688441      1.45547      1.57011       2.0586     -1.46914      1.51624   -0.0895697
   -0.688441      1.45547      1.57011       2.0586     -4.61073     -1.51624     -3.23116
   -0.688418      1.46707      1.57181       2.0586     -1.47863      1.52314   -0.0888771
   -0.688418      1.46707      1.57181       2.0586     -4.62022     -1.52314     -3.23047
  -0.0437321     0.846329   -0.0165338       2.0586    0.0527462     0.237048     -1.56288
  -0.0437321     0.846329   -0.0165338       2.0586     -3.08885    -0.237048      1.57871
  -0.0588352     0.846348    0.0217175       2.0586   -0.0692303     0.237308     -1.43406
  -0.0588352     0.846348    0.0217175       2.0586     -3.21082    -0.237308      1.70753
   -0.688454      1.45985       1.5708       2.0586      -1.4727      1.51888   -0.0893164
   -0.688454      1.45985       1.5708       2.0586     -4.61429     -1.51888     -3.23091
  -0.0495723     0.846302  -0.00174254       2.0586   0.00556514     0.236694     -1.51305
  -0.0495723     0.846302  -0.00174254       2.0586     -3.13603    -0.236694      1.62854
   -0.688421      1.45291      1.56969       2.0586     -1.46707      1.51467    -0.089714
   -0.688421      1.45291      1.56969       2.0586     -4.60866     -1.51467     -3.23131
   -0.688439      1.46451      1.57147       2.0586     -1.47652      1.52164   -0.0890361
   -0.688439      1.46451      1.57147       2.0586     -4.61811     -1.52164     -3.23063
  -0.0403095     0.846364   -0.0252019       2.0586    0.0802885     0.237522     -1.59197
  -0.0403095     0.846364   -0.0252019       2.0586      -3.0613    -0.237522      1.54962
  -0.0554125     0.846319    0.0130491       2.0586   -0.0416452     0.236913      -1.4632
  -0.0554125     0.846319    0.0130491       2.0586     -3.18324    -0.236913       1.6784
    -0.68845      1.45728       1.5704       2.0586     -1.47061      1.51734   -0.0894661
    -0.68845      1.45728       1.5704       2.0586      -4.6122     -1.51734     -3.23106
  -0.0461493     0.846313   -0.0104119       2.0586    0.0332371     0.236832     -1.54227
  -0.0461493     0.846313   -0.0104119       2.0586     -3.10836    -0.236832      1.59932
    -0.68845      1.46224      1.57115       2.0586     -1.47465       1.5203    -0.089174
    -0.68845      1.46224      1.57115       2.0586     -4.61624      -1.5203     -3.23077