   -0.342168     0.975829   -0.0192554      1.71713    0.0367456     0.448982     -1.94128
   -0.354786     0.975839    0.0228357      1.71713   -0.0435688     0.449114     -1.85794
   -0.912192      1.52981      1.57052      1.71713     -1.53029      1.56455    -0.750403
   -0.912176      1.54026      1.57109      1.71713     -1.54055      1.56664    -0.750313
   -0.346925     0.975804  -0.00338531      1.71713   0.00646351     0.448668     -1.90986
   -0.912207      1.53402      1.57079      1.71713     -1.53441      1.56543    -0.750383
    -0.33938      0.97586   -0.0285554      1.71713    0.0544608     0.449371     -1.95966
   -0.351998     0.975816    0.0135356      1.71713   -0.0258364     0.448818     -1.87634
   -0.912173      1.52751      1.57035      1.71713     -1.52803      1.56404    -0.750405
   -0.912195      1.53795        1.571      1.71713     -1.53828      1.56621    -0.750345
   -0.344137     0.975814   -0.0126871      1.71713     0.024218     0.448799     -1.92828
   -0.356755     0.975863    0.0294032      1.71713   -0.0560736     0.449413     -1.84497
   -0.912202      1.53171      1.57065      1.71713     -1.53214      1.56495    -0.750397
   -0.912158      1.54189      1.57115      1.71713     -1.54215      1.56694    -0.750287
    -0.34921     0.975804   0.00423467      1.71713  -0.00808469     0.448674     -1.89476
   -0.912148      1.52546      1.57018      1.71713     -1.52603      1.56358    -0.750402
   -0.912205      1.53565      1.57088      1.71713     -1.53601      1.56576    -0.750369
   -0.341664     0.975833   -0.0209374      1.71713    0.0399517     0.449041     -1.94461
   -0.353967     0.975831    0.0201035      1.71713    -0.038362     0.449011     -1.86335
   -0.912189       1.5294      1.57049      1.71713     -1.52988      1.56446    -0.750404
   -0.912183      1.53959      1.57107      1.71713     -1.53988      1.56651    -0.750323
   -0.346421     0.975805  -0.00506699      1.71713   0.00967404      0.44868     -1.91319
   -0.912206      1.53334      1.57075      1.71713     -1.53374      1.56529    -0.750388
   -0.338876     0.975867    -0.030236      1.71713    0.0576584     0.449457     -1.96298
   -0.351179     0.975811    0.0108024      1.71713   -0.0206212      0.44876     -1.88175
   -0.912168      1.52709      1.57031      1.71713     -1.52762      1.56395    -0.750405
   -0.912197      1.53754      1.57098      1.71713     -1.53787      1.56613     -0.75035
   -0.343633     0.975817   -0.0143694      1.71713    0.0274275     0.448838     -1.93161
   -0.356251     0.975856     0.027722      1.71713   -0.0528742      0.44933     -1.84829
   -0.912199      1.53103       1.5706      1.71713     -1.53148      1.56481    -0.750399
   -0.912163      1.54148      1.57114      1.71713     -1.54174      1.56686    -0.750294
    -0.34839     0.975803   0.00150126      1.71713  -0.00286609      0.44866     -1.90018
   -0.912138      1.52478      1.57012      1.71713     -1.52537      1.56342      -0.7504
   -0.912206      1.53523      1.57086      1.71713      -1.5356      1.56567    -0.750373
   -0.340845     0.975842   -0.0236696      1.71713    0.0451579     0.449148     -1.95001
   -0.353463     0.975827    0.0184223      1.71713   -0.0351568     0.448955     -1.86667
   -0.912186      1.52898      1.57046      1.71713     -1.52947      1.56437    -0.750405
   -0.912186      1.53917      1.57105      1.71713     -1.53947      1.56644    -0.750329
   -0.345917     0.975806  -0.00674883      1.71713    0.0128846     0.448698     -1.91652
   -0.912206      1.53292      1.57073      1.71713     -1.53333      1.56521     -0.75039
   -0.912142      1.54311      1.57119      1.71713     -1.54335      1.56715    -0.750265
   -0.338372     0.975874   -0.0319171      1.71713    0.0608557     0.449548      -1.9663
   -0.350675     0.975809   0.00912124      1.71713   -0.0174127     0.448731     -1.88508
   -0.912163      1.52667      1.57028      1.71713     -1.52722      1.56385    -0.750404
   -0.912201      1.53686      1.57095      1.71713      -1.5372        1.566    -0.750357
   -0.343129     0.975821     -0.01605      1.71713    0.0306332     0.448883     -1.93494
   -0.355432     0.975846    0.0249897      1.71713    -0.047672     0.449204     -1.85369
   -0.912197      1.53061      1.57058      1.71713     -1.53107      1.56472    -0.750401
   -0.912168      1.54106      1.57112      1.71713     -1.54133      1.56679    -0.750301
   -0.347886     0.975803 -0.000180095      1.71713   0.00034404     0.448658     -1.90351
   -0.912206      1.53481      1.57084      1.71713     -1.53519      1.56559    -0.750377
   -0.340341     0.975848   -0.0253509      1.71713    0.0483603      0.44922     -1.95333
   -0.352959     0.975822    0.0167418      1.71713   -0.0319524     0.448903        -1.87
   -0.912183      1.52856      1.57043      1.71713     -1.52907      1.56428    -0.750405
   -0.912191      1.53849      1.57102      1.71713      -1.5388      1.56631    -0.750338
   -0.345413     0.975808  -0.00843021      1.71713    0.0160941      0.44872     -1.91985
   -0.357715     0.975877    0.0326069      1.71713   -0.0621669     0.449587     -1.83864
   -0.912204      1.53224      1.57068      1.71713     -1.53267      1.56506    -0.750394
   -0.912148      1.54269      1.57118      1.71713     -1.54293      1.56708    -0.750273
   -0.350171     0.975807   0.00744045      1.71713   -0.0142045     0.448706     -1.88841
   -0.912158      1.52625      1.57025      1.71713     -1.52681      1.56376    -0.750404
   -0.912202      1.53644      1.57092      1.71713     -1.53679      1.56591    -0.750362
    -0.34231     0.975828    -0.018783      1.71713    0.0358449     0.448966     -1.94034
   -0.354928     0.975841    0.0233084      1.71713   -0.0444693     0.449133     -1.85701
   -0.912195      1.53019      1.57055      1.71713     -1.53066      1.56463    -0.750402
   -0.912173      1.54064      1.57111      1.71713     -1.54092      1.56671    -0.750308
   -0.347382     0.975803   -0.0018619      1.71713   0.00355502     0.448661     -1.90684
   -0.912207      1.53413       1.5708      1.71713     -1.53452      1.56545    -0.750382
   -0.339837     0.975854   -0.0270317      1.71713    0.0515605     0.449297     -1.95665
    -0.35214     0.975817    0.0140086      1.71713   -0.0267389      0.44883     -1.87541
   -0.912174      1.52762      1.57036      1.71713     -1.52815      1.56407    -0.750405
   -0.912194      1.53807        1.571      1.71713     -1.53839      1.56623    -0.750343
   -0.344594     0.975812   -0.0111632      1.71713    0.0213101     0.448767     -1.92526
   -0.356896     0.975865    0.0298757      1.71713   -0.0569727     0.449438     -1.84403
   -0.912203      1.53182      1.57066      1.71713     -1.53226      1.56498    -0.750396
   -0.912154      1.54227      1.57117      1.71713     -1.54252        1.567    -0.750281
   -0.349351     0.975805   0.00470674      1.71713  -0.00898591     0.448677     -1.89383
   -0.912146      1.52531      1.57017      1.71713     -1.52589      1.56354    -0.750402
   -0.912205      1.53576      1.57089      1.71713     -1.53612      1.56578    -0.750368
   -0.341491     0.975835   -0.0215157      1.71713     0.041054     0.449063     -1.94575
   -0.354108     0.975832    0.0205765      1.71713   -0.0392635     0.449028     -1.86241