   0.480178     1.28818   0.0158527      1.7568   -0.156491   0.0978319   -0.873737
    0.48262     1.28817 0.000403076      1.7568 -0.00401176   0.0966167    -1.02737
   0.485061     1.28818  -0.0150481      1.7568    0.148673   0.0977122     -1.1812
    0.48062     1.28818   0.0130611      1.7568    -0.12928   0.0974424   -0.901155
   0.483337     1.28818 -0.00413728      1.7568   0.0411643   0.0966989    -1.07288
   0.485502     1.28818  -0.0178397      1.7568    0.175718   0.0981536    -1.20845
   0.481337     1.28818  0.00852224      1.7568  -0.0846314   0.0969689   -0.946141
   0.483778     1.28818 -0.00693151      1.7568   0.0688931   0.0968494    -1.10082
   0.481778     1.28818  0.00572714      1.7568  -0.0569504   0.0967754   -0.974031
    0.48422     1.28818 -0.00972345      1.7568   0.0964908   0.0970753    -1.12862
   0.480054     1.28818   0.0166374      1.7568   -0.164098   0.0979545   -0.866071
   0.482496     1.28817  0.00118789      1.7568  -0.0118242   0.0966223    -1.01949
   0.484937     1.28818  -0.0142645      1.7568    0.141039   0.0976016    -1.17351