  -0.965991    0.873312 -0.00317103     1.93879  0.00751171    0.329501    -2.48147
  -0.965991    0.873312 -0.00317103     1.93879    -3.13408   -0.329501    0.660118
   -1.58349     1.46858     1.57082     1.93879    -1.47537      1.5341    -1.15279
   -1.58349     1.46858     1.57082     1.93879    -4.61696     -1.5341      1.9888
  -0.971897    0.873326   0.0127355     1.93879  -0.0301575    0.329655    -2.44152
  -0.971897    0.873326   0.0127355     1.93879    -3.17175   -0.329655    0.700071
   -1.58346     1.46184     1.56978     1.93879    -1.46945     1.53073     -1.1531
   -1.58346     1.46184     1.56978     1.93879    -4.61104    -1.53073     1.98849
   -1.58348      1.4731     1.57144     1.93879    -1.47938      1.5363    -1.15257
   -1.58348      1.4731     1.57144     1.93879    -4.62097     -1.5363     1.98902
  -0.962745    0.873324  -0.0119148     1.93879    0.028216    0.329634    -2.50343
  -0.962745    0.873324  -0.0119148     1.93879    -3.11338   -0.329634    0.638158
   -1.58349     1.46637     1.57049     1.93879    -1.47342     1.53301     -1.1529
   -1.58349     1.46637     1.57049     1.93879    -4.61502    -1.53301      1.9887
  -0.968651    0.873312   0.0039922     1.93879 -0.00945624    0.329507    -2.46348
  -0.968651    0.873312   0.0039922     1.93879    -3.15105   -0.329507    0.678114
   -1.58349     1.47062     1.57111     1.93879    -1.47717      1.5351     -1.1527
   -1.58349     1.47062     1.57111     1.93879    -4.61876     -1.5351      1.9889
  -0.959865    0.873346   -0.019671     1.93879   0.0465592    0.329883    -2.52289
  -0.959865    0.873346   -0.019671     1.93879    -3.09503   -0.329883    0.618701
   -0.97419    0.873344     0.01891     1.93879  -0.0447603    0.329853    -2.42603
   -0.97419    0.873344     0.01891     1.93879    -3.18635   -0.329853     0.71556
   -1.58348     1.46388     1.57011     1.93879    -1.47124     1.53176    -1.15301
   -1.58348     1.46388     1.57011     1.93879    -4.61283    -1.53176     1.98858
   -1.58346     1.47486     1.57167     1.93879    -1.48094     1.53714    -1.15248
   -1.58346     1.47486     1.57167     1.93879    -4.62253    -1.53714     1.98911
  -0.965404    0.873313  -0.0047521     1.93879   0.0112566    0.329513    -2.48545
  -0.965404    0.873313  -0.0047521     1.93879    -3.13034   -0.329513    0.656146
   -1.58349     1.46813     1.57075     1.93879    -1.47497     1.53388    -1.15281
   -1.58349     1.46813     1.57075     1.93879    -4.61656    -1.53388     1.98878
  -0.970943     0.87332   0.0101658     1.93879  -0.0240754    0.329595    -2.44797
  -0.970943     0.87332   0.0101658     1.93879    -3.16567   -0.329595    0.693619
   -1.58348     1.47237     1.57135     1.93879    -1.47873     1.53595    -1.15261
   -1.58348     1.47237     1.57135     1.93879    -4.62032    -1.53595     1.98898
  -0.962158    0.873327  -0.0134959     1.93879   0.0319573    0.329675     -2.5074
  -0.962158    0.873327  -0.0134959     1.93879    -3.10964   -0.329675     0.63419
   -1.58349     1.46564     1.57038     1.93879    -1.47278     1.53264    -1.15293
   -1.58349     1.46564     1.57038     1.93879    -4.61437    -1.53264     1.98866
  -0.968064    0.873311  0.00241095     1.93879 -0.00571078    0.329497    -2.46745
  -0.968064    0.873311  0.00241095     1.93879     -3.1473   -0.329497    0.674142
   -1.58349     1.47017     1.57104     1.93879    -1.47677     1.53488    -1.15272
   -1.58349     1.47017     1.57104     1.93879    -4.61837    -1.53488     1.98888
  -0.958912    0.873356  -0.0222388     1.93879    0.052625    0.329991    -2.52933
  -0.958912    0.873356  -0.0222388     1.93879    -3.08897   -0.329991    0.612267
  -0.973603    0.873338   0.0173294     1.93879  -0.0410239    0.329795       -2.43
  -0.973603    0.873338   0.0173294     1.93879    -3.18262   -0.329795    0.711597
   -1.58347     1.46315     1.56999     1.93879    -1.47059     1.53139    -1.15304
   -1.58347     1.46315     1.56999     1.93879    -4.61219    -1.53139     1.98855
   -1.58347     1.47441     1.57161     1.93879    -1.48054     1.53693    -1.15251
   -1.58347     1.47441     1.57161     1.93879    -4.62213    -1.53693     1.98909
  -0.964817    0.873314 -0.00633329     1.93879   0.0150014    0.329531    -2.48942
  -0.964817    0.873314 -0.00633329     1.93879    -3.12659   -0.329531    0.652174
   -1.58349     1.46768     1.57069     1.93879    -1.47458     1.53366    -1.15284
   -1.58349     1.46768     1.57069     1.93879    -4.61617    -1.53366     1.98876
  -0.970356    0.873318  0.00858557     1.93879  -0.0203343    0.329565    -2.45194
  -0.970356    0.873318  0.00858557     1.93879    -3.16193   -0.329565    0.689652
   -1.58349     1.47192     1.57129     1.93879    -1.47833     1.53573    -1.15263
   -1.58349     1.47192     1.57129     1.93879    -4.61992    -1.53573     1.98896
  -0.961571    0.873332  -0.0150768     1.93879   0.0356973    0.329721    -2.51137
  -0.961571    0.873332  -0.0150768     1.93879     -3.1059   -0.329721    0.630223
  -0.975895    0.873361   0.0235037     1.93879  -0.0556109     0.33005    -2.41452
  -0.975895    0.873361   0.0235037     1.93879     -3.1972    -0.33005     0.72707
   -1.58349     1.46519     1.57031     1.93879    -1.47238     1.53242    -1.15295
   -1.58349     1.46519     1.57031     1.93879    -4.61398    -1.53242     1.98864
   -0.96711    0.873311 -0.00015825     1.93879  0.00037513    0.329491    -2.47391
   -0.96711    0.873311 -0.00015825     1.93879    -3.14122   -0.329491    0.667687
   -1.58349     1.46943     1.57094     1.93879    -1.47613     1.53452    -1.15275
   -1.58349     1.46943     1.57094     1.93879    -4.61772    -1.53452     1.98884
  -0.958325    0.873363  -0.0238199     1.93879   0.0563577    0.330065    -2.53329
  -0.958325    0.873363  -0.0238199     1.93879    -3.08523   -0.330065    0.608307
  -0.973016    0.873334   0.0157483     1.93879   -0.037285    0.329742    -2.43396
  -0.973016    0.873334   0.0157483     1.93879    -3.17888   -0.329742    0.707631
   -1.58347      1.4627     1.56992     1.93879     -1.4702     1.53116    -1.15306
   -1.58347      1.4627     1.56992     1.93879    -4.61179    -1.53116     1.98853
   -1.58347     1.47396     1.57156     1.93879    -1.48014     1.53671    -1.15253
   -1.58347     1.47396     1.57156     1.93879    -4.62173    -1.53671     1.98906
  -0.963863    0.873318 -0.00890177     1.93879   0.0210835    0.329571    -2.49587
  -0.963863    0.873318 -0.00890177     1.93879    -3.12051   -0.329571    0.645723
   -1.58349     1.46723     1.57062     1.93879    -1.47418     1.53343    -1.15286
   -1.58349     1.46723     1.57062     1.93879    -4.61577    -1.53343     1.98874
  -0.969769    0.873315  0.00700539     1.93879  -0.0165926     0.32954    -2.45591
  -0.969769    0.873315  0.00700539     1.93879    -3.15819    -0.32954    0.685683
   -1.58349     1.47147     1.57123     1.93879    -1.47793     1.53551    -1.15265
   -1.58349     1.47147     1.57123     1.93879    -4.61952    -1.53551     1.98894
  -0.960984    0.873336  -0.0166578     1.93879   0.0394364    0.329772    -2.51534
  -0.960984    0.873336  -0.0166578     1.93879    -3.10216   -0.329772    0.626256
  -0.975308    0.873355   0.0219237     1.93879  -0.0518803    0.329977    -2.41848
  -0.975308    0.873355   0.0219237     1.93879    -3.19347   -0.329977    0.723113
   -1.58348     1.46446      1.5702     1.93879    -1.47174     1.53205    -1.15298
   -1.58348     1.46446      1.5702     1.93879    -4.61333    -1.53205     1.98861
  -0.966523    0.873311 -0.00173992     1.93879   0.0041218    0.329494    -2.47788
  -0.966523    0.873311 -0.00173992     1.93879    -3.13747   -0.329494    0.663713
   -1.58349     1.46898     1.57088     1.93879    -1.47573      1.5343    -1.15277
   -1.58349     1.46898     1.57088     1.93879    -4.61732     -1.5343     1.98882
  -0.972062    0.873327   0.0131795     1.93879  -0.0312083    0.329667    -2.44041
  -0.972062    0.873327   0.0131795     1.93879     -3.1728   -0.329667    0.701185
   -1.58347     1.46225     1.56985     1.93879     -1.4698     1.53093    -1.15308
   -1.58347     1.46225     1.56985     1.93879     -4.6114    -1.53093     1.98851
   -1.58348     1.47323     1.57146     1.93879    -1.47949     1.53636    -1.15257
   -1.58348     1.47323     1.57146     1.93879    -4.62108    -1.53636     1.98903
  -0.963277    0.873321  -0.0104829     1.93879   0.0248267    0.329602    -2.49984
  -0.963277    0.873321  -0.0104829     1.93879    -3.11677   -0.329602    0.641753
   -1.58349      1.4665     1.57051     1.93879    -1.47353     1.53307    -1.15289
   -1.58349      1.4665     1.57051     1.93879    -4.61513    -1.53307      1.9887
  -0.969183    0.873313  0.00542527     1.93879  -0.0128505     0.32952    -2.45988
  -0.969183    0.873313  0.00542527     1.93879    -3.15444    -0.32952    0.681714
   -1.58349     1.47102     1.57116     1.93879    -1.47753      1.5353    -1.15268
   -1.58349     1.47102     1.57116     1.93879    -4.61912     -1.5353     1.98892
   -0.96003    0.873345   -0.019227     1.93879   0.0455101    0.329865    -2.52178
   -0.96003    0.873345   -0.019227     1.93879    -3.09608   -0.329865    0.619814
  -0.974722    0.873349   0.0203431     1.93879  -0.0481469     0.32991    -2.42244
  -0.974722    0.873349   0.0203431     1.93879    -3.18974    -0.32991    0.719153
   -1.58348     1.46429     1.57017     1.93879    -1.47159     1.53197    -1.15299
   -1.58348     1.46429     1.57017     1.93879    -4.61319    -1.53197      1.9886
  -0.965569    0.873312 -0.00430769     1.93879    0.010204    0.329509    -2.48433
  -0.965569    0.873312 -0.00430769     1.93879    -3.13139   -0.329509    0.657262