    -1.07242       1.4605      1.56981       1.6509     -1.46093      1.56101    -0.950416
    -1.07242       1.4605      1.56981       1.6509     -4.60252     -1.56101      2.19118
    -1.07243      1.47041      1.57153       1.6509     -1.47067      1.56351     -0.95016
    -1.07243      1.47041      1.57153       1.6509     -4.61226     -1.56351      2.19143
   -0.522671     0.934285  -0.00105095       1.6509   0.00160038      0.55641     -2.05296
   -0.522671     0.934285  -0.00105095       1.6509     -3.13999     -0.55641      1.08864
    -1.07244      1.46433      1.57052       1.6509     -1.46469      1.56202    -0.950327
    -1.07244      1.46433      1.57052       1.6509     -4.60628     -1.56202      2.19127
   -0.527438       0.9343    0.0143063       1.6509   -0.0217797     0.556549     -2.02874
   -0.527438       0.9343    0.0143063       1.6509     -3.16337    -0.556549      1.11285
    -1.07244      1.46816      1.57117       1.6509     -1.46846      1.56297    -0.950225
    -1.07244      1.46816      1.57117       1.6509     -4.61005     -1.56297      2.19137
   -0.519877     0.934292   -0.0100526       1.6509    0.0153054     0.556479     -2.06715
   -0.519877     0.934292   -0.0100526       1.6509     -3.12629    -0.556479      1.07444
    -1.07243      1.46208      1.57011       1.6509     -1.46248      1.56143    -0.950381
    -1.07243      1.46208      1.57011       1.6509     -4.60408     -1.56143      2.19121
   -0.524644     0.934287   0.00530523       1.6509  -0.00807768     0.556428     -2.04293
   -0.524644     0.934287   0.00530523       1.6509     -3.14967    -0.556428      1.09866
    -1.07245      1.46617      1.57084       1.6509      -1.4665      1.56248     -0.95028
    -1.07245      1.46617      1.57084       1.6509     -4.60809     -1.56248      2.19131
   -0.517083     0.934312   -0.0190527       1.6509    0.0290022     0.556658     -2.08133
   -0.517083     0.934312   -0.0190527       1.6509     -3.11259    -0.556658      1.06026
    -1.07243         1.47      1.57147       1.6509     -1.47027      1.56341    -0.950172
    -1.07243         1.47      1.57147       1.6509     -4.61187     -1.56341      2.19142
   -0.522166     0.934285  -0.00267822       1.6509   0.00407812     0.556414     -2.05552
   -0.522166     0.934285  -0.00267822       1.6509     -3.13751    -0.556414      1.08607
    -1.07244      1.46392      1.57044       1.6509     -1.46429      1.56191    -0.950337
    -1.07244      1.46392      1.57044       1.6509     -4.60588     -1.56191      2.19126
   -0.526933     0.934297    0.0126782       1.6509   -0.0193018     0.556519     -2.03131
   -0.526933     0.934297    0.0126782       1.6509     -3.16089    -0.556519      1.11028
    -1.07244      1.46776       1.5711       1.6509     -1.46806      1.56287    -0.950237
    -1.07244      1.46776       1.5711       1.6509     -4.60965     -1.56287      2.19136
   -0.519372     0.934295   -0.0116798       1.6509    0.0177824     0.556503     -2.06971
   -0.519372     0.934295   -0.0116798       1.6509     -3.12381    -0.556503      1.07188
    -1.07243      1.46168      1.57003       1.6509     -1.46208      1.56133     -0.95039
    -1.07243      1.46168      1.57003       1.6509     -4.60368     -1.56133       2.1912
   -0.524139     0.934286   0.00367701       1.6509  -0.00559859     0.556418      -2.0455
   -0.524139     0.934286   0.00367701       1.6509     -3.14719    -0.556418      1.09609
    -1.07245      1.46551      1.57072       1.6509     -1.46585      1.56231    -0.950297
    -1.07245      1.46551      1.57072       1.6509     -4.60744     -1.56231       2.1913
   -0.516578     0.934316   -0.0206798       1.6509    0.0314772     0.556702      -2.0839
   -0.516578     0.934316   -0.0206798       1.6509     -3.11012    -0.556702       1.0577
   -0.529221     0.934315    0.0200517       1.6509   -0.0305214     0.556684     -2.01969
   -0.529221     0.934315    0.0200517       1.6509     -3.17211    -0.556684       1.1219
    -1.07244      1.46934      1.57136       1.6509     -1.46962      1.56325    -0.950191
    -1.07244      1.46934      1.57136       1.6509     -4.61122     -1.56325       2.1914
   -0.521345     0.934287  -0.00532359       1.6509   0.00810594     0.556429     -2.05969
   -0.521345     0.934287  -0.00532359       1.6509     -3.13349    -0.556429       1.0819
    -1.07244      1.46326      1.57033       1.6509     -1.46364      1.56174    -0.950353
    -1.07244      1.46326      1.57033       1.6509     -4.60524     -1.56174      2.19124
   -0.526428     0.934294    0.0110523       1.6509   -0.0168269     0.556493     -2.03387
   -0.526428     0.934294    0.0110523       1.6509     -3.15842    -0.556493      1.10772
    -1.07244      1.46735      1.57104       1.6509     -1.46766      1.56277    -0.950248
    -1.07244      1.46735      1.57104       1.6509     -4.60925     -1.56277      2.19134
   -0.518551       0.9343   -0.0143245       1.6509    0.0218077      0.55655     -2.07388
   -0.518551       0.9343   -0.0143245       1.6509     -3.11978     -0.55655      1.06771
    -1.07243      1.46127      1.56996       1.6509     -1.46169      1.56122    -0.950399
    -1.07243      1.46127      1.56996       1.6509     -4.60328     -1.56122      2.19119
    -1.07242      1.47118      1.57165       1.6509     -1.47143      1.56369    -0.950136
    -1.07242      1.47118      1.57165       1.6509     -4.61303     -1.56369      2.19146
   -0.523634     0.934285   0.00205082       1.6509  -0.00312252     0.556412     -2.04806
   -0.523634     0.934285   0.00205082       1.6509     -3.14472    -0.556412      1.09353
    -1.07245       1.4651      1.57065       1.6509     -1.46545      1.56221    -0.950308
    -1.07245       1.4651      1.57065       1.6509     -4.60705     -1.56221      2.19129
   -0.528401     0.934307    0.0174074       1.6509   -0.0264986     0.556617     -2.02385
   -0.528401     0.934307    0.0174074       1.6509     -3.16809    -0.556617      1.11774
    -1.07244      1.46894       1.5713       1.6509     -1.46922      1.56316    -0.950203
    -1.07244      1.46894       1.5713       1.6509     -4.61082     -1.56316      2.19139
    -0.52084     0.934288  -0.00695032       1.6509    0.0105826     0.556442     -2.06226
    -0.52084     0.934288  -0.00695032       1.6509     -3.13101    -0.556442      1.07933
    -1.07244      1.46286      1.57025       1.6509     -1.46324      1.56164    -0.950363
    -1.07244      1.46286      1.57025       1.6509     -4.60484     -1.56164      2.19123
   -0.525922     0.934291   0.00942457       1.6509   -0.0143491      0.55647     -2.03644
   -0.525922     0.934291   0.00942457       1.6509     -3.15594     -0.55647      1.10516
    -1.07244      1.46695      1.57097       1.6509     -1.46726      1.56267    -0.950259
    -1.07244      1.46695      1.57097       1.6509     -4.60886     -1.56267      2.19133
   -0.518046     0.934304   -0.0159517       1.6509    0.0242839     0.556584     -2.07645
   -0.518046     0.934304   -0.0159517       1.6509     -3.11731    -0.556584      1.06514
    -1.07242      1.46086      1.56988       1.6509     -1.46129      1.56111    -0.950408
    -1.07242      1.46086      1.56988       1.6509     -4.60288     -1.56111      2.19118
    -1.07243      1.47078      1.57159       1.6509     -1.47103      1.56359    -0.950149
    -1.07243      1.47078      1.57159       1.6509     -4.61263     -1.56359      2.19144
   -0.523129     0.934285   0.00042367       1.6509 -0.000644949     0.556409     -2.05063
   -0.523129     0.934285   0.00042367       1.6509     -3.14224    -0.556409      1.09096
    -1.07244       1.4647      1.57058       1.6509     -1.46505      1.56211    -0.950318
    -1.07244       1.4647      1.57058       1.6509     -4.60665     -1.56211      2.19127
    -0.52758     0.934301    0.0147632       1.6509   -0.0224751     0.556558     -2.02802
    -0.52758     0.934301    0.0147632       1.6509     -3.16407    -0.556558      1.11357
    -1.07244      1.46853      1.57123       1.6509     -1.46882      1.56306    -0.950215
    -1.07244      1.46853      1.57123       1.6509     -4.61042     -1.56306      2.19138
   -0.520019     0.934291  -0.00959569       1.6509    0.0146099     0.556472     -2.06643
   -0.520019     0.934291  -0.00959569       1.6509     -3.12698    -0.556472      1.07516
    -1.07243       1.4622      1.57013       1.6509      -1.4626      1.56146    -0.950378
    -1.07243       1.4622      1.57013       1.6509     -4.60419     -1.56146      2.19121
   -0.525102     0.934288   0.00677973       1.6509   -0.0103226     0.556441     -2.04061
   -0.525102     0.934288   0.00677973       1.6509     -3.15192    -0.556441      1.10099
    -1.07245      1.46603      1.57081       1.6509     -1.46636      1.56244    -0.950284
    -1.07245      1.46603      1.57081       1.6509     -4.60796     -1.56244      2.19131
   -0.517225      0.93431   -0.0185958       1.6509    0.0283069     0.556646     -2.08061
   -0.517225      0.93431   -0.0185958       1.6509     -3.11329    -0.556646      1.06098