  -1.34386    1.03709  0.0198158    2.25498   -3.02821   0.151351   0.187875
  -1.34386    1.03709  0.0198158    2.25498   0.113384  -0.151351   -2.95372
  -1.34113    1.03707  0.0111364    2.25498   -3.07771   0.150737   0.235117
  -1.34113    1.03707  0.0111364    2.25498  0.0638873  -0.150737   -2.90648
  -1.33806    1.03706   0.001351    2.25498   -3.13383   0.150457   0.288703
  -1.33806    1.03706   0.001351    2.25498 0.00775925  -0.150457   -2.85289
   -1.3433    1.03708  0.0180465    2.25498   -3.03827   0.151198   0.197472
   -1.3433    1.03708  0.0180465    2.25498   0.103327  -0.151198   -2.94412
  -1.34023    1.03707 0.00826168    2.25498   -3.09417   0.150609   0.250837
  -1.34023    1.03707 0.00826168    2.25498  0.0474211  -0.150609   -2.89076
  -1.34275    1.03708  0.0162781    2.25498   -3.04834    0.15106   0.207084
  -1.34275    1.03708  0.0162781    2.25498  0.0932569   -0.15106   -2.93451
  -1.33968    1.03706 0.00649214    2.25498   -3.10432   0.150549   0.260524
  -1.33968    1.03706 0.00649214    2.25498  0.0372736  -0.150549   -2.88107
  -1.34185    1.03707  0.0134033    2.25498   -3.06474   0.150865   0.222743
  -1.34185    1.03707  0.0134033    2.25498  0.0768506  -0.150865   -2.91885
  -1.33877    1.03706 0.00361729    2.25498   -3.12082   0.150483   0.276277
  -1.33877    1.03706 0.00361729    2.25498  0.0207738  -0.150483   -2.86532
  -1.34129    1.03707  0.0116341    2.25498   -3.07486   0.150763   0.232399
  -1.34129    1.03707  0.0116341    2.25498  0.0667352  -0.150763   -2.90919
  -1.33822    1.03706 0.00184846    2.25498   -3.13098   0.150461   0.285975
  -1.33822    1.03706 0.00184846    2.25498  0.0106162  -0.150461   -2.85562