   -1.25861     1.54635     1.57079     1.81418    -1.54707      1.5649   -0.979569
  -0.666397    0.963321  -0.0153264     1.81418   0.0353214    0.364353    -2.24322
  -0.679588    0.963355   0.0263735     1.81418  -0.0607249    0.364834    -2.14287
   -1.25858     1.53988     1.57049     1.81418    -1.54086     1.56305   -0.979587
    -1.2586     1.55044     1.57092     1.81418    -1.55101     1.56601   -0.979533
    -0.6717    0.963303  0.00143784     1.81418 -0.00331492     0.36411    -2.20285
   -1.25861     1.54396      1.5707     1.81418    -1.54478     1.56423   -0.979581
   -1.25856     1.55479       1.571     1.81418    -1.55521     1.56713   -0.979474
  -0.663482    0.963348  -0.0245407     1.81418   0.0565157    0.364737    -2.26537
  -0.676673    0.963325   0.0171593     1.81418  -0.0395403    0.364415      -2.165
   -1.25855     1.53748     1.57035     1.81418    -1.53857     1.56233   -0.979583
   -1.25861     1.54804     1.57085     1.81418     -1.5487     1.56537   -0.979557
  -0.668785    0.963308 -0.00777698     1.81418   0.0179291    0.364171    -2.22505
  -0.681646    0.963383   0.0328775     1.81418  -0.0756432    0.365235    -2.12728
   -1.25859     1.54157     1.57058     1.81418    -1.54248     1.56354   -0.979587
   -1.25858      1.5524     1.57096     1.81418     -1.5529     1.56652    -0.97951
  -0.673758    0.963308  0.00794405     1.81418  -0.0183137    0.364174    -2.18718
   -1.25861     1.54565     1.57077     1.81418     -1.5464     1.56471   -0.979573
   -0.66587    0.963325  -0.0169913     1.81418   0.0391541    0.364409    -2.24722
  -0.679061    0.963348   0.0247074     1.81418  -0.0568981    0.364745    -2.14686
   -1.25857     1.53917     1.57045     1.81418    -1.54019     1.56284   -0.979587
    -1.2586        1.55     1.57091     1.81418    -1.55059     1.56589   -0.979538
  -0.670843    0.963303 -0.00126988     1.81418  0.00292813     0.36411    -2.20937
    -1.2586     1.54353     1.57068     1.81418    -1.54436     1.56411   -0.979583
   -1.25857     1.55409     1.57099     1.81418    -1.55453     1.56695   -0.979485
  -0.662955    0.963354  -0.0262042     1.81418   0.0603367    0.364825    -2.26936
  -0.676146    0.963321   0.0154937     1.81418   -0.035706    0.364359    -2.16901
   -1.25854     1.53678      1.5703     1.81418     -1.5379     1.56212    -0.97958
   -1.25861     1.54761     1.57084     1.81418    -1.54828     1.56525    -0.97956
  -0.668258     0.96331 -0.00944251     1.81418   0.0217676    0.364201    -2.22906
  -0.681119    0.963375   0.0312126     1.81418  -0.0718277    0.365124    -2.13126
   -1.25859     1.54113     1.57056     1.81418    -1.54207     1.56342   -0.979587
   -1.25859      1.5517     1.57095     1.81418    -1.55222     1.56634   -0.979519
  -0.673231    0.963306  0.00627917     1.81418  -0.0144763    0.364149    -2.19119
   -1.25861     1.54522     1.57075     1.81418    -1.54598     1.56459   -0.979576
   -1.25854     1.55605     1.57101     1.81418    -1.55643     1.56745   -0.979453
  -0.665343    0.963329  -0.0186574     1.81418   0.0429883    0.364471    -2.25123
  -0.678205    0.963339   0.0220007     1.81418  -0.0506776    0.364613    -2.15336
   -1.25857     1.53874     1.57042     1.81418    -1.53977     1.56271   -0.979586
   -1.25861      1.5493     1.57089     1.81418    -1.54991     1.56571   -0.979545
  -0.670317    0.963304 -0.00293642     1.81418  0.00677051    0.364117    -2.21339
    -1.2586     1.54282     1.57064     1.81418    -1.54369     1.56391   -0.979585
   -1.25857     1.55366     1.57098     1.81418    -1.55412     1.56685   -0.979492
  -0.662429    0.963361  -0.0278695     1.81418   0.0641597    0.364919    -2.27335
   -0.67529    0.963315    0.012786     1.81418  -0.0294705    0.364279    -2.17552
   -1.25861     1.54718     1.57082     1.81418    -1.54787     1.56513   -0.979564
  -0.667402    0.963314  -0.0121504     1.81418   0.0280068    0.364262    -2.23558
  -0.680593    0.963368   0.0295483     1.81418  -0.0680112    0.365019    -2.13525
   -1.25858     1.54043     1.57052     1.81418    -1.54139     1.56321   -0.979588
   -1.25859     1.55126     1.57094     1.81418     -1.5518     1.56623   -0.979524
  -0.672705    0.963305   0.0046134     1.81418  -0.0106362     0.36413     -2.1952
   -1.25861     1.54479     1.57073     1.81418    -1.54557     1.56447   -0.979578
   -1.25855     1.55535       1.571     1.81418    -1.55575     1.56727   -0.979465
  -0.664487    0.963337  -0.0213641     1.81418   0.0492143    0.364584    -2.25774
  -0.677678    0.963334   0.0203344     1.81418  -0.0468459     0.36454    -2.15737
   -1.25856     1.53831      1.5704     1.81418    -1.53936     1.56258   -0.979585
   -1.25861     1.54887     1.57088     1.81418     -1.5495     1.56559    -0.97955
   -0.66979    0.963305 -0.00460047     1.81418   0.0106069     0.36413     -2.2174
    -1.2586     1.54239     1.57062     1.81418    -1.54327     1.56378   -0.979586
   -1.25858     1.55322     1.57098     1.81418     -1.5537     1.56674   -0.979498
  -0.661572    0.963372  -0.0305764     1.81418   0.0703695    0.365084    -2.27984
  -0.674763    0.963312   0.0111204     1.81418  -0.0256333    0.364237    -2.17953
   -1.25861     1.54675     1.57081     1.81418    -1.54745     1.56501   -0.979567
  -0.666875    0.963317  -0.0138176     1.81418   0.0318469    0.364308    -2.23959
  -0.680066    0.963361    0.027883     1.81418  -0.0641902    0.364919    -2.13924
   -1.25858        1.54      1.5705     1.81418    -1.54098     1.56309   -0.979588
    -1.2586     1.55083     1.57093     1.81418    -1.55139     1.56611   -0.979529
  -0.671848    0.963304  0.00190562     1.81418 -0.00439344    0.364112    -2.20172
   -1.25861     1.54435     1.57071     1.81418    -1.54515     1.56434    -0.97958
   -1.25855     1.55518       1.571     1.81418    -1.55559     1.56723   -0.979467
   -0.66396    0.963343  -0.0230294     1.81418   0.0530429    0.364662    -2.26174
  -0.677151    0.963329   0.0186698     1.81418  -0.0430164    0.364472    -2.16137
   -1.25856     1.53788     1.57037     1.81418    -1.53895     1.56245   -0.979584
   -1.25861     1.54817     1.57086     1.81418    -1.54882      1.5654   -0.979556
  -0.669263    0.963306 -0.00626701     1.81418   0.0144487    0.364149    -2.22141
    -1.2586     1.54196      1.5706     1.81418    -1.54286     1.56366   -0.979587
   -1.25859     1.55225     1.57096     1.81418    -1.55276     1.56648   -0.979511
  -0.661045     0.96338  -0.0322424     1.81418   0.0741884    0.365192    -2.28383
  -0.674236     0.96331  0.00945538     1.81418  -0.0217968    0.364201    -2.18354
   -1.25861     1.54604     1.57078     1.81418    -1.54678     1.56482   -0.979571