    0.324509      1.27086   -0.0086931      1.77575    0.0873442    0.0953486     -1.31711
    0.320293      1.27087    0.0164153      1.77575    -0.163839    0.0962918     -1.06387
    0.322764      1.27086   0.00169939      1.77575   -0.0171166    0.0949929      -1.2118
    0.325236      1.27086   -0.0130155      1.77575     0.130352     0.095807     -1.36047
     0.32074      1.27087    0.0137537      1.77575     -0.13765    0.0959029     -1.09028
    0.323211      1.27086 -0.000962138      1.77575   0.00969296    0.0949835     -1.23883
    0.325682      1.27087   -0.0156777      1.77575     0.156605    0.0961776     -1.38695
    0.321466      1.27086   0.00942999      1.77575   -0.0947026    0.0954137     -1.13358
    0.323658      1.27086  -0.00362185      1.77575    0.0364699    0.0950432     -1.26582
    0.326409      1.27087   -0.0199989      1.77575     0.198732    0.0969221     -1.42943
    0.321912      1.27086   0.00677031      1.77575   -0.0680932    0.0952032     -1.16041
    0.324384      1.27086  -0.00794587      1.77575    0.0798707    0.0952878     -1.30958
    0.319888      1.27087    0.0188235      1.77575    -0.187337    0.0967019     -1.04017
    0.322359      1.27086   0.00411037      1.77575   -0.0413817    0.0950614     -1.18734