    0.188697     0.776947   -0.0323809       2.1755     0.120012     0.190745       -1.455
    0.172218     0.776836   0.00535402       2.1755   -0.0199471     0.189298     -1.30712
     0.15532     0.777045    0.0440491       2.1755    -0.162519     0.192001     -1.15643
   -0.484377      1.37759      1.56743       2.1755     -1.41308      1.45868     0.179183
   -0.484495      1.38944      1.57044       2.1755     -1.42127      1.46779     0.180506
   -0.484429      1.40099      1.57302       2.1755     -1.42943      1.47639     0.181827
    0.182326     0.776868   -0.0177915       2.1755    0.0661882     0.189708     -1.39811
    0.165423     0.776881    0.0209128       2.1755   -0.0777506     0.189879     -1.24605
   -0.484443      1.38206      1.56861       2.1755     -1.41614      1.46215     0.179679
    -0.48449      1.39391      1.57148       2.1755      -1.4244      1.47114     0.181013
     0.19243     0.777016   -0.0409299       2.1755     0.151214     0.191628     -1.48799
    0.175953     0.776834  -0.00319904       2.1755    0.0119203     0.189272     -1.34078
    0.159053     0.776971    0.0355014       2.1755    -0.131435     0.191044      -1.1893
   -0.484485      1.38682      1.56981       2.1755     -1.41944       1.4658     0.180211
   -0.484459      1.39837      1.57247       2.1755     -1.42756      1.47446     0.181525
     0.18606     0.776909   -0.0263429       2.1755    0.0978113     0.190244     -1.43153
    0.169158      0.77685    0.0123609       2.1755   -0.0460235     0.189475     -1.27957
    0.152684     0.777107    0.0500841       2.1755    -0.184258     0.192796     -1.13342
   -0.484408      1.37944      1.56792       2.1755     -1.41434      1.46012     0.179388
   -0.484496      1.39129      1.57088       2.1755     -1.42256      1.46918     0.180715
   -0.484397      1.40314      1.57346       2.1755     -1.43096      1.47795     0.182076
    0.196163       0.7771   -0.0494761       2.1755     0.182077     0.192712     -1.52065
    0.179688     0.776848   -0.0117516       2.1755    0.0437589     0.189455     -1.37442
    0.162786     0.776912     0.026951       2.1755    -0.100052     0.190289     -1.22248
   -0.484466       1.3842      1.56916       2.1755     -1.41762       1.4638     0.179918
   -0.484481      1.39575       1.5719       2.1755     -1.42571      1.47252     0.181224
    0.189794     0.776966   -0.0348929       2.1755     0.129211     0.190983     -1.46472
    0.172893     0.776834   0.00380772       2.1755   -0.0141871     0.189278      -1.3132
    0.156416     0.777021    0.0415382       2.1755    -0.153422     0.191699     -1.16605
   -0.484368      1.37712       1.5673       2.1755     -1.41275      1.45831     0.179131
   -0.484493      1.38867      1.57026       2.1755     -1.42073       1.4672     0.180419
   -0.484435      1.40052      1.57293       2.1755     -1.42909      1.47604     0.181772
    0.183001     0.776874   -0.0193373       2.1755    0.0719176      0.18979     -1.40417
    0.166521      0.77687    0.0184003       2.1755   -0.0684444     0.189739     -1.25588
   -0.484438      1.38158      1.56849       2.1755     -1.41582      1.46178     0.179626
   -0.484492      1.39343      1.57137       2.1755     -1.42407      1.47079     0.180959
   -0.484365      1.40498      1.57383       2.1755     -1.43229       1.4793     0.182292
    0.193527     0.777039    -0.043441       2.1755     0.160319     0.191926     -1.49763
    0.176628     0.776835  -0.00474484       2.1755     0.017679      0.18929     -1.34686
    0.159727     0.776959     0.033956       2.1755    -0.125782     0.190892     -1.19528
    -0.48448      1.38605      1.56962       2.1755     -1.41891      1.46521     0.180125
   -0.484464       1.3979      1.57237       2.1755     -1.42723      1.47411      0.18147
    0.186735     0.776918   -0.0278887       2.1755     0.103506     0.190362     -1.43755
    0.170256     0.776843   0.00984773       2.1755   -0.0366765     0.189396     -1.28945
    0.153359      0.77709    0.0485397       2.1755    -0.178713     0.192583     -1.13929
     -0.4844      1.37896       1.5678       2.1755     -1.41402      1.45975     0.179336
   -0.484496      1.39081      1.57077       2.1755     -1.42223      1.46882     0.180662
   -0.484409      1.40237      1.57331       2.1755     -1.43041      1.47739     0.181987
    0.196837     0.777117    -0.051021       2.1755     0.187617     0.192929     -1.52651
    0.180363     0.776852   -0.0132982       2.1755    0.0495079      0.18951     -1.38049
    0.163461     0.776903    0.0254059       2.1755   -0.0943545     0.190175      -1.2285
   -0.484461      1.38373      1.56904       2.1755      -1.4173      1.46343     0.179865
   -0.484484      1.39528      1.57179       2.1755     -1.42537      1.47217      0.18117
    0.190469     0.776978   -0.0364385       2.1755     0.134859     0.191139      -1.4707
    0.173991     0.776833   0.00129499       2.1755  -0.00482497      0.18926     -1.32309
    0.157091     0.777008    0.0399928       2.1755    -0.147808     0.191522     -1.17199
   -0.484354      1.37635      1.56709       2.1755     -1.41223      1.45771     0.179046
   -0.484491      1.38819      1.57014       2.1755      -1.4204      1.46684     0.180366
   -0.484441      1.40004      1.57282       2.1755     -1.42875      1.47569     0.181717
    0.183676     0.776881   -0.0208835       2.1755    0.0776434     0.189878     -1.41022
    0.167196     0.776864    0.0168537       2.1755   -0.0627091     0.189662     -1.26194
    0.150723     0.777158    0.0545737       2.1755    -0.200304     0.193452     -1.11643
   -0.484428      1.38081      1.56828       2.1755     -1.41529      1.46119      0.17954
   -0.484494      1.39266       1.5712       2.1755     -1.42353      1.47021     0.180871
   -0.484374      1.40451      1.57374       2.1755     -1.43195      1.47896     0.182237
    0.194202     0.777054    -0.044986       2.1755     0.165907     0.192118     -1.50354
    0.177726     0.776839  -0.00725819       2.1755    0.0270391     0.189333     -1.35675
    0.160824     0.776941    0.0314437       2.1755    -0.116573      0.19066     -1.20502
   -0.484477      1.38558       1.5695       2.1755     -1.41858      1.46485     0.180072
   -0.484468      1.39743      1.57226       2.1755     -1.42689      1.47376     0.181416
    0.187832     0.776934    -0.030401       2.1755     0.112746     0.190569     -1.44732
    0.170931      0.77684   0.00830172       2.1755    -0.030923     0.189356     -1.29552
    0.154033     0.777074    0.0469944       2.1755    -0.173152     0.192377     -1.14518
   -0.484393      1.37849      1.56767       2.1755     -1.41369      1.45939     0.179283
   -0.484496      1.39004      1.57058       2.1755     -1.42169      1.46824     0.180574
   -0.484416      1.40189      1.57321       2.1755     -1.43007      1.47705     0.181932
    0.197934     0.777146   -0.0535313       2.1755     0.196589     0.193295     -1.53601
    0.181039     0.776857   -0.0148441       2.1755    0.0552508     0.189571     -1.38656
    0.164559      0.77689    0.0228935       2.1755   -0.0850768     0.190003     -1.23831
   -0.484454      1.38296      1.56884       2.1755     -1.41677      1.46284     0.179779
   -0.484488      1.39451      1.57162       2.1755     -1.42483       1.4716     0.181082
    0.191566     0.776999     -0.03895       2.1755     0.144015     0.191406     -1.48038
    0.174666     0.776833 -0.000251323       2.1755  0.000936959     0.189258     -1.32918
    0.157766     0.776994    0.0384474       2.1755    -0.142184     0.191351     -1.17794
   -0.484488      1.38743      1.56996       2.1755     -1.41986      1.46626     0.180279
    -0.48445      1.39927      1.57266       2.1755      -1.4282      1.47513     0.181629
    0.184773     0.776893    -0.023396       2.1755    0.0869349     0.190035     -1.42004
    0.167871     0.776859     0.015308       2.1755   -0.0569724     0.189591       -1.268
    0.151398      0.77714    0.0530293       2.1755    -0.194797     0.193221     -1.12226
   -0.484421      1.38034      1.56816       2.1755     -1.41496      1.46082     0.179488
   -0.484495      1.39219      1.57109       2.1755     -1.42319      1.46986     0.180818
   -0.484387      1.40374      1.57359       2.1755      -1.4314       1.4784     0.182147
    0.194877     0.777069   -0.0465311       2.1755     0.171483     0.192316     -1.50944
    0.178401     0.776841  -0.00880413       2.1755    0.0327939     0.189368     -1.36283
    0.161499     0.776931    0.0298983       2.1755    -0.110898     0.190526     -1.21102
   -0.484473       1.3851      1.56938       2.1755     -1.41825      1.46449     0.180019
   -0.484474      1.39666       1.5721       2.1755     -1.42634      1.47319     0.181327
    0.188507     0.776944   -0.0319466       2.1755     0.118419     0.190705     -1.45331
    0.171606     0.776838   0.00675541       2.1755   -0.0251661     0.189323     -1.30161
     0.15513     0.777049    0.0444839       2.1755    -0.164092     0.192055     -1.15476
   -0.484379      1.37772      1.56747       2.1755     -1.41317      1.45879     0.179198
   -0.484495      1.38957      1.57047       2.1755     -1.42136      1.46789     0.180521
   -0.484427      1.40112      1.57305       2.1755     -1.42952      1.47649     0.181843
    0.182136     0.776866   -0.0173564       2.1755    0.0645747     0.189686     -1.39641
    0.165234     0.776883    0.0213473       2.1755   -0.0793586     0.189906     -1.24435
   -0.484448      1.38248      1.56872       2.1755     -1.41644      1.46248     0.179726
    -0.48449      1.39404      1.57151       2.1755      -1.4245      1.47124     0.181028
    0.191819     0.777004   -0.0395294       2.1755     0.146124      0.19147     -1.48261
    0.175341     0.776833  -0.00179745       2.1755   0.00669815     0.189262     -1.33527
    0.158863     0.776974    0.0359356       2.1755    -0.133021     0.191088     -1.18763
   -0.484486      1.38695      1.56984       2.1755     -1.41953       1.4659     0.180226
   -0.484455       1.3988      1.57256       2.1755     -1.42787      1.47478     0.181574
     0.18587     0.776906   -0.0259085       2.1755    0.0962093     0.190211     -1.42984
    0.168968     0.776851    0.0127956       2.1755    -0.047639     0.189491     -1.27787
    0.152073     0.777122    0.0514845       2.1755    -0.189275     0.192995     -1.12811
   -0.484414      1.37987      1.56804       2.1755     -1.41464      1.46045     0.179435
   -0.484496      1.39142      1.57091       2.1755     -1.42265      1.46928      0.18073
   -0.484395      1.40327      1.57349       2.1755     -1.43106      1.47805     0.182092
    0.195551     0.777085   -0.0480761       2.1755     0.177047     0.192521     -1.51533
    0.179498     0.776847    -0.011317       2.1755     0.042143      0.18944     -1.37271
    0.162597     0.776915    0.0273861       2.1755    -0.101654     0.190323     -1.22079
    -0.48447      1.38463      1.56926       2.1755     -1.41792      1.46413     0.179966
    -0.48448      1.39589      1.57193       2.1755      -1.4258      1.47262     0.181239
    0.189182     0.776955   -0.0334919       2.1755     0.124083     0.190848      -1.4593
    0.172281     0.776836   0.00520931       2.1755   -0.0194081     0.189297     -1.30769
    0.156227     0.777025    0.0419725       2.1755    -0.154997      0.19175     -1.16438