   -0.114433      1.53725      1.57069      1.85731     -1.53865      1.56121     0.228635
   -0.114384      1.54796      1.57108      1.85731     -1.54881      1.56462     0.228775
    0.493143     0.948103    -0.031891      1.85731    0.0783285     0.337374     -1.11348
    0.479616     0.948031   0.00935221      1.85731    -0.023018     0.336351     -1.00729
   -0.114375      1.53041      1.57025      1.85731      -1.5322      1.55886     0.228607
   -0.114434      1.54139      1.57088      1.85731     -1.54257      1.56257     0.228675
    0.488043     0.948045   -0.0163424      1.85731     0.040207     0.336549     -1.07353
    0.474516     0.948072    0.0249015      1.85731   -0.0612157     0.336938    -0.967267
    -0.11442      1.53482      1.57055      1.85731     -1.53636      1.56039      0.22862
    -0.11441      1.54554      1.57102      1.85731      -1.5465      1.56387     0.228733
    0.482605     0.948024  0.000237674      1.85731 -0.000584836     0.336254     -1.03079
   -0.114436      1.53896      1.57077      1.85731     -1.54027      1.56178      0.22865
    0.490695      0.94807   -0.0244262      1.85731    0.0600508     0.336912     -1.09433
    0.477505     0.948043    0.0157883      1.85731   -0.0388448     0.336529    -0.990708
   -0.114399      1.53239       1.5704      1.85731     -1.53407      1.55956     0.228611
   -0.114427      1.54311      1.57094      1.85731     -1.54419      1.56311     0.228697
    0.485595      0.94803  -0.00887683      1.85731    0.0218489     0.336341      -1.0543
    0.472406       0.9481    0.0313351      1.85731   -0.0769688     0.337336    -0.950759
    -0.11443      1.53654      1.57065      1.85731     -1.53797      1.56097      0.22863
   -0.114389      1.54752      1.57107      1.85731      -1.5484      1.56448     0.228767
    0.493683     0.948111   -0.0335374      1.85731    0.0823525     0.337493      -1.1177
    0.480157     0.948028   0.00770369      1.85731   -0.0189618      0.33632     -1.01154
   -0.114369      1.52997      1.57022      1.85731     -1.53179      1.55871     0.228607
   -0.114435      1.54095      1.57086      1.85731     -1.54215      1.56242      0.22867
    0.488584     0.948049   -0.0179897      1.85731    0.0442542     0.336611     -1.07777
    0.475057     0.948066    0.0232538      1.85731   -0.0571752      0.33685    -0.971501
   -0.114415      1.53411       1.5705      1.85731     -1.53569      1.56015     0.228617
   -0.114413       1.5451      1.57101      1.85731     -1.54608      1.56374     0.228726
    0.483484     0.948024  -0.00243998      1.85731    0.0060068     0.336261      -1.0377
   -0.114436      1.53853      1.57075      1.85731     -1.53985      1.56163     0.228646
   -0.114367      1.54924      1.57111      1.85731     -1.55003        1.565       0.2288
    0.491573     0.948081   -0.0271031      1.85731    0.0666111     0.337064      -1.1012
    0.478046     0.948039    0.0141405      1.85731   -0.0347944     0.336475    -0.994952
   -0.114394      1.53196      1.57036      1.85731     -1.53366      1.55941      0.22861
   -0.114429      1.54267      1.57093      1.85731     -1.54378      1.56297     0.228691
    0.486135     0.948032   -0.0105253      1.85731    0.0259045     0.336377     -1.05855
    0.472946     0.948092    0.0296892      1.85731   -0.0729425     0.337225    -0.954978
   -0.114428       1.5361      1.57062      1.85731     -1.53756      1.56083     0.228627
   -0.114394      1.54709      1.57106      1.85731     -1.54798      1.56435     0.228759
    0.481035     0.948026   0.00502715      1.85731   -0.0123746     0.336282     -1.01844
   -0.114363      1.52953      1.57019      1.85731     -1.53138      1.55856     0.228607
   -0.114436      1.54024      1.57083      1.85731     -1.54148      1.56219     0.228662
    0.489124     0.948054   -0.0196386      1.85731    0.0483036      0.33668     -1.08202
    0.475935     0.948057    0.0205761      1.85731   -0.0506046     0.336721    -0.978386
   -0.114411      1.53367      1.57048      1.85731     -1.53527         1.56     0.228615
   -0.114417      1.54466      1.57099      1.85731     -1.54567       1.5636     0.228719
    0.484024     0.948025  -0.00408745      1.85731    0.0100622     0.336273     -1.04195
   -0.114434      1.53781      1.57072      1.85731     -1.53918       1.5614      0.22864
   -0.114373       1.5488       1.5711      1.85731     -1.54961      1.56487     0.228792
    0.492113     0.948088   -0.0287507      1.85731    0.0706458     0.337165     -1.10543
    0.478586     0.948036     0.012493      1.85731   -0.0307437     0.336426    -0.999196
   -0.114386      1.53124      1.57032      1.85731     -1.53299      1.55916     0.228608
   -0.114431      1.54223      1.57091      1.85731     -1.54336      1.56283     0.228685
    0.487013     0.948037   -0.0132023      1.85731    0.0324882     0.336446     -1.06545
    0.473486     0.948085    0.0280416      1.85731   -0.0689092     0.337121    -0.959205
   -0.114426      1.53566       1.5706      1.85731     -1.53715      1.56068     0.228625
   -0.114402      1.54637      1.57104      1.85731      -1.5473      1.56413     0.228747
    0.481575     0.948025   0.00337854      1.85731  -0.00831667     0.336267     -1.02269
   -0.114436       1.5398      1.57081      1.85731     -1.54106      1.56205     0.228658
    0.490002     0.948062   -0.0223148      1.85731    0.0548721     0.336803      -1.0889
    0.476475     0.948052    0.0189299      1.85731   -0.0465628     0.336649    -0.982621
   -0.114407      1.53323      1.57045      1.85731     -1.53486      1.55985     0.228613
   -0.114422      1.54394      1.57097      1.85731     -1.54499      1.56338     0.228709
    0.484564     0.948026   -0.0057365      1.85731    0.0141211     0.336291      -1.0462
   -0.114433      1.53737      1.57069      1.85731     -1.53876      1.56125     0.228636
   -0.114379      1.54836      1.57109      1.85731     -1.54919      1.56474     0.228783
    0.492653     0.948096   -0.0303971      1.85731    0.0746751     0.337272     -1.10965
    0.479464     0.948031   0.00981489      1.85731   -0.0241563      0.33636      -1.0061
   -0.114381       1.5308      1.57028      1.85731     -1.53258      1.55901     0.228608
   -0.114433      1.54152      1.57088      1.85731     -1.54268       1.5626     0.228677
    0.487554     0.948041   -0.0148508      1.85731     0.036541     0.336498     -1.06969
    0.474364     0.948074    0.0253647      1.85731   -0.0623509     0.336963    -0.966078
   -0.114421      1.53495      1.57056      1.85731     -1.53647      1.56044     0.228621
   -0.114406      1.54593      1.57103      1.85731     -1.54688        1.564     0.228739
    0.482453     0.948024  0.000700444      1.85731  -0.00172406     0.336255      -1.0296
   -0.114436      1.53936      1.57079      1.85731     -1.54065      1.56191     0.228653
    0.490543     0.948068    -0.023963      1.85731    0.0589149     0.336887     -1.09314
    0.477015     0.948047    0.0172822      1.85731   -0.0425155     0.336584    -0.986862
     -0.1144      1.53252       1.5704      1.85731     -1.53419       1.5596     0.228611
   -0.114425      1.54351      1.57096      1.85731     -1.54457      1.56324     0.228702
    0.485443     0.948029  -0.00841409      1.85731    0.0207104     0.336332     -1.05311
    0.471916     0.948108     0.032829      1.85731    -0.080621     0.337441    -0.946931
   -0.114433      1.53721      1.57068      1.85731     -1.53861       1.5612     0.228635
   -0.114388      1.54765      1.57107      1.85731     -1.54851      1.56452      0.22877