   -1.22137     1.03812   0.0117314     2.16663    -2.98276   0.0639366    0.212487
   -1.22655     1.03817   0.0284606     2.16663    -2.77034   0.0676271  0.00384495
   -1.21834     1.03811  0.00192666     2.16663     -3.1153   0.0631764    0.342819
   -1.22386     1.03814   0.0197641     2.16663    -2.87784   0.0653483    0.109379
   -1.22083     1.03812  0.00995862     2.16663    -3.00646   0.0637189    0.235786
     -1.226     1.03816   0.0266879     2.16663    -2.79166    0.067102   0.0247563
   -1.21779     1.03811 0.000153303     2.16663     -3.1395   0.0631547    0.366619
   -1.22297     1.03813    0.016884     2.16663    -2.91493   0.0647634    0.145818
   -1.21993     1.03812  0.00707817     2.16663    -3.04527   0.0634402    0.273946
   -1.22546     1.03816   0.0249162     2.16663    -2.81327   0.0666086   0.0459756
   -1.22242     1.03813   0.0151112     2.16663    -2.93807   0.0644467    0.168558
    -1.2276     1.03818   0.0318382     2.16663    -2.73067   0.0687052  -0.0350729
   -1.21938     1.03812  0.00530648     2.16663    -3.06928   0.0633151    0.297564
   -1.22456     1.03815   0.0220349     2.16663    -2.84908   0.0658711   0.0811353
   -1.22153     1.03812   0.0122312     2.16663    -2.97611   0.0640037    0.205948
   -1.22705     1.03818   0.0300665     2.16663    -2.75132   0.0681271  -0.0148132
   -1.21884     1.03812  0.00353301     2.16663    -3.09341   0.0632255    0.321286
   -1.22401     1.03814   0.0202634     2.16663    -2.87148   0.0654596     0.10313