    -0.85186      1.04202 -0.000856221      1.26403  0.000996898     0.835539     -2.30988
    -0.85186      1.04202 -0.000856221      1.26403      -3.1406    -0.835539     0.831717
   -0.855456      1.04204    0.0159892      1.26403   -0.0186125     0.835669     -2.29182
   -0.855456      1.04204    0.0159892      1.26403     -3.16021    -0.835669     0.849773
   -0.849753      1.04203   -0.0107293      1.26403    0.0124904     0.835598     -2.32046
   -0.849753      1.04203   -0.0107293      1.26403      -3.1291    -0.835598     0.821135
   -0.853349      1.04203   0.00611717      1.26403  -0.00712131     0.835558      -2.3024
   -0.853349      1.04203   0.00611717      1.26403     -3.14871    -0.835558     0.839193
    -0.85148      1.04203  -0.00264025      1.26403   0.00307383     0.835543     -2.31179
    -0.85148      1.04203  -0.00264025      1.26403     -3.13852    -0.835543     0.829805
   -0.855075      1.04203    0.0142047      1.26403   -0.0165356     0.835642     -2.29373
   -0.855075      1.04203    0.0142047      1.26403     -3.15813    -0.835642     0.847861
   -0.849372      1.04203   -0.0125158      1.26403      0.01457     0.835619     -2.32237
   -0.849372      1.04203   -0.0125158      1.26403     -3.12702    -0.835619     0.819219
   -0.852968      1.04203   0.00433236      1.26403  -0.00504354     0.835549     -2.30431
   -0.852968      1.04203   0.00433236      1.26403     -3.14664    -0.835549     0.837279
    -0.85086      1.04203   -0.0055415      1.26403   0.00645136     0.835555      -2.3149
    -0.85086      1.04203   -0.0055415      1.26403     -3.13514    -0.835555     0.826695
   -0.854694      1.04203     0.012421      1.26403   -0.0144594     0.835618     -2.29564
   -0.854694      1.04203     0.012421      1.26403     -3.15605    -0.835618     0.845949
   -0.848991      1.04203   -0.0142986      1.26403    0.0166451     0.835643     -2.32428
   -0.848991      1.04203   -0.0142986      1.26403     -3.12495    -0.835643     0.817309
   -0.852587      1.04203   0.00254655      1.26403  -0.00296455     0.835542     -2.30623
   -0.852587      1.04203   0.00254655      1.26403     -3.14456    -0.835542     0.835365
   -0.850479      1.04203  -0.00732642      1.26403   0.00852924     0.835566     -2.31681
   -0.850479      1.04203  -0.00732642      1.26403     -3.13306    -0.835566     0.824782
   -0.854075      1.04203   0.00951988      1.26403   -0.0110824     0.835585     -2.29875
   -0.854075      1.04203   0.00951988      1.26403     -3.15268    -0.835585      0.84284
   -0.848372      1.04204   -0.0172017      1.26403    0.0200238      0.83569     -2.32739
   -0.848372      1.04204   -0.0172017      1.26403     -3.12157     -0.83569     0.814198
   -0.851968      1.04202 -0.000353873      1.26403  0.000412072     0.835539     -2.30934
   -0.851968      1.04202 -0.000353873      1.26403     -3.14118    -0.835539     0.832256
   -0.855801      1.04204    0.0176078      1.26403   -0.0204963     0.835697     -2.29009
   -0.855801      1.04204    0.0176078      1.26403     -3.16209    -0.835697     0.851508
   -0.850098      1.04203  -0.00911129      1.26403     0.010607     0.835581     -2.31872
   -0.850098      1.04203  -0.00911129      1.26403     -3.13099    -0.835581     0.822869
   -0.853456      1.04203   0.00662059      1.26403  -0.00770736     0.835561     -2.30186
   -0.853456      1.04203   0.00662059      1.26403      -3.1493    -0.835561     0.839733
   -0.847991      1.04204   -0.0189844      1.26403    0.0220985     0.835722      -2.3293
   -0.847991      1.04204   -0.0189844      1.26403     -3.11949    -0.835722     0.812288
   -0.851587      1.04203   -0.0021385      1.26403    0.0024897     0.835541     -2.31125
   -0.851587      1.04203   -0.0021385      1.26403      -3.1391    -0.835541     0.830343