   -0.542011      1.05179      -1.5789       1.9561      1.08154      1.38991       2.3591
   -0.541901      1.04048     -1.57103       1.9561        1.073      1.37972      2.36473
   -0.541995      1.02944     -1.56299       1.9561      1.06468      1.36958      2.37036
    -1.18422        0.529    -0.084244       1.9561    0.0693878     0.659207     -2.78097
    -1.20662     0.528376   -0.0434045       1.9561    0.0357854     0.657837     -2.74153
     -1.2285     0.528153  -0.00352788       1.9561   0.00290975     0.657346     -2.70295
    -1.25095     0.528318    0.0373743       1.9561   -0.0308163     0.657709     -2.66337
    -1.27335     0.528883    0.0782262       1.9561   -0.0644428      0.65895      -2.6239
    -1.91885      1.02778      1.56175       1.9561     -1.06342      1.36803      -1.4871
    -1.91897      1.03881      1.56983       1.9561     -1.07174      1.37819     -1.48146
    -1.91889      1.05012      1.57776       1.9561     -1.08028      1.38842      -1.4758
   -0.542175      1.05855     -1.58344       1.9561      1.08666      1.39591      2.35579
   -0.541945      1.04752     -1.57597       1.9561      1.07832      1.38609      2.36121
   -0.541914      1.03621     -1.56796       1.9561      1.06978      1.37582      2.36689
   -0.542093       1.0249     -1.55958       1.9561      1.06125      1.36534      2.37272
    -1.19322     0.528701   -0.0678369       1.9561    0.0559003     0.658551     -2.76514
    -1.21508     0.528245   -0.0279888       1.9561    0.0230806     0.657548     -2.72662
    -1.23753     0.528171    0.0129173       1.9561   -0.0106531     0.657386     -2.68703
     -1.2594     0.528484    0.0527856       1.9561   -0.0435121     0.658074     -2.64847
    -1.28178     0.529199     0.093604       1.9561   -0.0770728     0.659644     -2.60907
    -1.91866      1.02073       1.5564       1.9561     -1.05811      1.36143     -1.49078
    -1.91892      1.03204      1.56492       1.9561     -1.06664      1.37198      -1.4849
    -1.91896      1.04335      1.57306       1.9561     -1.07517      1.38233     -1.47917
    -1.91881      1.05439      1.58066       1.9561     -1.08351      1.39222      -1.4737
   -0.542063      1.05429     -1.58059       1.9561      1.08344      1.39214      2.35787
   -0.541908      1.04298      -1.5728       1.9561      1.07489      1.38199      2.36348
   -0.541956      1.03194     -1.56485       1.9561      1.06656      1.37189      2.36907
   -0.542216      1.02063     -1.55632       1.9561      1.05804      1.36134      2.37496
    -1.17928     0.529191   -0.0932555       1.9561    0.0767871     0.659627     -2.78966
    -1.20166      0.52848   -0.0524356       1.9561    0.0432242     0.658065     -2.75026
     -1.2241     0.528167   -0.0115454       1.9561   0.00952202     0.657377     -2.71071
    -1.24599     0.528247    0.0283383       1.9561   -0.0233685     0.657553     -2.67211
    -1.26841     0.528724    0.0692062       1.9561   -0.0570264     0.658601     -2.63261
    -1.91879      1.02528      1.55987       1.9561     -1.06154      1.36569      -1.4884
    -1.91896      1.03631      1.56803       1.9561     -1.06985      1.37591     -1.48272
    -1.91893      1.04762      1.57604       1.9561     -1.07839      1.38618     -1.47704
    -1.91869      1.05893      1.58369       1.9561     -1.08695      1.39624     -1.47149
   -0.541976      1.04974      -1.5775       1.9561         1.08      1.38808      2.36011
   -0.541903      1.03871     -1.56976       1.9561      1.07167      1.37811      2.36562
   -0.542035       1.0274     -1.56147       1.9561      1.06314      1.36767      2.37142
    -1.18827     0.528857   -0.0768579       1.9561    0.0633184     0.658894     -2.77385
    -1.21012     0.528315   -0.0370245       1.9561    0.0305283     0.657703     -2.73536
    -1.23257     0.528153   0.00387728       1.9561  -0.00319767     0.657346     -2.69578
    -1.25501     0.528391    0.0447748       1.9561   -0.0369141     0.657869     -2.65621
    -1.27684     0.529007    0.0845934       1.9561   -0.0696746     0.659222     -2.61776
    -1.91858      1.01851      1.55469       1.9561     -1.05644      1.35934     -1.49196
    -1.91888      1.02954      1.56307       1.9561     -1.06475      1.36967     -1.48619
    -1.91897      1.04085       1.5713       1.9561     -1.07328      1.38006     -1.48042
    -1.91886      1.05189      1.57897       1.9561     -1.08162         1.39     -1.47493
   -0.542125      1.05679     -1.58227       1.9561      1.08533      1.39435      2.35665
   -0.541924      1.04548     -1.57455       1.9561      1.07677      1.38425      2.36223
   -0.541931      1.03416     -1.56647       1.9561      1.06824      1.37394      2.36794
    -0.54214      1.02313     -1.55824       1.9561      1.05992      1.36369      2.37364
    -1.17491     0.529377    -0.101243       1.9561    0.0833397     0.660035     -2.79736
    -1.19671     0.528603   -0.0614636       1.9561    0.0506563     0.658335     -2.75898
    -1.21914     0.528202   -0.0205841       1.9561    0.0169756     0.657454     -2.71945
    -1.24103     0.528196    0.0193002       1.9561   -0.0159167      0.65744     -2.68086
    -1.26346     0.528584    0.0601816       1.9561    -0.049601     0.658294     -2.64132
    -1.28583     0.529371     0.100982       1.9561   -0.0831256     0.660021     -2.60196
    -1.91872      1.02278      1.55797       1.9561     -1.05965      1.36335     -1.48971
    -1.91894      1.03409      1.56642       1.9561     -1.06818      1.37387     -1.48385
    -1.91895      1.04512       1.5743       1.9561     -1.07651      1.38393     -1.47828
    -1.91876      1.05643      1.58203       1.9561     -1.08506      1.39404      -1.4727
    -0.54202      1.05224     -1.57921       1.9561      1.08189      1.39031      2.35887
   -0.541902      1.04121     -1.57155       1.9561      1.07355      1.38038      2.36436
   -0.541988       1.0299     -1.56333       1.9561      1.06502         1.37      2.37013
   -0.542276      1.01887     -1.55496       1.9561      1.05671      1.35967      2.37589
    -1.18333     0.529033   -0.0858734       1.9561    0.0707262     0.659279     -2.78254
    -1.20516     0.528405   -0.0460583       1.9561    0.0379717       0.6579     -2.74409
     -1.2276     0.528154    -0.005162       1.9561   0.00425749     0.657349     -2.70453
    -1.25005     0.528304    0.0357413       1.9561   -0.0294706     0.657678     -2.66495
     -1.2719     0.528834    0.0755769       1.9561   -0.0622651     0.658843     -2.62646
    -1.91883      1.02704       1.5612       1.9561     -1.06287      1.36734     -1.48748
    -1.91897      1.03835      1.56951       1.9561      -1.0714      1.37778     -1.48168
     -1.9189      1.04967      1.57745       1.9561     -1.07994      1.38801     -1.47602
    -1.91863       1.0607      1.58485       1.9561     -1.08829      1.39779     -1.47063
   -0.542188      1.05901     -1.58374       1.9561      1.08701      1.39631      2.35557
   -0.541951      1.04798     -1.57629       1.9561      1.07866       1.3865      2.36098
   -0.541911      1.03666     -1.56829       1.9561      1.07012      1.37623      2.36666
   -0.542075      1.02563     -1.56014       1.9561      1.06181      1.36603      2.37234
    -1.19176     0.528745   -0.0704882       1.9561    0.0580811     0.658648      -2.7677
    -1.21418     0.528256   -0.0296221       1.9561     0.024427     0.657573      -2.7282
    -1.23607     0.528164    0.0102615       1.9561  -0.00846295      0.65737      -2.6896
    -1.25851     0.528464    0.0511529       1.9561   -0.0421676      0.65803     -2.65005
    -1.28089     0.529163     0.091976       1.9561   -0.0757366     0.659564     -2.61064
    -1.91865      1.02028      1.55605       1.9561     -1.05777        1.361     -1.49102
    -1.91891      1.03159      1.56458       1.9561      -1.0663      1.37156     -1.48514
    -1.91897      1.04262      1.57255       1.9561     -1.07462      1.38166     -1.47953
    -1.91882      1.05393      1.58035       1.9561     -1.08317      1.39182     -1.47392
   -0.542073      1.05474      -1.5809       1.9561      1.08378      1.39254      2.35765
   -0.541911      1.04371     -1.57331       1.9561      1.07544      1.38265      2.36311
   -0.541951       1.0324     -1.56518       1.9561       1.0669      1.37231      2.36884
   -0.542202      1.02108     -1.55667       1.9561      1.05838      1.36176      2.37472
    -1.17839     0.529228    -0.094884       1.9561    0.0781235     0.659707     -2.79123
    -1.20021     0.528514   -0.0550885       1.9561    0.0454086      0.65814     -2.75282
    -1.22264     0.528175   -0.0142013       1.9561    0.0117123     0.657395     -2.71328
    -1.24509     0.528236    0.0267049       1.9561   -0.0220219      0.65753     -2.67369
    -1.26695     0.528681    0.0665555       1.9561   -0.0548459     0.658506     -2.63517
    -1.28931      0.52953     0.107338       1.9561   -0.0883355     0.660368     -2.59584
    -1.91878      1.02482      1.55953       1.9561      -1.0612      1.36527     -1.48864
    -1.91896      1.03585       1.5677       1.9561     -1.06951      1.37549     -1.48295
    -1.91893      1.04717      1.57573       1.9561     -1.07805      1.38577     -1.47726
    -1.91871       1.0582      1.58321       1.9561     -1.08639      1.39559     -1.47184
   -0.541988      1.05048     -1.57801       1.9561      1.08055      1.38874      2.35974
   -0.541902      1.03916     -1.57009       1.9561      1.07201      1.37852       2.3654
    -0.54202      1.02813     -1.56201       1.9561      1.06369      1.36836      2.37104
    -1.18682     0.528907   -0.0795074       1.9561     0.065496     0.659003      -2.7764
    -1.20922      0.52833   -0.0386581       1.9561    0.0318746     0.657735     -2.73694
    -1.23167     0.528152   0.00224328       1.9561  -0.00185003     0.657344     -2.69736
    -1.25355     0.528363    0.0421208       1.9561   -0.0347275     0.657808     -2.65878
    -1.27595     0.528974    0.0829638       1.9561   -0.0683359      0.65915     -2.61933
    -1.91887      1.02909      1.56273       1.9561     -1.06441      1.36925     -1.48642
    -1.91897       1.0404      1.57097       1.9561     -1.07294      1.37965     -1.48065
    -1.91887      1.05143      1.57866       1.9561     -1.08128      1.38959     -1.47515
   -0.542137      1.05724     -1.58257       1.9561      1.08567      1.39475      2.35643
   -0.541928      1.04593     -1.57487       1.9561      1.07711      1.38465        2.362
   -0.541924       1.0349     -1.56701       1.9561      1.06879      1.37461      2.36756
   -0.542128      1.02358     -1.55858       1.9561      1.06026      1.36411      2.37341
    -1.17346     0.529442    -0.103889       1.9561    0.0855086     0.660177      -2.7999
    -1.19582     0.528627   -0.0630953       1.9561    0.0519992     0.658388     -2.76056
    -1.21768     0.528216   -0.0232403       1.9561    0.0191657     0.657484     -2.72202
    -1.24013     0.528188    0.0176672       1.9561   -0.0145701     0.657424     -2.68244
    -1.26256     0.528561    0.0585496       1.9561   -0.0482577     0.658243      -2.6429
    -1.28438     0.529308    0.0983369       1.9561    -0.080956     0.659882     -2.60451
    -1.91871      1.02232      1.55762       1.9561     -1.05931      1.36293     -1.48995
    -1.91893      1.03335      1.56588       1.9561     -1.06763      1.37319     -1.48423
    -1.91896      1.04467      1.57399       1.9561     -1.07616      1.38352     -1.47851
    -1.91878       1.0557      1.58154       1.9561      -1.0845      1.39339     -1.47306
   -0.542034      1.05298     -1.57971       1.9561      1.08244      1.39097      2.35851
   -0.541903      1.04166     -1.57187       1.9561      1.07389      1.38079      2.36414
    -0.54198      1.03035     -1.56367       1.9561      1.06536      1.37042      2.36989
    -0.54226      1.01932     -1.55531       1.9561      1.05705       1.3601      2.37565
    -1.18188     0.529088   -0.0885216       1.9561    0.0729009     0.659401      -2.7851
    -1.20427     0.528423   -0.0476907       1.9561    0.0393164      0.65794     -2.74567
    -1.22671     0.528157  -0.00679648       1.9561    0.0056055     0.657355     -2.70611
    -1.24859     0.528282    0.0330863       1.9561   -0.0272823      0.65763     -2.66752
    -1.27101     0.528805     0.073946       1.9561   -0.0609243     0.658779     -2.62803
    -1.91882      1.02659      1.56086       1.9561     -1.06253      1.36692     -1.48772
    -1.91897       1.0379      1.56918       1.9561     -1.07106      1.37737     -1.48191
    -1.91891      1.04893      1.57695       1.9561     -1.07939      1.38736     -1.47639
    -1.91865      1.06025      1.58456       1.9561     -1.08795       1.3974     -1.47085
   -0.542211      1.05974     -1.58422       1.9561      1.08756      1.39695      2.35521
   -0.541957      1.04843      -1.5766       1.9561        1.079       1.3869      2.36076
   -0.541909      1.03711     -1.56861       1.9561      1.07046      1.37665      2.36643
   -0.542064      1.02608     -1.56048       1.9561      1.06215      1.36645       2.3721
    -1.19087     0.528773   -0.0721184       1.9561    0.0594217     0.658709     -2.76927
    -1.21328     0.528268   -0.0312557       1.9561    0.0257737     0.657599     -2.72978
    -1.23517      0.52816   0.00862718       1.9561  -0.00711507     0.657362     -2.69118
    -1.25761     0.528444    0.0495204       1.9561   -0.0408231     0.657987     -2.65163
    -1.27944     0.529105    0.0893286       1.9561   -0.0735633     0.659438     -2.61319
    -1.91863      1.01982       1.5557       1.9561     -1.05743      1.36058     -1.49126
     -1.9189      1.03085      1.56404       1.9561     -1.06574      1.37088     -1.48551
    -1.91897      1.04217      1.57223       1.9561     -1.07428      1.38125     -1.47976
    -1.91883      1.05348      1.58005       1.9561     -1.08282      1.39142     -1.47414
   -0.542084      1.05519      -1.5812       1.9561      1.08412      1.39294      2.35743
   -0.541914      1.04416     -1.57363       1.9561      1.07578      1.38306      2.36288
   -0.541942      1.03313     -1.56572       1.9561      1.06746      1.37299      2.36846
   -0.542179      1.02182     -1.55724       1.9561      1.05893      1.36245      2.37433
     -1.1775     0.529265   -0.0965122       1.9561    0.0794594     0.659789      -2.7928
    -1.19931     0.528536   -0.0567207       1.9561    0.0467524     0.658188      -2.7544
    -1.22175     0.528181   -0.0158354       1.9561    0.0130598     0.657408     -2.71486
    -1.24364      0.52822    0.0240493       1.9561   -0.0198324     0.657494     -2.67626
    -1.26606     0.528655    0.0649239       1.9561   -0.0535035      0.65845     -2.63674
    -1.28842     0.529488     0.105711       1.9561   -0.0870025     0.660277     -2.59741
    -1.91876      1.02409      1.55897       1.9561     -1.06064      1.36459     -1.48902
    -1.91895       1.0354      1.56738       1.9561     -1.06917      1.37508     -1.48318
    -1.91894      1.04672      1.57541       1.9561     -1.07771      1.38536     -1.47749
    -1.91872      1.05775      1.58291       1.9561     -1.08605       1.3952     -1.47206
   -0.541995      1.05093     -1.57831       1.9561      1.08089      1.38914      2.35952
   -0.541901       1.0399     -1.57061       1.9561      1.07256      1.37919      2.36502
   -0.542011      1.02858     -1.56235       1.9561      1.06403      1.36878      2.37081
    -1.18592     0.528938   -0.0811375       1.9561    0.0668356     0.659072     -2.77798
    -1.20833     0.528345   -0.0402911       1.9561    0.0332202     0.657769     -2.73852
    -1.23021     0.528151 -0.000412107       1.9561  0.000340015     0.657342     -2.69993
    -1.25266     0.528347    0.0404878       1.9561    -0.033382     0.657773     -2.66036
     -1.2745     0.528922    0.0803146       1.9561   -0.0661592     0.659037     -2.62188
    -1.91886      1.02864      1.56239       1.9561     -1.06407      1.36883     -1.48666
    -1.91897      1.03967      1.57045       1.9561     -1.07239      1.37898     -1.48102
    -1.91888       1.0507      1.57816       1.9561     -1.08072      1.38894     -1.47551
    -0.54215      1.05769     -1.58287       1.9561      1.08601      1.39515      2.35621
   -0.541936      1.04666     -1.57538       1.9561      1.07767      1.38532      2.36163
    -0.54192      1.03535     -1.56734       1.9561      1.06913      1.37503      2.36733
   -0.542115      1.02403     -1.55893       1.9561       1.0606      1.36453      2.37317
    -1.17257     0.529483    -0.105515       1.9561    0.0868419     0.660266     -2.80147
    -1.19436     0.528668   -0.0657474       1.9561    0.0541813     0.658478     -2.76312
    -1.21679     0.528225    -0.024874       1.9561    0.0205126     0.657505      -2.7236
    -1.23924     0.528182    0.0160325       1.9561   -0.0132221      0.65741     -2.68402
    -1.26111     0.528525    0.0558966       1.9561   -0.0460737     0.658163     -2.64546
    -1.28348      0.52927    0.0967082       1.9561   -0.0796199     0.659799     -2.60608
    -1.91869      1.02159      1.55706       1.9561     -1.05876      1.36224     -1.49033
    -1.91893       1.0329      1.56555       1.9561     -1.06729      1.37278     -1.48446
    -1.91896      1.04393      1.57347       1.9561     -1.07561      1.38285     -1.47888
    -1.91879      1.05525      1.58124       1.9561     -1.08416      1.39298     -1.47328
   -0.542044      1.05343     -1.58001       1.9561      1.08278      1.39137      2.35829
   -0.541904      1.04211     -1.57219       1.9561      1.07424       1.3812      2.36391
   -0.541969      1.03108     -1.56421       1.9561      1.06591       1.3711      2.36952
   -0.542245      1.01977     -1.55566       1.9561      1.05739      1.36053      2.37541
    -1.18098     0.529123   -0.0901506       1.9561    0.0742384     0.659477     -2.78667
    -1.20337     0.528442   -0.0493232       1.9561     0.040661     0.657981     -2.74725
    -1.22525     0.528162  -0.00945234       1.9561   0.00779585     0.657366     -2.70868
     -1.2477     0.528269    0.0314523       1.9561   -0.0259354     0.657602      -2.6691
    -1.27011     0.528776    0.0723156       1.9561   -0.0595836     0.658716      -2.6296
     -1.9188      1.02585      1.56031       1.9561     -1.06197      1.36624      -1.4881
    -1.91897      1.03717      1.56865       1.9561      -1.0705       1.3767     -1.48229
    -1.91892      1.04848      1.57664       1.9561     -1.07904      1.38695     -1.47661
    -1.91867      1.05951      1.58407       1.9561     -1.08739      1.39675      -1.4712
   -0.542225      1.06019     -1.58452       1.9561       1.0879      1.39735        2.355
   -0.541963      1.04888     -1.57691       1.9561      1.07935      1.38731      2.36053
   -0.541906      1.03785     -1.56914       1.9561      1.07102      1.37732      2.36606
   -0.542048      1.02682     -1.56103       1.9561       1.0627      1.36713      2.37172
    -1.18997     0.528801   -0.0737492       1.9561    0.0607627     0.658771     -2.77085
    -1.21183     0.528289   -0.0339108       1.9561    0.0279621     0.657645     -2.73235
    -1.23427     0.528157   0.00699341       1.9561  -0.00576766     0.657355     -2.69276
    -1.25616     0.528414    0.0468667       1.9561   -0.0386373      0.65792     -2.65419
    -1.27855     0.529071    0.0876992       1.9561   -0.0722253     0.659363     -2.61476
    -1.91861      1.01909      1.55514       1.9561     -1.05688      1.35988     -1.49165
    -1.91889       1.0304      1.56371       1.9561      -1.0654      1.37046     -1.48575
    -1.91897      1.04172      1.57191       1.9561     -1.07394      1.38084     -1.47999
    -1.91884      1.05275      1.57955       1.9561     -1.08227      1.39076     -1.47451
   -0.542102      1.05593     -1.58169       1.9561      1.08468      1.39359      2.35707
   -0.541917      1.04461     -1.57395       1.9561      1.07612      1.38347      2.36266
   -0.541937      1.03358     -1.56605       1.9561       1.0678       1.3734      2.36823
   -0.542165      1.02227     -1.55758       1.9561      1.05927      1.36288      2.37409
    -1.17605     0.529327   -0.0991577       1.9561    0.0816295     0.659925     -2.79535
    -1.19842     0.528558   -0.0583533       1.9561    0.0480963     0.658237     -2.75598
    -1.22085     0.528188   -0.0174694       1.9561    0.0144073     0.657423     -2.71644
    -1.24274     0.528211    0.0224158       1.9561   -0.0184856     0.657474     -2.67784
    -1.26516      0.52863    0.0632918       1.9561   -0.0521606     0.658395     -2.63832
    -1.28697     0.529422     0.103067       1.9561   -0.0848348     0.660132     -2.59995
    -1.91875      1.02364      1.55863       1.9561      -1.0603      1.36416     -1.48926
    -1.91895      1.03467      1.56684       1.9561     -1.06862       1.3744     -1.48356
    -1.91894      1.04598       1.5749       1.9561     -1.07716       1.3847     -1.47785
    -1.91874      1.05701      1.58242       1.9561      -1.0855      1.39455     -1.47242
   -0.542009      1.05166     -1.57882       1.9561      1.08145       1.3898      2.35916
   -0.541901      1.04035     -1.57093       1.9561       1.0729       1.3796       2.3648
   -0.542003      1.02903     -1.56269       1.9561      1.06437       1.3692      2.37057
    -1.18503      0.52897   -0.0827669       1.9561    0.0681744     0.659142     -2.77955
    -1.20687     0.528371   -0.0429449       1.9561    0.0354068     0.657827     -2.74108
    -1.22931     0.528152  -0.00204682       1.9561   0.00168825     0.657344     -2.70151
     -1.2512     0.528322    0.0378332       1.9561   -0.0311945     0.657718     -2.66293
    -1.27361     0.528891    0.0786846       1.9561   -0.0648196     0.658969     -2.62346
    -1.91885       1.0279      1.56184       1.9561     -1.06352      1.36814     -1.48704
    -1.91897      1.03893      1.56992       1.9561     -1.07184      1.37831     -1.48139
    -1.91889      1.05025      1.57785       1.9561     -1.08038      1.38853     -1.47574
   -0.542171      1.05843     -1.58336       1.9561      1.08657       1.3958      2.35585
    -0.54194      1.04711     -1.57569       1.9561      1.07801      1.38572      2.36141
   -0.541917       1.0358     -1.56766       1.9561      1.06947      1.37544       2.3671
   -0.542096      1.02477     -1.55948       1.9561      1.06116      1.36522      2.37279
    -1.17167     0.529525    -0.107142       1.9561    0.0881752     0.660357     -2.80304
    -1.19347     0.528694   -0.0673779       1.9561    0.0555228     0.658535     -2.76469
    -1.21589     0.528235   -0.0265075       1.9561    0.0218594     0.657527     -2.72518
    -1.23778     0.528172    0.0133768       1.9561   -0.0110321     0.657389     -2.68659
    -1.26021     0.528503    0.0542643       1.9561   -0.0447297     0.658116     -2.64704
    -1.28259     0.529232    0.0950803       1.9561   -0.0782843     0.659717     -2.60765
    -1.91867      1.02114      1.55672       1.9561     -1.05842      1.36181     -1.49057
    -1.91892      1.03217      1.56501       1.9561     -1.06673       1.3721     -1.48484
    -1.91896      1.04348      1.57315       1.9561     -1.07527      1.38244      -1.4791
     -1.9188       1.0548      1.58093       1.9561     -1.08382      1.39258      -1.4735
   -0.542054      1.05388     -1.58032       1.9561      1.08313      1.39177      2.35807
   -0.541907      1.04285     -1.57271       1.9561      1.07479      1.38187      2.36354
   -0.541962      1.03153     -1.56454       1.9561      1.06625      1.37151      2.36928
    -0.54223      1.02022     -1.55601       1.9561      1.05773      1.36095      2.37517
    -1.18009     0.529159   -0.0917789       1.9561    0.0755751     0.659555     -2.78824
    -1.20192     0.528474   -0.0519768       1.9561    0.0428464     0.658052     -2.74981
    -1.22435     0.528166    -0.011086       1.9561   0.00914313     0.657375     -2.71026
     -1.2468     0.528257    0.0298189       1.9561    -0.024589     0.657576     -2.67068
    -1.26866     0.528731    0.0696647       1.9561   -0.0574036     0.658617     -2.63216
    -1.91879       1.0254      1.55996       1.9561     -1.06163      1.36581     -1.48834
    -1.91896      1.03672      1.56833       1.9561     -1.07016      1.37628     -1.48252
    -1.91893      1.04775      1.57613       1.9561     -1.07849      1.38629     -1.47698
    -1.91868      1.05906      1.58377       1.9561     -1.08705      1.39635     -1.47142
    -0.54224      1.06064     -1.58482       1.9561      1.08825      1.39775      2.35478
   -0.541974      1.04961     -1.57741       1.9561       1.0799      1.38797      2.36017
   -0.541904       1.0383     -1.56947       1.9561      1.07136      1.37773      2.36583
   -0.542044      1.02699     -1.56116       1.9561      1.06283      1.36729      2.37163
    -1.18852     0.528849   -0.0763993       1.9561    0.0629415     0.658876      -2.7734
    -1.21093     0.528302   -0.0355438       1.9561     0.029308     0.657674     -2.73393
    -1.23338     0.528155   0.00535893       1.9561  -0.00441965      0.65735     -2.69435
    -1.25526     0.528396    0.0452342       1.9561   -0.0372926      0.65788     -2.65577
    -1.27765     0.529037    0.0860701       1.9561   -0.0708874     0.659288     -2.61633
    -1.91859      1.01864      1.55479       1.9561     -1.05654      1.35946     -1.49189
    -1.91889      1.02995      1.56337       1.9561     -1.06506      1.37005     -1.48598
    -1.91897      1.04098      1.57138       1.9561     -1.07338      1.38018     -1.48036
    -1.91885       1.0523      1.57925       1.9561     -1.08193      1.39036     -1.47473
   -0.542114      1.05638     -1.58199       1.9561      1.08502      1.39399      2.35685
   -0.541921      1.04507     -1.57426       1.9561      1.07646      1.38388      2.36243
   -0.541935      1.03375     -1.56617       1.9561      1.06793      1.37356      2.36815
    -0.54216      1.02244     -1.55771       1.9561       1.0594      1.36304      2.37401
    -1.17571     0.529342   -0.0997682       1.9561    0.0821302     0.659957     -2.79594
    -1.19696     0.528596   -0.0610049       1.9561    0.0502788      0.65832     -2.75854
    -1.21939       0.5282   -0.0201255       1.9561    0.0165975     0.657449     -2.71901
    -1.24184     0.528203    0.0207819       1.9561   -0.0171384     0.657456     -2.67942
    -1.26427     0.528605    0.0616599       1.9561   -0.0508177     0.658341     -2.63989
    -1.28663     0.529407     0.102457       1.9561   -0.0843348       0.6601     -2.60054
    -1.91873      1.02319      1.55828       1.9561     -1.05996      1.36374     -1.48949
    -1.91895       1.0345      1.56672       1.9561     -1.06849      1.37425     -1.48365
    -1.91895      1.04525      1.57439       1.9561      -1.0766      1.38404     -1.47822
    -1.91875      1.05656      1.58212       1.9561     -1.08515      1.39415     -1.47264