  -0.325406     1.27189 -0.00987697     1.79022      0.1183     0.08006    -1.99958
  -0.329643     1.27189   0.0152725     1.79022   -0.181724    0.080844    -1.69735
  -0.327159     1.27188 0.000533283     1.79022 -0.00641679   0.0794931    -1.87395
  -0.324676     1.27189   -0.014208     1.79022    0.169316    0.080663    -2.05098
  -0.329194     1.27189   0.0126084     1.79022   -0.150563   0.0804163    -1.72874
   -0.32671     1.27188 -0.00213245     1.79022    0.025659   0.0795179    -1.90626
  -0.324227     1.27189  -0.0168701     1.79022    0.200242   0.0811387    -2.08214
  -0.328745     1.27189  0.00994465     1.79022   -0.119101   0.0800675    -1.76044
  -0.326261     1.27188 -0.00479677     1.79022    0.057664   0.0796251     -1.9385
  -0.330499     1.27189   0.0203503     1.79022   -0.240072   0.0818774    -1.63855
  -0.323778     1.27189  -0.0195344     1.79022    0.230803   0.0816928    -2.11293
  -0.328015     1.27188  0.00561365     1.79022  -0.0674535   0.0796753    -1.81247
  -0.325532     1.27189 -0.00912666     1.79022     0.10939   0.0799765    -1.99061
  -0.329769     1.27189   0.0160216     1.79022   -0.190423    0.080979    -1.68858
  -0.327566     1.27188  0.00294864     1.79022  -0.0354701   0.0795419    -1.84468