    0.619857      1.05699     -1.57801       1.9249      1.08198      1.40551     -2.74621
    0.619857      1.05699     -1.57801       1.9249     -2.05961     -1.40551     0.395379
    0.619944      1.04578     -1.57015       1.9249      1.07328      1.39558     -2.74075
    0.619944      1.04578     -1.57015       1.9249     -2.06832     -1.39558     0.400843
    0.619823      1.03456     -1.56193       1.9249      1.06458      1.38543     -2.73515
    0.619823      1.03456     -1.56193       1.9249     -2.07701     -1.38543     0.406443
  -0.0314852     0.537722   -0.0534359       1.9249    0.0435159     0.680059     -1.59182
  -0.0314852     0.537722   -0.0534359       1.9249     -3.09808    -0.680059      1.54978
  -0.0533817     0.537402   -0.0129058       1.9249    0.0105152     0.679351     -1.55323
  -0.0533817     0.537402   -0.0129058       1.9249     -3.13108    -0.679351      1.58836
  -0.0747441     0.537467    0.0266288       1.9249   -0.0216937     0.679494     -1.51557
  -0.0747441     0.537467    0.0266288       1.9249     -3.16329    -0.679494      1.62602
   -0.740602      1.03864      1.56496       1.9249     -1.06774      1.38914     -0.34467
   -0.740602      1.03864      1.56496       1.9249     -4.20933     -1.38914      2.79692
   -0.740649      1.04957      1.57285       1.9249     -1.07622      1.39896    -0.339257
   -0.740649      1.04957      1.57285       1.9249     -4.21781     -1.39896      2.80234
    0.619917      1.05248      -1.5749       1.9249      1.07848      1.40154     -2.74403
    0.619917      1.05248      -1.5749       1.9249     -2.06311     -1.40154      0.39756
    0.619923      1.04155      -1.5671       1.9249         1.07      1.39178     -2.73866
    0.619923      1.04155      -1.5671       1.9249     -2.07159     -1.39178     0.402938
  -0.0402835     0.537546   -0.0371481       1.9249      0.03026     0.679671     -1.57631
  -0.0402835     0.537546   -0.0371481       1.9249     -3.11133    -0.679671      1.56528
  -0.0616428     0.537383   0.00238251       1.9249  -0.00194109     0.679309     -1.53867
  -0.0616428     0.537383   0.00238251       1.9249     -3.14353    -0.679309      1.60293
  -0.0835466     0.537601     0.042922       1.9249   -0.0349601     0.679793     -1.50006
  -0.0835466     0.537601     0.042922       1.9249     -3.17655    -0.679793      1.64153
   -0.740644      1.04286      1.56805       1.9249     -1.07102      1.39296    -0.342561
   -0.740644      1.04286      1.56805       1.9249     -4.21261     -1.39296      2.79903
    -0.74061      1.05408      1.57601       1.9249     -1.07972      1.40296    -0.337063
    -0.74061      1.05408      1.57601       1.9249     -4.22131     -1.40296      2.80453
    0.619943      1.04825     -1.57192       1.9249       1.0752      1.39779     -2.74197
    0.619943      1.04825     -1.57192       1.9249     -2.06639     -1.39779     0.399624
    0.619868      1.03704     -1.56378       1.9249       1.0665      1.38769      -2.7364
    0.619868      1.03704     -1.56378       1.9249     -2.07509     -1.38769     0.405193
  -0.0266525     0.537845   -0.0623846       1.9249    0.0507938     0.680332     -1.60033
  -0.0266525     0.537845   -0.0623846       1.9249      -3.0908    -0.680332      1.54127
  -0.0485406     0.537439   -0.0218651       1.9249    0.0178138     0.679434     -1.56176
  -0.0485406     0.537439   -0.0218651       1.9249     -3.12378    -0.679434      1.57983
  -0.0704507     0.537424    0.0186827       1.9249   -0.0152212     0.679399     -1.52314
  -0.0704507     0.537424    0.0186827       1.9249     -3.15681    -0.679399      1.61845
  -0.0917958     0.537785    0.0581948       1.9249   -0.0473865     0.680199     -1.48553
  -0.0917958     0.537785    0.0581948       1.9249     -3.18898    -0.680199      1.65606
   -0.740564      1.03616      1.56312       1.9249     -1.06582      1.38689    -0.345915
   -0.740564      1.03616      1.56312       1.9249     -4.20741     -1.38689      2.79568
   -0.740655      1.04709       1.5711       1.9249      -1.0743      1.39675    -0.340473
   -0.740655      1.04709       1.5711       1.9249     -4.21589     -1.39675      2.80112
   -0.740545      1.05831      1.57891       1.9249     -1.08301      1.40667    -0.335025
   -0.740545      1.05831      1.57891       1.9249      -4.2246     -1.40667      2.80657
    0.619888      1.05496     -1.57662       1.9249      1.08041      1.40373     -2.74523
    0.619888      1.05496     -1.57662       1.9249     -2.06119     -1.40373     0.396358
    0.619938      1.04375     -1.56869       1.9249       1.0717      1.39376     -2.73975
    0.619938      1.04375     -1.56869       1.9249     -2.06989     -1.39376     0.401846
  -0.0354463     0.537635   -0.0461025       1.9249    0.0375489     0.679867     -1.58484
  -0.0354463     0.537635   -0.0461025       1.9249     -3.10404    -0.679867      1.55675
  -0.0568009     0.537388  -0.00657811       1.9249    0.0053598     0.679319      -1.5472
  -0.0568009     0.537388  -0.00657811       1.9249     -3.13623    -0.679319      1.59439
  -0.0787087     0.537519    0.0339668       1.9249   -0.0276695     0.679611     -1.50859
  -0.0787087     0.537519    0.0339668       1.9249     -3.16926    -0.679611      1.63301
   -0.740623      1.04039      1.56625       1.9249      -1.0691      1.39073    -0.343795
   -0.740623      1.04039      1.56625       1.9249     -4.21069     -1.39073       2.7978
   -0.740635       1.0516      1.57428       1.9249      -1.0778      1.40077    -0.338266
   -0.740635       1.0516      1.57428       1.9249     -4.21939     -1.40077      2.80333
    0.619931      1.05073     -1.57367       1.9249      1.07712      1.39999     -2.74318
    0.619931      1.05073     -1.57367       1.9249     -2.06447     -1.39999     0.398412
    0.619902      1.03952     -1.56561       1.9249      1.06842      1.38994     -2.73764
    0.619902      1.03952     -1.56561       1.9249     -2.07317     -1.38994     0.403951
  -0.0437006     0.537495   -0.0308232       1.9249    0.0251098     0.679558     -1.57029
  -0.0437006     0.537495   -0.0308232       1.9249     -3.11648    -0.679558       1.5713
  -0.0656093     0.537394    0.0097229       1.9249  -0.00792176     0.679332     -1.53167
  -0.0656093     0.537394    0.0097229       1.9249     -3.14951    -0.679332      1.60992
  -0.0869618     0.537671    0.0492445       1.9249   -0.0401056     0.679946     -1.49404
  -0.0869618     0.537671    0.0492445       1.9249      -3.1817    -0.679946      1.64755
   -0.740653       1.0449      1.56952       1.9249     -1.07259      1.39479    -0.341556
   -0.740653       1.0449      1.56952       1.9249     -4.21419     -1.39479      2.80004
   -0.740587      1.05583      1.57722       1.9249     -1.08108       1.4045    -0.336217
   -0.740587      1.05583      1.57722       1.9249     -4.22267      -1.4045      2.80538
     0.61985      1.05744     -1.57832       1.9249      1.08233      1.40591     -2.74643
     0.61985      1.05744     -1.57832       1.9249     -2.05926     -1.40591     0.395163
    0.619944      1.04622     -1.57047       1.9249      1.07362      1.39598     -2.74097
    0.619944      1.04622     -1.57047       1.9249     -2.06797     -1.39598     0.400622
    0.619837      1.03529     -1.56247       1.9249      1.06515      1.38609     -2.73552
    0.619837      1.03529     -1.56247       1.9249     -2.07645     -1.38609     0.406075
  -0.0306114     0.537742   -0.0550539       1.9249    0.0448321     0.680106     -1.59335
  -0.0306114     0.537742   -0.0550539       1.9249     -3.09676    -0.680106      1.54824
  -0.0519593     0.537411   -0.0155381       1.9249    0.0126597     0.679371     -1.55574
  -0.0519593     0.537411   -0.0155381       1.9249     -3.12893    -0.679371      1.58586
  -0.0738691     0.537457    0.0250093       1.9249   -0.0203746     0.679472     -1.51711
  -0.0738691     0.537457    0.0250093       1.9249     -3.16197    -0.679472      1.62448
   -0.740592      1.03791      1.56442       1.9249     -1.06718      1.38848    -0.345035
   -0.740592      1.03791      1.56442       1.9249     -4.20877     -1.38848      2.79656
   -0.740651      1.04912      1.57254       1.9249     -1.07587      1.39856    -0.339477
   -0.740651      1.04912      1.57254       1.9249     -4.21747     -1.39856      2.80212
    0.619913      1.05293     -1.57521       1.9249      1.07883      1.40194     -2.74425
    0.619913      1.05293     -1.57521       1.9249     -2.06276     -1.40194     0.397342
    0.619927        1.042     -1.56742       1.9249      1.07035      1.39218     -2.73888
    0.619927        1.042     -1.56742       1.9249     -2.07125     -1.39218     0.402715
   -0.038862      0.53757   -0.0397793       1.9249    0.0324021     0.679724     -1.57882
   -0.038862      0.53757   -0.0397793       1.9249     -3.10919    -0.679724      1.56277
  -0.0607675     0.537382  0.000762522       1.9249 -0.000621164     0.679308     -1.54021
  -0.0607675     0.537382  0.000762522       1.9249     -3.14221    -0.679308      1.60138
  -0.0821254     0.537575    0.0402912       1.9249   -0.0328186     0.679735     -1.50256
  -0.0821254     0.537575    0.0402912       1.9249     -3.17441    -0.679735      1.63903
   -0.740641      1.04242      1.56773       1.9249     -1.07067      1.39256    -0.342784
   -0.740641      1.04242      1.56773       1.9249     -4.21227     -1.39256      2.79881
   -0.740619      1.05335       1.5755       1.9249     -1.07916      1.40231    -0.337416
   -0.740619      1.05335       1.5755       1.9249     -4.22075     -1.40231      2.80418
    0.619941       1.0487     -1.57224       1.9249      1.07555      1.39819     -2.74219
    0.619941       1.0487     -1.57224       1.9249     -2.06605     -1.39819     0.399404
    0.619875      1.03749     -1.56411       1.9249      1.06685       1.3881     -2.73662
    0.619875      1.03749     -1.56411       1.9249     -2.07474      -1.3881     0.404968
  -0.0476655     0.537448   -0.0234845       1.9249    0.0191329     0.679453      -1.5633
  -0.0476655     0.537448   -0.0234845       1.9249     -3.12246    -0.679453      1.57829
  -0.0690284     0.537413    0.0160503       1.9249   -0.0130767     0.679376     -1.52565
  -0.0690284     0.537413    0.0160503       1.9249     -3.15467    -0.679376      1.61595
  -0.0909221     0.537763     0.056577       1.9249   -0.0460708      0.68015     -1.48707
  -0.0909221     0.537763     0.056577       1.9249     -3.18766     -0.68015      1.65452
   -0.740551      1.03543      1.56258       1.9249     -1.06526      1.38622    -0.346282
   -0.740551      1.03543      1.56258       1.9249     -4.20685     -1.38622      2.79531
   -0.740655      1.04665      1.57078       1.9249     -1.07395      1.39635    -0.340693
   -0.740655      1.04665      1.57078       1.9249     -4.21554     -1.39635       2.8009
   -0.740553      1.05786      1.57861       1.9249     -1.08266      1.40628     -0.33524
   -0.740553      1.05786      1.57861       1.9249     -4.22425     -1.40628      2.80635
    0.619878      1.05569     -1.57712       1.9249      1.08097      1.40437     -2.74559
    0.619878      1.05569     -1.57712       1.9249     -2.06062     -1.40437     0.396007
    0.619941      1.04447     -1.56922       1.9249      1.07227      1.39441     -2.74011
    0.619941      1.04447     -1.56922       1.9249     -2.06933     -1.39441     0.401486
  -0.0340255     0.537665   -0.0487329       1.9249    0.0396895     0.679933     -1.58734
  -0.0340255     0.537665   -0.0487329       1.9249      -3.1019    -0.679933      1.55425
  -0.0559256      0.53739  -0.00819797       1.9249   0.00667958     0.679325     -1.54874
  -0.0559256      0.53739  -0.00819797       1.9249     -3.13491    -0.679325      1.59285
  -0.0778339     0.537507    0.0323476       1.9249    -0.026351     0.679583     -1.51013
  -0.0778339     0.537507    0.0323476       1.9249     -3.16794    -0.679583      1.63147
   -0.740618      1.03994      1.56592       1.9249     -1.06875      1.39032    -0.344019
   -0.740618      1.03994      1.56592       1.9249     -4.21034     -1.39032      2.79757
   -0.740641      1.05087      1.57377       1.9249     -1.07723      1.40012    -0.338621
   -0.740641      1.05087      1.57377       1.9249     -4.21882     -1.40012      2.80297
    0.619928      1.05118     -1.57399       1.9249      1.07747      1.40039      -2.7434
    0.619928      1.05118     -1.57399       1.9249     -2.06412     -1.40039     0.398194
     0.61991      1.04024     -1.56614       1.9249      1.06899       1.3906     -2.73801
     0.61991      1.04024     -1.56614       1.9249      -2.0726      -1.3906     0.403587
  -0.0428257     0.537507   -0.0324424       1.9249    0.0264284     0.679585     -1.57183
  -0.0428257     0.537507   -0.0324424       1.9249     -3.11516    -0.679585      1.56976
   -0.064734      0.53739   0.00810304       1.9249  -0.00660199     0.679325     -1.53322
   -0.064734      0.53739   0.00810304       1.9249     -3.14819    -0.679325      1.60838
  -0.0860876     0.537652    0.0476262       1.9249   -0.0387887     0.679905     -1.49558
  -0.0860876     0.537652    0.0476262       1.9249     -3.18038    -0.679905      1.64601
    -0.74065      1.04417        1.569       1.9249     -1.07203      1.39413    -0.341916
    -0.74065      1.04417        1.569       1.9249     -4.21362     -1.39413      2.79968
   -0.740593      1.05538      1.57691       1.9249     -1.08073       1.4041    -0.336433
   -0.740593      1.05538      1.57691       1.9249     -4.22233      -1.4041      2.80516
    0.619842      1.05789     -1.57863       1.9249      1.08268       1.4063     -2.74664
    0.619842      1.05789     -1.57863       1.9249     -2.05891      -1.4063     0.394948
    0.619945      1.04695       -1.571       1.9249      1.07419      1.39663     -2.74133
    0.619945      1.04695       -1.571       1.9249      -2.0674     -1.39663     0.400263
    0.619845      1.03574     -1.56281       1.9249      1.06549       1.3865     -2.73574
    0.619845      1.03574     -1.56281       1.9249      -2.0761      -1.3865     0.405849
  -0.0297376     0.537764   -0.0566718       1.9249    0.0461481     0.680153     -1.59489
  -0.0297376     0.537764   -0.0566718       1.9249     -3.09544    -0.680153       1.5467
  -0.0510841     0.537417   -0.0171579       1.9249    0.0139793     0.679385     -1.55728
  -0.0510841     0.537417   -0.0171579       1.9249     -3.12761    -0.679385      1.58431
  -0.0729941     0.537447    0.0233899       1.9249   -0.0190556     0.679452     -1.51866
  -0.0729941     0.537447    0.0233899       1.9249     -3.16065    -0.679452      1.62294
   -0.740585      1.03746      1.56409       1.9249     -1.06683      1.38807     -0.34526
   -0.740585      1.03746      1.56409       1.9249     -4.20842     -1.38807      2.79633
   -0.740652      1.04868      1.57222       1.9249     -1.07553      1.39817    -0.339696
   -0.740652      1.04868      1.57222       1.9249     -4.21712     -1.39817       2.8019
    0.619908      1.05338     -1.57552       1.9249      1.07918      1.40234     -2.74447
    0.619908      1.05338     -1.57552       1.9249     -2.06242     -1.40234     0.397125
     0.61993      1.04244     -1.56775       1.9249      1.07069      1.39258      -2.7391
     0.61993      1.04244     -1.56775       1.9249      -2.0709     -1.39258     0.402492
  -0.0379875     0.537586   -0.0413981       1.9249    0.0337199     0.679759     -1.58036
  -0.0379875     0.537586   -0.0413981       1.9249     -3.10787    -0.679759      1.56123
  -0.0598921     0.537382 -0.000857372       1.9249  0.000698693     0.679308     -1.54175
  -0.0598921     0.537382 -0.000857372       1.9249     -3.14089    -0.679308      1.59984
  -0.0812508      0.53756    0.0386722       1.9249   -0.0315006     0.679701     -1.50411
  -0.0812508      0.53756    0.0386722       1.9249     -3.17309    -0.679701      1.63749
   -0.740635      1.04169       1.5672       1.9249     -1.07011       1.3919    -0.343146
   -0.740635      1.04169       1.5672       1.9249      -4.2117      -1.3919      2.79845
   -0.740624       1.0529      1.57519       1.9249     -1.07881      1.40192    -0.337633
   -0.740624       1.0529      1.57519       1.9249      -4.2204     -1.40192      2.80396
    0.619938      1.04943     -1.57275       1.9249      1.07611      1.39884     -2.74254
    0.619938      1.04943     -1.57275       1.9249     -2.06548     -1.39884     0.399048
    0.619885      1.03821     -1.56465       1.9249      1.06741      1.38876     -2.73699
    0.619885      1.03821     -1.56465       1.9249     -2.07418     -1.38876     0.404603
  -0.0462434     0.537463   -0.0261168       1.9249    0.0212769     0.679487     -1.56581
  -0.0462434     0.537463   -0.0261168       1.9249     -3.12032    -0.679487      1.57578
  -0.0681532     0.537407    0.0144307       1.9249   -0.0117573     0.679362     -1.52719
  -0.0681532     0.537407    0.0144307       1.9249     -3.15335    -0.679362       1.6144
   -0.089502     0.537728    0.0539476       1.9249   -0.0439319     0.680074     -1.48957
   -0.089502     0.537728    0.0539476       1.9249     -3.18552    -0.680074      1.65202
   -0.740542      1.03498      1.56224       1.9249     -1.06491      1.38581    -0.346509
   -0.740542      1.03498      1.56224       1.9249      -4.2065     -1.38581      2.79508
   -0.740655       1.0462      1.57045       1.9249      -1.0736      1.39595    -0.340914
   -0.740655       1.0462      1.57045       1.9249      -4.2152     -1.39595      2.80068
   -0.740566      1.05713      1.57811       1.9249     -1.08209      1.40564    -0.335589
   -0.740566      1.05713      1.57811       1.9249     -4.22368     -1.40564        2.806
    0.619871      1.05614     -1.57743       1.9249      1.08132      1.40476      -2.7458
    0.619871      1.05614     -1.57743       1.9249     -2.06027     -1.40476     0.395791
    0.619942      1.04492     -1.56954       1.9249      1.07261      1.39481     -2.74033
    0.619942      1.04492     -1.56954       1.9249     -2.06898     -1.39481     0.401265
  -0.0331514     0.537684    -0.050351       1.9249    0.0410061     0.679975     -1.58888
  -0.0331514     0.537684    -0.050351       1.9249     -3.10059    -0.679975      1.55271
  -0.0550503     0.537394  -0.00981778       1.9249   0.00799932     0.679333     -1.55029
  -0.0550503     0.537394  -0.00981778       1.9249     -3.13359    -0.679333       1.5913
  -0.0764121     0.537487    0.0297159       1.9249   -0.0242079      0.67954     -1.51263
  -0.0764121     0.537487    0.0297159       1.9249      -3.1658     -0.67954      1.62896
   -0.740609      1.03921      1.56538       1.9249     -1.06819      1.38966    -0.344382
   -0.740609      1.03921      1.56538       1.9249     -4.20978     -1.38966      2.79721
   -0.740644      1.05043      1.57346       1.9249     -1.07688      1.39972     -0.33884
   -0.740644      1.05043      1.57346       1.9249     -4.21848     -1.39972      2.80275
    0.619924      1.05163      -1.5743       1.9249      1.07782      1.40079     -2.74362
    0.619924      1.05163      -1.5743       1.9249     -2.06377     -1.40079     0.397975
    0.619915      1.04069     -1.56647       1.9249      1.06934        1.391     -2.73823
    0.619915      1.04069     -1.56647       1.9249     -2.07226       -1.391     0.403363
   -0.041404     0.537529    -0.035074       1.9249    0.0285713     0.679631     -1.57434
   -0.041404     0.537529    -0.035074       1.9249     -3.11302    -0.679631      1.56725
  -0.0633115     0.537386   0.00547043       1.9249  -0.00445705     0.679315     -1.53572
  -0.0633115     0.537386   0.00547043       1.9249     -3.14605    -0.679315      1.60587
  -0.0852134     0.537634    0.0460078       1.9249   -0.0374716     0.679865     -1.49712
  -0.0852134     0.537634    0.0460078       1.9249     -3.17906    -0.679865      1.64447
   -0.740648      1.04372      1.56867       1.9249     -1.07168      1.39373    -0.342138
   -0.740648      1.04372      1.56867       1.9249     -4.21327     -1.39373      2.79945
     -0.7406      1.05494       1.5766       1.9249     -1.08038      1.40371     -0.33665
     -0.7406      1.05494       1.5766       1.9249     -4.22198     -1.40371      2.80494
    0.619828      1.05862     -1.57912       1.9249      1.08324      1.40694     -2.74699
    0.619828      1.05862     -1.57912       1.9249     -2.05835     -1.40694     0.394599
    0.619944       1.0474     -1.57131       1.9249      1.07454      1.39703     -2.74155
    0.619944       1.0474     -1.57131       1.9249     -2.06706     -1.39703     0.400043
    0.619858      1.03646     -1.56335       1.9249      1.06606      1.38717     -2.73611
    0.619858      1.03646     -1.56335       1.9249     -2.07553     -1.38717     0.405482
  -0.0288639     0.537786   -0.0582895       1.9249    0.0474638     0.680202     -1.59643
  -0.0288639     0.537786   -0.0582895       1.9249     -3.09413    -0.680202      1.54516
  -0.0502089     0.537424   -0.0187776       1.9249    0.0152987       0.6794     -1.55882
  -0.0502089     0.537424   -0.0187776       1.9249     -3.12629      -0.6794      1.58277
  -0.0715719     0.537434    0.0207577       1.9249   -0.0169115     0.679421     -1.52116
  -0.0715719     0.537434    0.0207577       1.9249      -3.1585    -0.679421      1.62043
  -0.0934611     0.537829    0.0612786       1.9249   -0.0498942     0.680296      -1.4826
  -0.0934611     0.537829    0.0612786       1.9249     -3.19149    -0.680296        1.659
   -0.740578      1.03701      1.56376       1.9249     -1.06648      1.38766    -0.345486
   -0.740578      1.03701      1.56376       1.9249     -4.20808     -1.38766      2.79611
   -0.740654      1.04823       1.5719       1.9249     -1.07518      1.39777    -0.339916
   -0.740654      1.04823       1.5719       1.9249     -4.21677     -1.39777      2.80168
   -0.740533      1.05888       1.5793       1.9249     -1.08345      1.40717    -0.334749
   -0.740533      1.05888       1.5793       1.9249     -4.22504     -1.40717      2.80684
    0.619899      1.05411     -1.57603       1.9249      1.07974      1.40298     -2.74482
    0.619899      1.05411     -1.57603       1.9249     -2.06185     -1.40298     0.396772
    0.619934      1.04317     -1.56828       1.9249      1.07126      1.39324     -2.73946
    0.619934      1.04317     -1.56828       1.9249     -2.07034     -1.39324     0.402131
  -0.0371131     0.537602   -0.0430168       1.9249    0.0350375     0.679795      -1.5819
  -0.0371131     0.537602   -0.0430168       1.9249     -3.10656    -0.679795      1.55969
  -0.0584695     0.537384  -0.00349007       1.9249   0.00284376     0.679311     -1.54426
  -0.0584695     0.537384  -0.00349007       1.9249     -3.13875    -0.679311      1.59733
  -0.0803762     0.537545    0.0370533       1.9249   -0.0301826     0.679669     -1.50565
  -0.0803762     0.537545    0.0370533       1.9249     -3.17178    -0.679669      1.63595
   -0.740631      1.04124      1.56687       1.9249     -1.06976       1.3915    -0.343369
   -0.740631      1.04124      1.56687       1.9249     -4.21135      -1.3915      2.79822
   -0.740631      1.05218      1.57468       1.9249     -1.07824      1.40127    -0.337987
   -0.740631      1.05218      1.57468       1.9249     -4.21984     -1.40127      2.80361
    0.619936      1.04988     -1.57307       1.9249      1.07646      1.39924     -2.74276
    0.619936      1.04988     -1.57307       1.9249     -2.06513     -1.39924     0.398829
    0.619892      1.03866     -1.56498       1.9249      1.06776      1.38917     -2.73721
    0.619892      1.03866     -1.56498       1.9249     -2.07383     -1.38917     0.404378
  -0.0453684     0.537474   -0.0277361       1.9249    0.0225958      0.67951     -1.56735
  -0.0453684     0.537474   -0.0277361       1.9249       -3.119     -0.67951      1.57424
  -0.0667307     0.537399    0.0117982       1.9249  -0.00961256     0.679344      -1.5297
  -0.0667307     0.537399    0.0117982       1.9249     -3.15121    -0.679344       1.6119
   -0.088628     0.537708    0.0523295       1.9249   -0.0426156     0.680028     -1.49111
   -0.088628     0.537708    0.0523295       1.9249     -3.18421    -0.680028      1.65048
   -0.740527      1.03425       1.5617       1.9249     -1.06435      1.38515    -0.346877
   -0.740527      1.03425       1.5617       1.9249     -4.20594     -1.38515      2.79472
   -0.740655      1.04575      1.57013       1.9249     -1.07326      1.39555    -0.341134
   -0.740655      1.04575      1.57013       1.9249     -4.21485     -1.39555      2.80046
   -0.740573      1.05669       1.5778       1.9249     -1.08174      1.40525    -0.335805
   -0.740573      1.05669       1.5778       1.9249     -4.22334     -1.40525      2.80579
    0.619864      1.05659     -1.57774       1.9249      1.08167      1.40516     -2.74602
    0.619864      1.05659     -1.57774       1.9249     -2.05993     -1.40516     0.395575
    0.619943      1.04537     -1.56986       1.9249      1.07296      1.39521     -2.74055
    0.619943      1.04537     -1.56986       1.9249     -2.06863     -1.39521     0.401043
     0.61982      1.03443     -1.56183       1.9249      1.06449      1.38531     -2.73509
     0.61982      1.03443     -1.56183       1.9249     -2.07711     -1.38531     0.406507
  -0.0322774     0.537703   -0.0519693       1.9249    0.0423228     0.680019     -1.59042
  -0.0322774     0.537703   -0.0519693       1.9249     -3.09927    -0.680019      1.55117
  -0.0536278     0.537401   -0.0124504       1.9249    0.0101441     0.679348      -1.5528
  -0.0536278     0.537401   -0.0124504       1.9249     -3.13145    -0.679348       1.5888
  -0.0755372     0.537476    0.0280965       1.9249    -0.022889     0.679515     -1.51417
  -0.0755372     0.537476    0.0280965       1.9249     -3.16448    -0.679515      1.62742
   -0.740604      1.03876      1.56505       1.9249     -1.06784      1.38926    -0.344607
   -0.740604      1.03876      1.56505       1.9249     -4.20943     -1.38926      2.79699
   -0.740646      1.04998      1.57314       1.9249     -1.07654      1.39932    -0.339059
   -0.740646      1.04998      1.57314       1.9249     -4.21813     -1.39932      2.80253
    0.619918      1.05236     -1.57481       1.9249      1.07838      1.40143     -2.74397
    0.619918      1.05236     -1.57481       1.9249     -2.06321     -1.40143     0.397621
    0.619919      1.04114      -1.5668       1.9249      1.06968      1.39141     -2.73845
    0.619919      1.04114      -1.5668       1.9249     -2.07191     -1.39141      0.40314
  -0.0405294     0.537542    -0.036693       1.9249    0.0298895     0.679662     -1.57588
  -0.0405294     0.537542    -0.036693       1.9249      -3.1117    -0.679662      1.56571
  -0.0624362     0.537384   0.00385054       1.9249  -0.00313721     0.679311     -1.53727
  -0.0624362     0.537384   0.00385054       1.9249     -3.14473    -0.679311      1.60432
  -0.0837924     0.537606    0.0433771       1.9249   -0.0353305     0.679803     -1.49963
  -0.0837924     0.537606    0.0433771       1.9249     -3.17692    -0.679803      1.64197
   -0.740644      1.04299      1.56815       1.9249     -1.07112      1.39308    -0.342499
   -0.740644      1.04299      1.56815       1.9249     -4.21271     -1.39308      2.79909
   -0.740609      1.05421       1.5761       1.9249     -1.07982      1.40307    -0.337002
   -0.740609      1.05421       1.5761       1.9249     -4.22141     -1.40307      2.80459
    0.619943      1.04813     -1.57183       1.9249       1.0751      1.39768     -2.74191
    0.619943      1.04813     -1.57183       1.9249     -2.06649     -1.39768     0.399686
    0.619866      1.03691     -1.56368       1.9249      1.06641      1.38758     -2.73634
    0.619866      1.03691     -1.56368       1.9249     -2.07519     -1.38758     0.405257
  -0.0274442     0.537823   -0.0609186       1.9249    0.0496017     0.680285     -1.59893
  -0.0274442     0.537823   -0.0609186       1.9249     -3.09199    -0.680285      1.54266
  -0.0487866     0.537437   -0.0214098       1.9249     0.017443     0.679428     -1.56133
  -0.0487866     0.537437   -0.0214098       1.9249     -3.12415    -0.679428      1.58026
  -0.0706968     0.537426     0.019138       1.9249   -0.0155921     0.679404     -1.52271
  -0.0706968     0.537426     0.019138       1.9249     -3.15718    -0.679404      1.61889
  -0.0920414     0.537791    0.0586497       1.9249   -0.0477564     0.680213      -1.4851
  -0.0920414     0.537791    0.0586497       1.9249     -3.18935    -0.680213       1.6565
   -0.740566      1.03628      1.56322       1.9249     -1.06592        1.387    -0.345852
   -0.740566      1.03628      1.56322       1.9249     -4.20751       -1.387      2.79574
   -0.740655      1.04722      1.57119       1.9249      -1.0744      1.39687    -0.340411
   -0.740655      1.04722      1.57119       1.9249     -4.21599     -1.39687      2.80118
   -0.740542      1.05844        1.579       1.9249      -1.0831      1.40678    -0.334964
   -0.740542      1.05844        1.579       1.9249      -4.2247     -1.40678      2.80663
     0.61989      1.05484     -1.57653       1.9249      1.08031      1.40362     -2.74517
     0.61989      1.05484     -1.57653       1.9249     -2.06129     -1.40362     0.396419
    0.619937      1.04362      -1.5686       1.9249       1.0716      1.39364     -2.73968
    0.619937      1.04362      -1.5686       1.9249     -2.06999     -1.39364     0.401909
  -0.0356921      0.53763   -0.0456475       1.9249    0.0371786     0.679856      -1.5844
  -0.0356921      0.53763   -0.0456475       1.9249     -3.10441    -0.679856      1.55719
  -0.0575942     0.537385  -0.00510991       1.9249   0.00416355     0.679314      -1.5458
  -0.0575942     0.537385  -0.00510991       1.9249     -3.13743    -0.679314      1.59579
  -0.0789546     0.537523    0.0344219       1.9249   -0.0280401     0.679619     -1.50815
  -0.0789546     0.537523    0.0344219       1.9249     -3.16963    -0.679619      1.63344
   -0.740624      1.04051      1.56634       1.9249      -1.0692      1.39084    -0.343732
   -0.740624      1.04051      1.56634       1.9249     -4.21079     -1.39084      2.79786
   -0.740634      1.05173      1.57437       1.9249      -1.0779      1.40088    -0.338205
   -0.740634      1.05173      1.57437       1.9249     -4.21949     -1.40088      2.80339
    0.619934      1.05033     -1.57339       1.9249      1.07681      1.39963     -2.74298
    0.619934      1.05033     -1.57339       1.9249     -2.06479     -1.39963      0.39861
    0.619897      1.03911     -1.56531       1.9249      1.06811      1.38957     -2.73744
    0.619897      1.03911     -1.56531       1.9249     -2.07348     -1.38957     0.404154
  -0.0439465     0.537492    -0.030368       1.9249    0.0247392      0.67955     -1.56986
  -0.0439465     0.537492    -0.030368       1.9249     -3.11685     -0.67955      1.57173
  -0.0658554     0.537395    0.0101783       1.9249  -0.00829279     0.679335     -1.53124
  -0.0658554     0.537395    0.0101783       1.9249     -3.14989    -0.679335      1.61035
   -0.087754     0.537688    0.0507113       1.9249    -0.041299     0.679985     -1.49265
   -0.087754     0.537688    0.0507113       1.9249     -3.18289    -0.679985      1.64894
   -0.740524      1.03409      1.56157       1.9249     -1.06422      1.38499    -0.346962
   -0.740524      1.03409      1.56157       1.9249     -4.20581     -1.38499      2.79463
   -0.740652      1.04474      1.56941       1.9249     -1.07247      1.39465    -0.341632
   -0.740652      1.04474      1.56941       1.9249     -4.21407     -1.39465      2.79996
   -0.740585      1.05596       1.5773       1.9249     -1.08118      1.40461    -0.336156
   -0.740585      1.05596       1.5773       1.9249     -4.22277     -1.40461      2.80544