   -0.311822     0.906709   -0.0301501       1.9912    0.0980121     0.245039     -1.94005
    -0.32596     0.906637   0.00908348       1.9912   -0.0296245     0.243883     -1.80616
    -0.94704      1.51855      1.57062       1.9912     -1.52317      1.54932    -0.470905
   -0.946992      1.52969      1.57129       1.9912     -1.53306      1.55447    -0.470638
   -0.317289     0.906649    -0.014981       1.9912    0.0488319     0.244082     -1.88845
   -0.331789     0.906685    0.0252589       1.9912   -0.0821986     0.244661       -1.751
   -0.946984      1.51173      1.57003       1.9912     -1.51717        1.546     -0.47102
   -0.947042      1.52286      1.57092       1.9912     -1.52698      1.55135    -0.470813
   -0.322756      0.90663  0.000192195       1.9912 -0.000626673     0.243768     -1.83657
   -0.947027      1.51603      1.57042       1.9912     -1.52095      1.54811    -0.470951
   -0.947015      1.52745      1.57118       1.9912     -1.53106      1.55346      -0.4707
   -0.314085     0.906679   -0.0238716       1.9912    0.0777055     0.244565     -1.91875
   -0.328585     0.906653    0.0163692       1.9912    -0.053347     0.244143     -1.78127
   -0.947044      1.52034      1.57075       1.9912     -1.52474      1.55016    -0.470869
   -0.946964      1.53175      1.57138       1.9912     -1.53491       1.5554    -0.470578
   -0.319552     0.906636  -0.00870058       1.9912    0.0283772     0.243874       -1.867
   -0.334052     0.906717    0.0315372       1.9912    -0.102486     0.245158     -1.72971
   -0.947005      1.51351       1.5702       1.9912     -1.51873      1.54688    -0.470993
   -0.947033      1.52493      1.57104       1.9912     -1.52881      1.55231    -0.470765
   -0.310881     0.906723   -0.0327615       1.9912     0.106432     0.245268     -1.94889
   -0.325381     0.906634   0.00747627       1.9912   -0.0243853     0.243846     -1.81165
   -0.947037      1.51781      1.57056       1.9912     -1.52251      1.54896    -0.470919
   -0.946997      1.52923      1.57127       1.9912     -1.53265      1.55427    -0.470651
   -0.316347     0.906657    -0.017593       1.9912    0.0573268     0.244201     -1.89737
   -0.330848     0.906674    0.0226484       1.9912   -0.0737396     0.244486     -1.75988
   -0.946974      1.51098      1.56996       1.9912     -1.51652      1.54564    -0.471031
   -0.947043       1.5224      1.57089       1.9912     -1.52657      1.55114    -0.470824
   -0.322177      0.90663  -0.00141674       1.9912   0.00462239     0.243771     -1.84208
   -0.336314     0.906755    0.0378143       1.9912    -0.122676     0.245764     -1.70852
   -0.947023      1.51557      1.57038       1.9912     -1.52054      1.54789    -0.470959
   -0.947022      1.52671      1.57114       1.9912      -1.5304      1.55313     -0.47072
   -0.313506     0.906686    -0.025479       1.9912    0.0829118     0.244676     -1.92421
   -0.327644     0.906646    0.0137565       1.9912   -0.0448461     0.244033     -1.79019
   -0.947043      1.51988      1.57072       1.9912     -1.52434      1.54995    -0.470878
   -0.946971       1.5313      1.57136       1.9912      -1.5345      1.55519    -0.470591
   -0.318972     0.906639   -0.0103083       1.9912    0.0336166     0.243917     -1.87249
   -0.333473     0.906708    0.0299309       1.9912   -0.0973037     0.245021     -1.73515
      -0.947      1.51305      1.57016       1.9912     -1.51833      1.54666       -0.471
   -0.947036      1.52447      1.57102       1.9912     -1.52841       1.5521    -0.470776
   -0.310302     0.906733   -0.0343689       1.9912     0.111607     0.245418     -1.95432
   -0.324802     0.906633   0.00586918       1.9912    -0.019145     0.243816     -1.81715
   -0.947035      1.51736      1.57052       1.9912     -1.52211      1.54875    -0.470928
   -0.947002      1.52877      1.57125       1.9912     -1.53225      1.55406    -0.470664
   -0.315768     0.906662   -0.0192001       1.9912    0.0625487     0.244284     -1.90284
   -0.330269     0.906668    0.0210399       1.9912   -0.0685215     0.244387     -1.76535
   -0.946967      1.51053      1.56992       1.9912     -1.51612      1.54541    -0.471037
   -0.947044      1.52166      1.57084       1.9912     -1.52592      1.55079     -0.47084
   -0.321597      0.90663  -0.00302401       1.9912   0.00986573     0.243781     -1.84758
   -0.335735     0.906744    0.0362084       1.9912    -0.117521     0.245599     -1.71393
   -0.947017      1.51483      1.57032       1.9912     -1.51989      1.54753    -0.470972
   -0.947025      1.52625      1.57112       1.9912     -1.52999      1.55292    -0.470731
   -0.312564     0.906699   -0.0280911       1.9912    0.0913617     0.244872     -1.93308
   -0.327065     0.906642    0.0121485       1.9912   -0.0396105     0.243975     -1.79568
   -0.947042      1.51942      1.57068       1.9912     -1.52394      1.54973    -0.470887
   -0.946981      1.53056      1.57133       1.9912     -1.53384      1.55486    -0.470613
   -0.318393     0.906642   -0.0119162       1.9912    0.0388549     0.243967     -1.87799
   -0.332893       0.9067    0.0283243       1.9912   -0.0921148      0.24489      -1.7406
   -0.946995       1.5126      1.57011       1.9912     -1.51793      1.54643    -0.471007
   -0.947039      1.52373      1.57097       1.9912     -1.52775      1.55175    -0.470793
   -0.309723     0.906743   -0.0359756       1.9912     0.116773     0.245575     -1.95975
    -0.32386     0.906631   0.00325638       1.9912    -0.010623     0.243783     -1.82609
   -0.947031      1.51661      1.57046       1.9912     -1.52146      1.54839    -0.470941
   -0.947007      1.52832      1.57123       1.9912     -1.53184      1.55386    -0.470676
   -0.315189     0.906667   -0.0208073       1.9912    0.0677675     0.244374     -1.90832
   -0.329689     0.906663    0.0194334       1.9912   -0.0633058     0.244297     -1.77082
   -0.946956      1.50979      1.56984       1.9912     -1.51548      1.54504    -0.471047
   -0.947044      1.52121      1.57081       1.9912     -1.52551      1.55057     -0.47085
   -0.320656     0.906632  -0.00563619       1.9912    0.0183859     0.243812     -1.85652
   -0.335156     0.906734    0.0346009       1.9912    -0.112353      0.24544     -1.71936
   -0.947013      1.51438      1.57028       1.9912     -1.51949      1.54731    -0.470979
    -0.94703      1.52551      1.57108       1.9912     -1.52933      1.55258     -0.47075
   -0.311985     0.906707   -0.0296981       1.9912    0.0965529     0.245001     -1.93852
   -0.326123     0.906637   0.00953615       1.9912   -0.0310998     0.243895     -1.80461
   -0.947041      1.51897      1.57065       1.9912     -1.52353      1.54952    -0.470896
   -0.946987       1.5301      1.57131       1.9912     -1.53343      1.55466    -0.470626
   -0.317452     0.906648   -0.0145289       1.9912    0.0473608     0.244063     -1.88691
   -0.331952     0.906687    0.0257115       1.9912   -0.0836638     0.244693     -1.74946
   -0.946986      1.51185      1.57004       1.9912     -1.51728      1.54607    -0.471018
   -0.947041      1.52299      1.57093       1.9912     -1.52709      1.55141    -0.470811
   -0.308782      0.90676   -0.0385857       1.9912      0.12515     0.245846     -1.96854
   -0.322919      0.90663  0.000642955       1.9912  -0.00209726     0.243768     -1.83503
   -0.947028      1.51616      1.57043       1.9912     -1.52106      1.54817    -0.470949
   -0.947014      1.52758      1.57119       1.9912     -1.53118      1.55352    -0.470697
   -0.314248     0.906678   -0.0234202       1.9912    0.0762425     0.244535     -1.91721
   -0.328748     0.906654    0.0168213       1.9912   -0.0548172     0.244164     -1.77973
   -0.947044      1.52075      1.57078       1.9912     -1.52511      1.55036     -0.47086
   -0.946958      1.53217      1.57139       1.9912     -1.53528      1.55558    -0.470565
   -0.320077     0.906634  -0.00724342       1.9912    0.0236269     0.243841     -1.86201
   -0.334577     0.906725    0.0329941       1.9912    -0.107181     0.245289     -1.72478
   -0.947006      1.51364      1.57021       1.9912     -1.51884      1.54694    -0.470991
   -0.947033      1.52505      1.57105       1.9912     -1.52893      1.55237    -0.470761
   -0.311044     0.906721   -0.0323099       1.9912     0.104978     0.245227     -1.94736
   -0.325544     0.906635   0.00792852       1.9912   -0.0258597     0.243856     -1.81011