    -0.68459      1.24101      1.56747      1.94443      -1.2634      1.44937    -0.287844
    -0.68459      1.24101      1.56747      1.94443       -4.405     -1.44937      2.85375
   -0.684617      1.25229      1.57259      1.94443     -1.27235      1.45784    -0.285196
   -0.684617      1.25229      1.57259      1.94443     -4.41394     -1.45784       2.8564
  -0.0417992     0.693952  -0.00590532      1.94443   0.00783198     0.503228      -1.5815
  -0.0417992     0.693952  -0.00590532      1.94443     -3.13376    -0.503228      1.56009
   -0.059431     0.694067     0.032496      1.94443   -0.0430683     0.503743     -1.52503
   -0.059431     0.694067     0.032496      1.94443     -3.18466    -0.503743      1.61657
   -0.684623      1.24527      1.56944      1.94443     -1.26677      1.45259     -0.28684
   -0.684623      1.24527      1.56944      1.94443     -4.40836     -1.45259      2.85475
   -0.684578      1.25654      1.57442      1.94443     -1.27575      1.46096     -0.28421
   -0.684578      1.25654      1.57442      1.94443     -4.41734     -1.46096      2.85738
  -0.0312557     0.694042   -0.0288689      1.94443     0.038267     0.503631     -1.61527
  -0.0312557     0.694042   -0.0288689      1.94443     -3.10333    -0.503631      1.52632
  -0.0488881     0.693958   0.00953366      1.94443   -0.0126432     0.503256     -1.55878
  -0.0488881     0.693958   0.00953366      1.94443     -3.15424    -0.503256      1.58281
   -0.684628       1.2498      1.57149      1.94443     -1.27037      1.45599    -0.285778
   -0.684628       1.2498      1.57149      1.94443     -4.41196     -1.45599      2.85581
  -0.0383432     0.693968   -0.0134324      1.94443    0.0178129     0.503302     -1.59257
  -0.0383432     0.693968   -0.0134324      1.94443     -3.12378    -0.503302      1.54902
  -0.0555357     0.694013    0.0240119      1.94443   -0.0318338     0.503501     -1.53749
  -0.0555357     0.694013    0.0240119      1.94443     -3.17343    -0.503501       1.6041
   -0.684609      1.24306      1.56842      1.94443     -1.26502      1.45092    -0.287361
   -0.684609      1.24306      1.56842      1.94443     -4.40661     -1.45092      2.85423
   -0.684605      1.25405      1.57335      1.94443     -1.27375      1.45913    -0.284787
   -0.684605      1.25405      1.57335      1.94443     -4.41535     -1.45913      2.85681
  -0.0273608     0.694105   -0.0373522      1.94443    0.0494938     0.503914     -1.62773
  -0.0273608     0.694105   -0.0373522      1.94443      -3.0921    -0.503914      1.51387
  -0.0449915     0.693948   0.00104708      1.94443  -0.00138853     0.503211     -1.57127
  -0.0449915     0.693948   0.00104708      1.94443     -3.14298    -0.503211      1.57032
   -0.684629      1.24731      1.57037      1.94443     -1.26839      1.45413    -0.286361
   -0.684629      1.24731      1.57037      1.94443     -4.40998     -1.45413      2.85523
   -0.034447     0.694002   -0.0219181      1.94443    0.0290602     0.503453     -1.60505
   -0.034447     0.694002   -0.0219181      1.94443     -3.11253    -0.503453      1.53654
  -0.0516397     0.693975    0.0155265      1.94443   -0.0205887     0.503332     -1.54997
  -0.0516397     0.693975    0.0155265      1.94443     -3.16218    -0.503332      1.59162
   -0.684585      1.24056      1.56726      1.94443     -1.26305      1.44902     -0.28795
   -0.684585      1.24056      1.56726      1.94443     -4.40464     -1.44902      2.85364
   -0.684621      1.25156      1.57226      1.94443     -1.27177       1.4573    -0.285367
   -0.684621      1.25156      1.57226      1.94443     -4.41336      -1.4573      2.85623
  -0.0410948     0.693954  -0.00743955      1.94443    0.0098666     0.503238     -1.58376
  -0.0410948     0.693954  -0.00743955      1.94443     -3.13173    -0.503238      1.55783
  -0.0587269     0.694056    0.0309624      1.94443   -0.0410383     0.503694     -1.52728
  -0.0587269     0.694056    0.0309624      1.94443     -3.18263    -0.503694      1.61431
   -0.684621      1.24482      1.56924      1.94443     -1.26641      1.45225    -0.286947
   -0.684621      1.24482      1.56924      1.94443       -4.408     -1.45225      2.85465
   -0.684584      1.25609      1.57423      1.94443     -1.27538      1.46063    -0.284314
   -0.684584      1.25609      1.57423      1.94443     -4.41698     -1.46063      2.85728
  -0.0305515     0.694052   -0.0304026      1.94443    0.0402975     0.503677     -1.61752
  -0.0305515     0.694052   -0.0304026      1.94443      -3.1013    -0.503677      1.52407
  -0.0477432     0.693953   0.00704025      1.94443  -0.00933674     0.503235     -1.56245
  -0.0477432     0.693953   0.00704025      1.94443     -3.15093    -0.503235      1.57914
   -0.684629      1.24907      1.57116      1.94443     -1.26978      1.45544    -0.285949
   -0.684629      1.24907      1.57116      1.94443     -4.41138     -1.45544      2.85564
  -0.0371984     0.693976   -0.0159257      1.94443    0.0211183     0.503339     -1.59624
  -0.0371984     0.693976   -0.0159257      1.94443     -3.12047    -0.503339      1.54535
  -0.0548314     0.694005     0.022478      1.94443   -0.0298016     0.503466     -1.53975
  -0.0548314     0.694005     0.022478      1.94443     -3.17139    -0.503466      1.60185
   -0.684603      1.24232      1.56809      1.94443     -1.26444      1.45037    -0.287534
   -0.684603      1.24232      1.56809      1.94443     -4.40603     -1.45037      2.85406
   -0.684608       1.2536      1.57316      1.94443     -1.27339       1.4588    -0.284892
   -0.684608       1.2536      1.57316      1.94443     -4.41499      -1.4588       2.8567
   -0.044287     0.693948 -0.000487067      1.94443  0.000646148     0.503211     -1.57353
   -0.044287     0.693948 -0.000487067      1.94443     -3.14095    -0.503211      1.56806
  -0.0614773     0.694102     0.036953      1.94443   -0.0489655     0.503899     -1.51848
  -0.0614773     0.694102     0.036953      1.94443     -3.19056    -0.503899      1.62311
   -0.684628      1.24686      1.57017      1.94443     -1.26803      1.45379    -0.286467
   -0.684628      1.24686      1.57017      1.94443     -4.40962     -1.45379      2.85513
  -0.0337427      0.69401   -0.0234519      1.94443    0.0310924     0.503488     -1.60731
  -0.0337427      0.69401   -0.0234519      1.94443      -3.1105    -0.503488      1.53428
  -0.0509353      0.69397    0.0139925      1.94443   -0.0185551     0.503309     -1.55223
  -0.0509353      0.69397    0.0139925      1.94443     -3.16015    -0.503309      1.58937
   -0.684576      1.23983      1.56692      1.94443     -1.26247      1.44846    -0.288124
   -0.684576      1.23983      1.56692      1.94443     -4.40406     -1.44846      2.85347
   -0.684624      1.25111      1.57207      1.94443     -1.27141      1.45696    -0.285472
   -0.684624      1.25111      1.57207      1.94443       -4.413     -1.45696      2.85612
  -0.0403904     0.693957  -0.00897375      1.94443    0.0119011     0.503251     -1.58602
  -0.0403904     0.693957  -0.00897375      1.94443     -3.12969    -0.503251      1.55558
  -0.0575824     0.694039    0.0284697      1.94443   -0.0377381     0.503619     -1.53094
  -0.0575824     0.694039    0.0284697      1.94443     -3.17933    -0.503619      1.61065
   -0.684618      1.24437      1.56903      1.94443     -1.26605      1.45191    -0.287053
   -0.684618      1.24437      1.56903      1.94443     -4.40765     -1.45191      2.85454
   -0.684592      1.25536      1.57391      1.94443      -1.2748      1.46009    -0.284483
   -0.684592      1.25536      1.57391      1.94443     -4.41639     -1.46009      2.85711
  -0.0298474     0.694063   -0.0319363      1.94443    0.0423277     0.503725     -1.61977
  -0.0298474     0.694063   -0.0319363      1.94443     -3.09926    -0.503725      1.52182
  -0.0470388     0.693951   0.00550606      1.94443  -0.00730216     0.503226     -1.56471
  -0.0470388     0.693951   0.00550606      1.94443     -3.14889    -0.503226      1.57688
   -0.684629      1.24862      1.57096      1.94443     -1.26943      1.45511    -0.286054
   -0.684629      1.24862      1.57096      1.94443     -4.41102     -1.45511      2.85554
   -0.036494     0.693982   -0.0174598      1.94443    0.0231518     0.503364      -1.5985
   -0.036494     0.693982   -0.0174598      1.94443     -3.11844    -0.503364      1.54309
  -0.0536868     0.693993    0.0199849      1.94443   -0.0264981     0.503412     -1.54341
  -0.0536868     0.693993    0.0199849      1.94443     -3.16809    -0.503412      1.59818
   -0.684599      1.24187      1.56787      1.94443     -1.26408      1.45002    -0.287641
   -0.684599      1.24187      1.56787      1.94443     -4.40567     -1.45002      2.85395
   -0.684612      1.25315      1.57296      1.94443     -1.27304      1.45847    -0.284997
   -0.684612      1.25315      1.57296      1.94443     -4.41463     -1.45847       2.8566
  -0.0431421     0.693949  -0.00298057      1.94443   0.00395316     0.503215      -1.5772
  -0.0431421     0.693949  -0.00298057      1.94443     -3.13764    -0.503215       1.5644
  -0.0607733     0.694089    0.0354195      1.94443   -0.0469369     0.503843     -1.52073
  -0.0607733     0.694089    0.0354195      1.94443     -3.18853    -0.503843      1.62086
   -0.684627      1.24641      1.56996      1.94443     -1.26767      1.45345    -0.286572
   -0.684627      1.24641      1.56996      1.94443     -4.40926     -1.45345      2.85502
  -0.0325982     0.694024   -0.0259449      1.94443    0.0343947      0.50355     -1.61097
  -0.0325982     0.694024   -0.0259449      1.94443      -3.1072     -0.50355      1.53062
  -0.0502309     0.693965    0.0124584      1.94443   -0.0165212     0.503289     -1.55448
  -0.0502309     0.693965    0.0124584      1.94443     -3.15811    -0.503289      1.58711
   -0.684571      1.23938       1.5667      1.94443     -1.26212      1.44812    -0.288231
   -0.684571      1.23938       1.5667      1.94443     -4.40371     -1.44812      2.85336
   -0.684626      1.25038      1.57174      1.94443     -1.27083      1.45642    -0.285643
   -0.684626      1.25038      1.57174      1.94443     -4.41242     -1.45642      2.85595
  -0.0392456     0.693963    -0.011467      1.94443    0.0152071     0.503277     -1.58968
  -0.0392456     0.693963    -0.011467      1.94443     -3.12639    -0.503277      1.55191
  -0.0568782      0.69403     0.026936      1.94443   -0.0357071     0.503577     -1.53319
  -0.0568782      0.69403     0.026936      1.94443      -3.1773    -0.503577       1.6084
   -0.684614      1.24363      1.56869      1.94443     -1.26547      1.45136    -0.287225
   -0.684614      1.24363      1.56869      1.94443     -4.40707     -1.45136      2.85437
   -0.684597      1.25491      1.57372      1.94443     -1.27444      1.45976    -0.284588
   -0.684597      1.25491      1.57372      1.94443     -4.41603     -1.45976        2.857
   -0.028703     0.694082   -0.0344287      1.94443    0.0456262     0.503808     -1.62344
   -0.028703     0.694082   -0.0344287      1.94443     -3.09597    -0.503808      1.51816
  -0.0463344      0.69395    0.0039719      1.94443  -0.00526755     0.503219     -1.56697
  -0.0463344      0.69395    0.0039719      1.94443     -3.14686    -0.503219      1.57463
   -0.684629      1.24789      1.57063      1.94443     -1.26884      1.45456    -0.286226
   -0.684629      1.24789      1.57063      1.94443     -4.41044     -1.45456      2.85537
  -0.0353493     0.693993   -0.0199529      1.94443     0.026456     0.503411     -1.60216
  -0.0353493     0.693993   -0.0199529      1.94443     -3.11514    -0.503411      1.53943
  -0.0529824     0.693986     0.018451      1.94443   -0.0244652     0.503382     -1.54567
  -0.0529824     0.693986     0.018451      1.94443     -3.16606    -0.503382      1.59592
   -0.684592      1.24114      1.56753      1.94443      -1.2635      1.44946    -0.287814
   -0.684592      1.24114      1.56753      1.94443      -4.4051     -1.44946      2.85378
   -0.684617      1.25242      1.57264      1.94443     -1.27245      1.45793    -0.285167
   -0.684617      1.25242      1.57264      1.94443     -4.41404     -1.45793      2.85643
  -0.0424377      0.69395  -0.00451473      1.94443    0.0059878     0.503221     -1.57945
  -0.0424377      0.69395  -0.00451473      1.94443      -3.1356    -0.503221      1.56214
  -0.0600692     0.694078     0.033886      1.94443   -0.0449079     0.503789     -1.52298
  -0.0600692     0.694078     0.033886      1.94443      -3.1865    -0.503789      1.61861
   -0.684625      1.24567      1.56963      1.94443     -1.26709       1.4529    -0.286744
   -0.684625      1.24567      1.56963      1.94443     -4.40868      -1.4529      2.85485
   -0.684577      1.25667      1.57447      1.94443     -1.27585      1.46105     -0.28418
   -0.684577      1.25667      1.57447      1.94443     -4.41744     -1.46105      2.85741
  -0.0318939     0.694033   -0.0274788      1.94443    0.0364262     0.503591     -1.61323
  -0.0318939     0.694033   -0.0274788      1.94443     -3.10517    -0.503591      1.52837
  -0.0490861     0.693959   0.00996493      1.94443   -0.0132151     0.503261     -1.55815
  -0.0490861     0.693959   0.00996493      1.94443     -3.15481    -0.503261      1.58344
   -0.684628      1.24993      1.57154      1.94443     -1.27047      1.45609    -0.285748
   -0.684628      1.24993      1.57154      1.94443     -4.41206     -1.45609      2.85584
  -0.0385412     0.693967   -0.0130011      1.94443    0.0172411     0.503296     -1.59194
  -0.0385412     0.693967   -0.0130011      1.94443     -3.12435    -0.503296      1.54965
  -0.0557337     0.694015    0.0244431      1.94443   -0.0324051     0.503512     -1.53686
  -0.0557337     0.694015    0.0244431      1.94443       -3.174    -0.503512      1.60473
    -0.68461      1.24318      1.56848      1.94443     -1.26512      1.45102    -0.287332
    -0.68461      1.24318      1.56848      1.94443     -4.40671     -1.45102      2.85426
   -0.684601      1.25446      1.57353      1.94443     -1.27408      1.45943    -0.284693
   -0.684601      1.25446      1.57353      1.94443     -4.41567     -1.45943       2.8569
   -0.027999     0.694094   -0.0359622      1.94443    0.0476551     0.503863     -1.62569
   -0.027999     0.694094   -0.0359622      1.94443     -3.09394    -0.503863      1.51591
  -0.0451895     0.693948   0.00147841      1.94443  -0.00196059     0.503212     -1.57064
  -0.0451895     0.693948   0.00147841      1.94443     -3.14355    -0.503212      1.57096
   -0.684629      1.24772      1.57055      1.94443     -1.26871      1.45443    -0.286265
   -0.684629      1.24772      1.57055      1.94443      -4.4103     -1.45443      2.85533
   -0.034645        0.694   -0.0214868      1.94443    0.0284887     0.503444     -1.60442
   -0.034645        0.694   -0.0214868      1.94443      -3.1131    -0.503444      1.53717
  -0.0522781      0.69398    0.0169169      1.94443   -0.0224319     0.503355     -1.54792
  -0.0522781      0.69398    0.0169169      1.94443     -3.16402    -0.503355      1.59367
   -0.684587      1.24069      1.56732      1.94443     -1.26315      1.44912    -0.287921
   -0.684587      1.24069      1.56732      1.94443     -4.40474     -1.44912      2.85367
   -0.684619      1.25197      1.57244      1.94443     -1.27209       1.4576    -0.285272
   -0.684619      1.25197      1.57244      1.94443     -4.41369      -1.4576      2.85632