   -0.718689      1.24062      1.56796      2.04301     -1.27574      1.42037    -0.359561
   -0.718689      1.24062      1.56796      2.04301     -4.41734     -1.42037      2.78203
     -0.7187      1.25218      1.57299      2.04301     -1.28416       1.4297    -0.356744
     -0.7187      1.25218      1.57299      2.04301     -4.42575      -1.4297      2.78485
  -0.0544941     0.678635   -0.0123067      2.04301    0.0189444     0.420053     -1.74238
  -0.0544941     0.678635   -0.0123067      2.04301     -3.12265    -0.420053      1.39921
  -0.0724492     0.678692    0.0253932      2.04301    -0.039071     0.420334     -1.67802
  -0.0724492     0.678692    0.0253932      2.04301     -3.18066    -0.420334      1.46357
   -0.718717      1.24527      1.57003      2.04301     -1.27911      1.42416    -0.358424
   -0.718717      1.24527      1.57003      2.04301     -4.42071     -1.42416      2.78317
   -0.718654      1.25654       1.5748      2.04301     -1.28736      1.43315    -0.355692
   -0.718654      1.25654       1.5748      2.04301     -4.42895     -1.43315       2.7859
  -0.0434842     0.678763   -0.0354248      2.04301    0.0544766      0.42068     -1.78181
  -0.0434842     0.678763   -0.0354248      2.04301     -3.08712     -0.42068      1.35978
  -0.0614374     0.678618   0.00227182      2.04301  -0.00349735     0.419969     -1.71749
  -0.0614374     0.678618   0.00227182      2.04301     -3.14509    -0.419969       1.4241
   -0.718665      1.23836      1.56693      2.04301     -1.27411      1.41851    -0.360118
   -0.718665      1.23836      1.56693      2.04301      -4.4157     -1.41851      2.78147
   -0.718714      1.24963      1.57191      2.04301     -1.28229      1.42766    -0.357363
   -0.718714      1.24963      1.57191      2.04301     -4.42388     -1.42766      2.78423
  -0.0504251     0.678668   -0.0208505      2.04301    0.0320879     0.420214     -1.75697
  -0.0504251     0.678668   -0.0208505      2.04301      -3.1095    -0.420214      1.38463
  -0.0688404     0.678654    0.0178156      2.04301   -0.0274198     0.420147     -1.69095
  -0.0688404     0.678654    0.0178156      2.04301     -3.16901    -0.420147      1.45064
   -0.718705      1.24272       1.5689      2.04301     -1.27726      1.42208    -0.359048
   -0.718705      1.24272       1.5689      2.04301     -4.41885     -1.42208      2.78254
   -0.718681      1.25428      1.57387      2.04301     -1.28569      1.43136    -0.356239
   -0.718681      1.25428      1.57387      2.04301     -4.42729     -1.43136      2.78535
  -0.0573679     0.678622  -0.00627285      2.04301   0.00965719     0.419989     -1.73208
  -0.0573679     0.678622  -0.00627285      2.04301     -3.13194    -0.419989      1.40951
  -0.0757818     0.678739    0.0323909      2.04301   -0.0498199     0.420563     -1.66609
  -0.0757818     0.678739    0.0323909      2.04301     -3.19141    -0.420563       1.4755
   -0.718719      1.24707      1.57081      2.04301     -1.28043      1.42561    -0.357984
   -0.718719      1.24707      1.57081      2.04301     -4.42202     -1.42561      2.78361
  -0.0463567     0.678718   -0.0293932      2.04301     0.045217     0.420458     -1.77153
  -0.0463567     0.678718   -0.0293932      2.04301     -3.09638    -0.420458      1.37006
  -0.0647712     0.678627    0.0092717      2.04301   -0.0142729     0.420015     -1.70553
  -0.0647712     0.678627    0.0092717      2.04301     -3.15587    -0.420015      1.43606
   -0.718685      1.24016      1.56775      2.04301     -1.27541      1.41999    -0.359674
   -0.718685      1.24016      1.56775      2.04301       -4.417     -1.41999      2.78192
   -0.718703      1.25172       1.5728      2.04301     -1.28382      1.42934    -0.356856
   -0.718703      1.25172       1.5728      2.04301     -4.42541     -1.42934      2.78474
  -0.0532986     0.678643   -0.0148171      2.04301    0.0228073     0.420091     -1.74667
  -0.0532986     0.678643   -0.0148171      2.04301     -3.11879    -0.420091      1.39492
  -0.0717137     0.678684    0.0238488      2.04301   -0.0366972      0.42029     -1.68065
  -0.0717137     0.678684    0.0238488      2.04301     -3.17829     -0.42029      1.46094
   -0.718714      1.24452       1.5697      2.04301     -1.27857      1.42355    -0.358607
   -0.718714      1.24452       1.5697      2.04301     -4.42016     -1.42355      2.78299
    -0.71866      1.25608      1.57461      2.04301     -1.28702      1.43279    -0.355804
    -0.71866      1.25608      1.57461      2.04301     -4.42861     -1.43279      2.78579
  -0.0422893     0.678785   -0.0379342      2.04301    0.0583258     0.420785     -1.78608
  -0.0422893     0.678785   -0.0379342      2.04301     -3.08327    -0.420785      1.35551
  -0.0607017     0.678617  0.000727035      2.04301   -0.0011191     0.419967     -1.72013
  -0.0607017     0.678617  0.000727035      2.04301     -3.14271    -0.419967      1.42147
  -0.0786541     0.678789    0.0384223      2.04301   -0.0590739     0.420806     -1.65582
  -0.0786541     0.678789    0.0384223      2.04301     -3.20067    -0.420806      1.48577
   -0.718655      1.23761      1.56659      2.04301     -1.27357      1.41789    -0.360303
   -0.718655      1.23761      1.56659      2.04301     -4.41516     -1.41789      2.78129
   -0.718716      1.24917      1.57172      2.04301     -1.28195       1.4273    -0.357475
   -0.718716      1.24917      1.57172      2.04301     -4.42355      -1.4273      2.78412
  -0.0496896     0.678676   -0.0223949      2.04301    0.0344625     0.420252      -1.7596
  -0.0496896     0.678676   -0.0223949      2.04301     -3.10713    -0.420252      1.38199
  -0.0676449     0.678645    0.0153054      2.04301   -0.0235582       0.4201     -1.69523
  -0.0676449     0.678645    0.0153054      2.04301     -3.16515      -0.4201      1.44636
     -0.7187      1.24197      1.56856      2.04301     -1.27672      1.42147    -0.359232
     -0.7187      1.24197      1.56856      2.04301     -4.41831     -1.42147      2.78236
   -0.718689      1.25353      1.57356      2.04301     -1.28514      1.43077     -0.35642
   -0.718689      1.25353      1.57356      2.04301     -4.42674     -1.43077      2.78517
  -0.0566322     0.678624  -0.00781732      2.04301    0.0120346     0.420001     -1.73472
  -0.0566322     0.678624  -0.00781732      2.04301     -3.12956    -0.420001      1.40687
  -0.0750465     0.678728    0.0308469      2.04301   -0.0474492     0.420508     -1.66872
  -0.0750465     0.678728    0.0308469      2.04301     -3.18904    -0.420508      1.47287
   -0.718719      1.24661      1.57061      2.04301     -1.28009      1.42524    -0.358097
   -0.718719      1.24661      1.57061      2.04301     -4.42168     -1.42524       2.7835
  -0.0456213     0.678729   -0.0309373      2.04301    0.0475884     0.420511     -1.77417
  -0.0456213     0.678729   -0.0309373      2.04301       -3.094    -0.420511      1.36743
  -0.0640355     0.678624    0.0077269      2.04301   -0.0118951         0.42     -1.70817
  -0.0640355     0.678624    0.0077269      2.04301     -3.15349        -0.42      1.43342
    -0.71868       1.2397      1.56754      2.04301     -1.27508      1.41961    -0.359788
    -0.71868       1.2397      1.56754      2.04301     -4.41667     -1.41961       2.7818
   -0.718708      1.25097      1.57248      2.04301     -1.28327      1.42874    -0.357038
   -0.718708      1.25097      1.57248      2.04301     -4.42486     -1.42874      2.78455
   -0.052563     0.678649   -0.0163616      2.04301    0.0251835     0.420119     -1.74931
   -0.052563     0.678649   -0.0163616      2.04301     -3.11641    -0.420119      1.39229
  -0.0709782     0.678675    0.0223044      2.04301    -0.034323      0.42025     -1.68329
  -0.0709782     0.678675    0.0223044      2.04301     -3.17592     -0.42025       1.4583
   -0.718713      1.24406      1.56949      2.04301     -1.27823      1.42317     -0.35872
   -0.718713      1.24406      1.56949      2.04301     -4.41983     -1.42317      2.78287
   -0.718666      1.25562      1.57442      2.04301     -1.28668      1.43242    -0.355915
   -0.718666      1.25562      1.57442      2.04301     -4.42827     -1.43242      2.78568
  -0.0415541     0.678799   -0.0394779      2.04301    0.0606929     0.420853     -1.78871
  -0.0415541     0.678799   -0.0394779      2.04301      -3.0809    -0.420853      1.35288
   -0.059966     0.678617 -0.000817701      2.04301   0.00125909     0.419967     -1.72276
   -0.059966     0.678617 -0.000817701      2.04301     -3.14033    -0.419967      1.41883
  -0.0779188     0.678776    0.0368784      2.04301   -0.0567062      0.42074     -1.65845
  -0.0779188     0.678776    0.0368784      2.04301      -3.1983     -0.42074      1.48314
   -0.718718      1.24842      1.57139      2.04301     -1.28141      1.42669    -0.357658
   -0.718718      1.24842      1.57139      2.04301       -4.423     -1.42669      2.78394
  -0.0484942      0.67869    -0.024905      2.04301     0.038321     0.420319     -1.76388
  -0.0484942      0.67869    -0.024905      2.04301     -3.10327    -0.420319      1.37771
  -0.0669093     0.678639    0.0137609      2.04301   -0.0211816     0.420074     -1.69787
  -0.0669093     0.678639    0.0137609      2.04301     -3.16277    -0.420074      1.44372
   -0.718697       1.2415      1.56836      2.04301     -1.27638      1.42109    -0.359345
   -0.718697       1.2415      1.56836      2.04301     -4.41797     -1.42109      2.78225
   -0.718693      1.25306      1.57336      2.04301      -1.2848       1.4304    -0.356531
   -0.718693      1.25306      1.57336      2.04301      -4.4264      -1.4304      2.78506
  -0.0558966     0.678628  -0.00936208      2.04301    0.0144124     0.420016     -1.73736
  -0.0558966     0.678628  -0.00936208      2.04301     -3.12718    -0.420016      1.40424
  -0.0738512     0.678711    0.0283372      2.04301   -0.0435945     0.420423       -1.673
  -0.0738512     0.678711    0.0283372      2.04301     -3.18519    -0.420423      1.46859
   -0.718718      1.24615      1.57041      2.04301     -1.27975      1.42487    -0.358209
   -0.718718      1.24615      1.57041      2.04301     -4.42135     -1.42487      2.78338
  -0.0444262     0.678748   -0.0334468      2.04301    0.0514411     0.420603     -1.77844
  -0.0444262     0.678748   -0.0334468      2.04301     -3.09015    -0.420603      1.36315
  -0.0628399     0.678621   0.00521651      2.04301  -0.00803064     0.419982     -1.71246
  -0.0628399     0.678621   0.00521651      2.04301     -3.14962    -0.419982      1.42913
   -0.718675      1.23924      1.56733      2.04301     -1.27474      1.41923    -0.359902
   -0.718675      1.23924      1.56733      2.04301     -4.41634     -1.41923      2.78169
    -0.71871      1.25051      1.57229      2.04301     -1.28293      1.42837     -0.35715
    -0.71871      1.25051      1.57229      2.04301     -4.42453     -1.42837      2.78444
  -0.0518274     0.678655   -0.0179061      2.04301    0.0275595     0.420149     -1.75194
  -0.0518274     0.678655   -0.0179061      2.04301     -3.11403    -0.420149      1.38965
  -0.0697828     0.678663    0.0197944      2.04301   -0.0304633     0.420189     -1.68757
  -0.0697828     0.678663    0.0197944      2.04301     -3.17206    -0.420189      1.45402
    -0.71871       1.2436      1.56929      2.04301      -1.2779       1.4228    -0.358833
    -0.71871       1.2436      1.56929      2.04301     -4.41949      -1.4228      2.78276
   -0.718675      1.25487      1.57411      2.04301     -1.28613      1.43183    -0.356096
   -0.718675      1.25487      1.57411      2.04301     -4.42772     -1.43183       2.7855
  -0.0587704     0.678619  -0.00332794      2.04301   0.00512365     0.419973     -1.72705
  -0.0587704     0.678619  -0.00332794      2.04301     -3.13647    -0.419973      1.41454
  -0.0771836     0.678763    0.0353344      2.04301   -0.0543375     0.420676     -1.66108
  -0.0771836     0.678763    0.0353344      2.04301     -3.19593    -0.420676      1.48051
   -0.718718      1.24795      1.57119      2.04301     -1.28107      1.42632     -0.35777
   -0.718718      1.24795      1.57119      2.04301     -4.42266     -1.42632      2.78382
  -0.0477587     0.678699   -0.0264492      2.04301    0.0406942     0.420365     -1.76652
  -0.0477587     0.678699   -0.0264492      2.04301      -3.1009    -0.420365      1.37508
  -0.0657137     0.678632    0.0112505      2.04301   -0.0173185     0.420038     -1.70215
  -0.0657137     0.678632    0.0112505      2.04301     -3.15891    -0.420038      1.43944
   -0.718693      1.24104      1.56815      2.04301     -1.27605      1.42071    -0.359458
   -0.718693      1.24104      1.56815      2.04301     -4.41764     -1.42071      2.78213
   -0.718699      1.25231      1.57305      2.04301     -1.28425      1.42981    -0.356713
   -0.718699      1.25231      1.57305      2.04301     -4.42585     -1.42981      2.78488
   -0.054701     0.678634   -0.0118725      2.04301    0.0182761     0.420047     -1.74164
   -0.054701     0.678634   -0.0118725      2.04301     -3.12332    -0.420047      1.39995
  -0.0731158     0.678701    0.0267929      2.04301   -0.0412219     0.420375     -1.67563
  -0.0731158     0.678701    0.0267929      2.04301     -3.18281    -0.420375      1.46596
   -0.718717       1.2454      1.57008      2.04301     -1.27921      1.42426    -0.358392
   -0.718717       1.2454      1.57008      2.04301      -4.4208     -1.42426       2.7832
  -0.0436909      0.67876   -0.0349908      2.04301    0.0538106     0.420663     -1.78107
  -0.0436909      0.67876   -0.0349908      2.04301     -3.08778    -0.420663      1.36052
  -0.0621042     0.678619   0.00367196      2.04301  -0.00565286     0.419974      -1.7151
  -0.0621042     0.678619   0.00367196      2.04301     -3.14725    -0.419974       1.4265
   -0.718666      1.23849      1.56699      2.04301      -1.2742      1.41862    -0.360086
   -0.718666      1.23849      1.56699      2.04301     -4.41579     -1.41862      2.78151
   -0.718712      1.25005      1.57209      2.04301      -1.2826        1.428    -0.357262
   -0.718712      1.25005      1.57209      2.04301     -4.42419       -1.428      2.78433
  -0.0506319     0.678666   -0.0204163      2.04301    0.0314202     0.420204     -1.75623
  -0.0506319     0.678666   -0.0204163      2.04301     -3.11017    -0.420204      1.38537
  -0.0690472     0.678656      0.01825      2.04301   -0.0280879     0.420156     -1.69021
  -0.0690472     0.678656      0.01825      2.04301     -3.16968    -0.420156      1.45139
   -0.718706      1.24285      1.56896      2.04301     -1.27735      1.42219    -0.359016
   -0.718706      1.24285      1.56896      2.04301     -4.41895     -1.42219      2.78258
    -0.71868      1.25441      1.57392      2.04301     -1.28579      1.43147    -0.356207
    -0.71868      1.25441      1.57392      2.04301     -4.42738     -1.43147      2.78539
  -0.0580347      0.67862  -0.00487272      2.04301   0.00750181      0.41998     -1.72969
  -0.0580347      0.67862  -0.00487272      2.04301     -3.13409     -0.41998       1.4119
  -0.0759885     0.678743    0.0328251      2.04301   -0.0504864     0.420579     -1.66535
  -0.0759885     0.678743    0.0328251      2.04301     -3.19208    -0.420579      1.47624
   -0.718719      1.24749        1.571      2.04301     -1.28073      1.42595    -0.357882
   -0.718719      1.24749        1.571      2.04301     -4.42232     -1.42595      2.78371
  -0.0465635     0.678715    -0.028959      2.04301    0.0445502     0.420444     -1.77079
  -0.0465635     0.678715    -0.028959      2.04301     -3.09704    -0.420444       1.3708
   -0.064978     0.678628   0.00970594      2.04301   -0.0149412      0.42002     -1.70479
   -0.064978     0.678628   0.00970594      2.04301     -3.15653     -0.42002       1.4368
   -0.718686      1.24029      1.56781      2.04301      -1.2755       1.4201    -0.359643
   -0.718686      1.24029      1.56781      2.04301      -4.4171      -1.4201      2.78195
   -0.718702      1.25185      1.57285      2.04301     -1.28392      1.42944    -0.356825
   -0.718702      1.25185      1.57285      2.04301     -4.42551     -1.42944      2.78477