    -1.19175      1.62256      1.57062       1.5384     -1.62253      1.56895     -1.30527
    -1.19175      1.62256      1.57062       1.5384     -4.76412     -1.56895      1.83632
   -0.672727      1.09772  -0.00903469       1.5384    0.0166071     0.505556     -2.34335
   -0.672727      1.09772  -0.00903469       1.5384     -3.12499    -0.505556     0.798248
    -1.19174      1.61679      1.57111       1.5384     -1.61677      1.56962     -1.30529
    -1.19174      1.61679      1.57111       1.5384     -4.75836     -1.56962       1.8363
   -0.677086      1.09772     0.010323       1.5384   -0.0189744     0.505578     -2.30775
   -0.677086      1.09772     0.010323       1.5384     -3.16057    -0.505578     0.833839
    -1.19175      1.62042      1.57082       1.5384      -1.6204      1.56921     -1.30529
    -1.19175      1.62042      1.57082       1.5384     -4.76199     -1.56921       1.8363
    -1.19174      1.62431      1.57045       1.5384     -1.62427      1.56872     -1.30525
    -1.19174      1.62431      1.57045       1.5384     -4.76586     -1.56872      1.83634
    -0.67469      1.09771 -0.000318944       1.5384  0.000586487     0.505485     -2.32732
    -0.67469      1.09771 -0.000318944       1.5384     -3.14101    -0.505485     0.814272
    -1.19175      1.61829        1.571       1.5384     -1.61827      1.56946     -1.30529
    -1.19175      1.61829        1.571       1.5384     -4.75987     -1.56946       1.8363
    -1.19175      1.62217      1.57066       1.5384     -1.62214        1.569     -1.30528
    -1.19175      1.62217      1.57066       1.5384     -4.76373       -1.569      1.83632
   -0.672294      1.09772    -0.010958       1.5384    0.0201416      0.50559     -2.34688
   -0.672294      1.09772    -0.010958       1.5384     -3.12145     -0.50559     0.794712
    -1.19173      1.61616      1.57116       1.5384     -1.61615      1.56969     -1.30529
    -1.19173      1.61616      1.57116       1.5384     -4.75774     -1.56969       1.8363
   -0.676382      1.09771   0.00719643       1.5384   -0.0132283      0.50553      -2.3135
   -0.676382      1.09771   0.00719643       1.5384     -3.15482     -0.50553     0.828091
    -1.19175      1.62004      1.57085       1.5384     -1.62002      1.56926     -1.30529
    -1.19175      1.62004      1.57085       1.5384     -4.76161     -1.56926       1.8363
    -1.19174      1.62368      1.57052       1.5384     -1.62364       1.5688     -1.30526
    -1.19174      1.62368      1.57052       1.5384     -4.76523      -1.5688      1.83633
   -0.674257      1.09771  -0.00224149       1.5384    0.0041207      0.50549     -2.33086
   -0.674257      1.09771  -0.00224149       1.5384     -3.13747     -0.50549     0.810737
    -1.19174      1.61791      1.57103       1.5384     -1.61789       1.5695      -1.3053
    -1.19174      1.61791      1.57103       1.5384     -4.75948      -1.5695       1.8363
   -0.678346      1.09772    0.0159136       1.5384   -0.0292453     0.505706     -2.29748
   -0.678346      1.09772    0.0159136       1.5384     -3.17084    -0.505706     0.844113
    -1.19175      1.62155      1.57072       1.5384     -1.62152      1.56907     -1.30528
    -1.19175      1.62155      1.57072       1.5384     -4.76311     -1.56907      1.83631
   -0.671861      1.09772   -0.0128803       1.5384    0.0236735      0.50563     -2.35041
   -0.671861      1.09772   -0.0128803       1.5384     -3.11792     -0.50563     0.791179
   -0.675949      1.09771   0.00527298       1.5384  -0.00969288     0.505509     -2.31704
   -0.675949      1.09771   0.00527298       1.5384     -3.15129    -0.505509     0.824555
    -1.19175      1.61941       1.5709       1.5384     -1.61939      1.56933     -1.30529
    -1.19175      1.61941       1.5709       1.5384     -4.76098     -1.56933       1.8363
    -1.19175      1.62329      1.57055       1.5384     -1.62326      1.56886     -1.30526
    -1.19175      1.62329      1.57055       1.5384     -4.76485     -1.56886      1.83633
   -0.673553      1.09771  -0.00536716       1.5384   0.00986633      0.50551      -2.3366
   -0.673553      1.09771  -0.00536716       1.5384     -3.13173     -0.50551      0.80499
    -1.19174      1.61752      1.57106       1.5384      -1.6175      1.56954     -1.30529
    -1.19174      1.61752      1.57106       1.5384      -4.7591     -1.56954       1.8363
   -0.677912      1.09772    0.0139884       1.5384    -0.025709     0.505656     -2.30102
   -0.677912      1.09772    0.0139884       1.5384      -3.1673    -0.505656     0.840575
    -1.19175      1.62116      1.57075       1.5384     -1.62113      1.56912     -1.30528
    -1.19175      1.62116      1.57075       1.5384     -4.76272     -1.56912      1.83631
   -0.671157      1.09772    -0.016008       1.5384     0.029419     0.505709     -2.35616
   -0.671157      1.09772    -0.016008       1.5384     -3.11217    -0.505709     0.785432
    -1.19173      1.62504      1.57038       1.5384       -1.625      1.56862     -1.30524
    -1.19173      1.62504      1.57038       1.5384     -4.76659     -1.56862      1.83635
   -0.675516      1.09771   0.00334972       1.5384  -0.00615757     0.505495     -2.32057
   -0.675516      1.09771   0.00334972       1.5384     -3.14775    -0.505495     0.821019
    -1.19175      1.61903      1.57094       1.5384     -1.61901      1.56937     -1.30529
    -1.19175      1.61903      1.57094       1.5384      -4.7606     -1.56937       1.8363
    -1.19175      1.62291      1.57059       1.5384     -1.62287       1.5689     -1.30527
    -1.19175      1.62291      1.57059       1.5384     -4.76447      -1.5689      1.83632
    -0.67312      1.09771  -0.00729173       1.5384    0.0134038     0.505531     -2.34014
    -0.67312      1.09771  -0.00729173       1.5384     -3.12819    -0.505531     0.801452
    -1.19174      1.61689       1.5711       1.5384     -1.61688      1.56961     -1.30529
    -1.19174      1.61689       1.5711       1.5384     -4.75847     -1.56961       1.8363
   -0.677208      1.09772    0.0108628       1.5384   -0.0199663     0.505588     -2.30676
   -0.677208      1.09772    0.0108628       1.5384     -3.16156    -0.505588     0.834831
    -1.19175      1.62077      1.57079       1.5384     -1.62075      1.56917     -1.30529
    -1.19175      1.62077      1.57079       1.5384     -4.76234     -1.56917      1.83631
    -1.19174      1.62417      1.57047       1.5384     -1.62413      1.56874     -1.30525
    -1.19174      1.62417      1.57047       1.5384     -4.76573     -1.56874      1.83634
   -0.675083      1.09771   0.00142539       1.5384  -0.00262012     0.505487     -2.32411
   -0.675083      1.09771   0.00142539       1.5384     -3.14421    -0.505487      0.81748
    -1.19175       1.6184      1.57099       1.5384     -1.61838      1.56944     -1.30529
    -1.19175       1.6184      1.57099       1.5384     -4.75997     -1.56944       1.8363