   -1.50801     1.01335   0.0316951     2.31383    -2.99665    0.187288  -0.0444479
   -1.49919     1.01328  0.00472248     2.31383    -3.11987     0.18556   0.0711909
   -1.50488     1.01332   0.0221292     2.31383    -3.04009    0.186384  -0.0037008
   -1.50175     1.01329   0.0125612     2.31383    -3.08386    0.185799   0.0373843
   -1.50709     1.01334   0.0288845     2.31383    -3.00937    0.186989   -0.032518
   -1.49862     1.01328  0.00299239     2.31383    -3.12783    0.185537   0.0786618
   -1.50431     1.01331   0.0203997     2.31383    -3.04798    0.186255  0.00370551
   -1.50118     1.01329   0.0108315     2.31383     -3.0918    0.185728    0.044836
   -1.50652     1.01333   0.0271556     2.31383    -3.01722     0.18682   -0.025161
   -1.49805     1.01328  0.00126255     2.31383    -3.13579    0.185523   0.0861331
   -1.50339      1.0133   0.0175885     2.31383    -3.06083    0.186067   0.0157644
   -1.50873     1.01336   0.0339103     2.31383    -2.98666    0.187542  -0.0538221
   -1.50026     1.01328  0.00802016     2.31383    -3.10471    0.185634   0.0569583
   -1.50596     1.01333   0.0254261     2.31383    -3.02508     0.18666  -0.0177883
   -1.50283      1.0133   0.0158588     2.31383    -3.06875    0.185965   0.0231959
   -1.50817     1.01336    0.032181     2.31383    -2.99446    0.187342  -0.0465064
    -1.4997     1.01328   0.0062902     2.31383    -3.11266    0.185591   0.0644234
   -1.50504     1.01332   0.0226153     2.31383    -3.03787    0.186423 -0.00578059
   -1.50226     1.01329   0.0141292     2.31383    -3.07667    0.185873   0.0306348
    -1.5076     1.01335    0.030452     2.31383    -3.00228    0.187153  -0.0391762