   -0.966124      1.04243  -0.00358707      1.93847    0.0193599     0.160722     -2.49338
   -0.966124      1.04243  -0.00358707      1.93847     -3.12223    -0.160722     0.648211
   -0.971365      1.04244    0.0143982      1.93847   -0.0775493     0.161198      -2.3939
   -0.971365      1.04244    0.0143982      1.93847     -3.21914    -0.161198     0.747695
   -0.963243      1.04244   -0.0134739      1.93847    0.0725918     0.161135     -2.54803
   -0.963243      1.04244   -0.0134739      1.93847       -3.069    -0.161135     0.593563
   -0.968484      1.04243   0.00451082      1.93847   -0.0243424     0.160741     -2.44852
   -0.968484      1.04243   0.00451082      1.93847     -3.16594    -0.160741     0.693072
   -0.965603      1.04243  -0.00537544      1.93847    0.0290069     0.160762     -2.50328
   -0.965603      1.04243  -0.00537544      1.93847     -3.11259    -0.160762     0.638308
   -0.970518      1.04244    0.0114918      1.93847   -0.0619439     0.161014     -2.40992
   -0.970518      1.04244    0.0114918      1.93847     -3.20354    -0.161014     0.731673
   -0.962722      1.04245    -0.015259      1.93847     0.082165     0.161261     -2.55786
   -0.962722      1.04245    -0.015259      1.93847     -3.05943    -0.161261     0.583735
   -0.967963      1.04243   0.00272334      1.93847   -0.0146981     0.160709     -2.45842
   -0.967963      1.04243   0.00272334      1.93847     -3.15629    -0.160709     0.683172
   -0.965082      1.04244   -0.0071606      1.93847    0.0386308     0.160816     -2.51316
   -0.965082      1.04244   -0.0071606      1.93847     -3.10296    -0.160816     0.628429
   -0.969997      1.04244   0.00970638      1.93847   -0.0523403     0.160922     -2.41978
   -0.969997      1.04244   0.00970638      1.93847     -3.19393    -0.160922     0.721815
   -0.962201      1.04245   -0.0170454      1.93847    0.0917298     0.161402     -2.56768
   -0.962201      1.04245   -0.0170454      1.93847     -3.04986    -0.161402     0.573915
   -0.967116      1.04243 -0.000178993      1.93847  0.000966693     0.160691      -2.4745
   -0.967116      1.04243 -0.000178993      1.93847     -3.14063    -0.160691     0.667093
   -0.964235      1.04244   -0.0100659      1.93847    0.0542758     0.160939     -2.52923
   -0.964235      1.04244   -0.0100659      1.93847     -3.08732    -0.160939     0.612368
   -0.969477      1.04244   0.00791788      1.93847     -0.04271     0.160844     -2.42966
   -0.969477      1.04244   0.00791788      1.93847      -3.1843    -0.160844     0.711928
   -0.966596      1.04243  -0.00196648      1.93847    0.0106146       0.1607      -2.4844
   -0.966596      1.04243  -0.00196648      1.93847     -3.13098      -0.1607     0.657189
   -0.971511      1.04245    0.0148987      1.93847   -0.0802329     0.161234     -2.39114
   -0.971511      1.04245    0.0148987      1.93847     -3.22183    -0.161234      0.75045
   -0.963715      1.04244   -0.0118521      1.93847    0.0638816     0.161035     -2.53909
   -0.963715      1.04244   -0.0118521      1.93847     -3.07771    -0.161035     0.602506
   -0.968956      1.04243   0.00613153      1.93847   -0.0330827     0.160783     -2.43955
   -0.968956      1.04243   0.00613153      1.93847     -3.17468    -0.160783     0.702045
   -0.965749      1.04243  -0.00487185      1.93847    0.0262908     0.160749      -2.5005
   -0.965749      1.04243  -0.00487185      1.93847      -3.1153    -0.160749     0.641096