   -0.691436      1.25267        1.567      1.96619      -1.2771      1.44667    -0.240993
   -0.691436      1.25267        1.567      1.96619      -4.4187     -1.44667       2.9006
   -0.691486      1.26402      1.57194      1.96619     -1.28598      1.45523    -0.238462
   -0.691486      1.26402      1.57194      1.96619     -4.42757     -1.45523      2.90313
  -0.0335124      0.70114   -0.0342057      1.96619    0.0482557     0.475021     -1.59933
  -0.0335124      0.70114   -0.0342057      1.96619     -3.09334    -0.475021      1.54226
  -0.0506599     0.701009   0.00325201      1.96619  -0.00459156     0.474397     -1.54085
  -0.0506599     0.701009   0.00325201      1.96619     -3.14618    -0.474397      1.60074
   -0.691477      1.25695      1.56891      1.96619     -1.28044      1.44993    -0.240034
   -0.691477      1.25695      1.56891      1.96619     -4.42203     -1.44993      2.90156
   -0.691455       1.2683      1.57371      1.96619     -1.28935      1.45838    -0.237518
   -0.691455       1.2683      1.57371      1.96619     -4.43094     -1.45838      2.90407
  -0.0401419     0.701052   -0.0197234      1.96619    0.0278412     0.474601     -1.57674
  -0.0401419     0.701052   -0.0197234      1.96619     -3.11375    -0.474601      1.56485
  -0.0577305     0.701047    0.0186971      1.96619   -0.0263928      0.47458     -1.51672
  -0.0577305     0.701047    0.0186971      1.96619     -3.16799     -0.47458      1.62487
   -0.691491      1.26151      1.57088      1.96619     -1.28401      1.45336    -0.239018
   -0.691491      1.26151      1.57088      1.96619      -4.4256     -1.45336      2.90257
  -0.0472124      0.70101  -0.00427863      1.96619   0.00604144     0.474401     -1.55262
  -0.0472124      0.70101  -0.00427863      1.96619     -3.13555    -0.474401      1.58898
  -0.0643602     0.701132    0.0331795      1.96619     -0.04681     0.474984     -1.49413
  -0.0643602     0.701132    0.0331795      1.96619      -3.1884    -0.474984      1.64746
   -0.691459      1.25473      1.56792      1.96619      -1.2787      1.44824    -0.240532
   -0.691459      1.25473      1.56792      1.96619      -4.4203     -1.44824      2.90106
   -0.691476      1.26579      1.57268      1.96619     -1.28737      1.45654    -0.238071
   -0.691476      1.26579      1.57268      1.96619     -4.42896     -1.45654      2.90352
  -0.0362561     0.701098   -0.0282121      1.96619    0.0398114      0.47482     -1.58999
  -0.0362561     0.701098   -0.0282121      1.96619     -3.10178     -0.47482      1.55161
   -0.053844      0.70102    0.0102074      1.96619   -0.0144113     0.474448     -1.52998
   -0.053844      0.70102    0.0102074      1.96619       -3.156    -0.474448      1.61161
   -0.691487        1.259       1.5698      1.96619     -1.28204      1.45148    -0.239576
   -0.691487        1.259       1.5698      1.96619     -4.42364     -1.45148      2.90202
   -0.691435      1.27007      1.57443      1.96619     -1.29075      1.45967    -0.237128
   -0.691435      1.27007      1.57443      1.96619     -4.43234     -1.45967      2.90446
  -0.0433257     0.701026   -0.0127687      1.96619    0.0180272     0.474479     -1.56588
  -0.0433257     0.701026   -0.0127687      1.96619     -3.12357    -0.474479      1.57571
  -0.0604748     0.701077    0.0246919      1.96619   -0.0348483      0.47472     -1.50737
  -0.0604748     0.701077    0.0246919      1.96619     -3.17644     -0.47472      1.63423
    -0.69143      1.25222      1.56679      1.96619     -1.27675      1.44632    -0.241095
    -0.69143      1.25222      1.56679      1.96619     -4.41834     -1.44632       2.9005
   -0.691488      1.26328      1.57163      1.96619      -1.2854      1.45468    -0.238626
   -0.691488      1.26328      1.57163      1.96619     -4.42699     -1.45468      2.90297
   -0.032371      0.70116   -0.0366991      1.96619    0.0517663     0.475117     -1.60322
   -0.032371      0.70116   -0.0366991      1.96619     -3.08983    -0.475117      1.53837
  -0.0499573     0.701008   0.00171709      1.96619  -0.00242431     0.474393     -1.54325
  -0.0499573     0.701008   0.00171709      1.96619     -3.14402    -0.474393      1.59835
   -0.691474       1.2565      1.56871      1.96619     -1.28008      1.44959    -0.240136
   -0.691474       1.2565      1.56871      1.96619     -4.42168     -1.44959      2.90146
    -0.69146      1.26784      1.57353      1.96619     -1.28899      1.45805    -0.237618
    -0.69146      1.26784      1.57353      1.96619     -4.43058     -1.45805      2.90397
  -0.0394394     0.701059   -0.0212582      1.96619    0.0300061     0.474635     -1.57913
  -0.0394394     0.701059   -0.0212582      1.96619     -3.11159    -0.474635      1.56246
  -0.0565887     0.701038    0.0162028      1.96619   -0.0228734     0.474533     -1.52062
  -0.0565887     0.701038    0.0162028      1.96619     -3.16447    -0.474533      1.62097
   -0.691491      1.26077      1.57057      1.96619     -1.28343      1.45281    -0.239182
   -0.691491      1.26077      1.57057      1.96619     -4.42502     -1.45281      2.90241
  -0.0460705     0.701013  -0.00677321      1.96619   0.00956349     0.474416     -1.55651
  -0.0460705     0.701013  -0.00677321      1.96619     -3.13203    -0.474416      1.58508
  -0.0636579     0.701121    0.0316453      1.96619   -0.0446489     0.474931     -1.49652
  -0.0636579     0.701121    0.0316453      1.96619     -3.18624    -0.474931      1.64507
   -0.691452      1.25399      1.56759      1.96619     -1.27813      1.44768    -0.240697
   -0.691452      1.25399      1.56759      1.96619     -4.41972     -1.44768       2.9009
   -0.691479      1.26534      1.57249      1.96619     -1.28701       1.4562    -0.238171
   -0.691479      1.26534      1.57249      1.96619     -4.42861      -1.4562      2.90342
  -0.0355537     0.701108   -0.0297465      1.96619    0.0419738     0.474868     -1.59238
  -0.0355537     0.701108   -0.0297465      1.96619     -3.09962    -0.474868      1.54921
  -0.0531414     0.701017   0.00867257      1.96619   -0.0122446     0.474432     -1.53238
  -0.0531414     0.701017   0.00867257      1.96619     -3.15384    -0.474432      1.60921
   -0.691486      1.25855       1.5696      1.96619     -1.28169      1.45114    -0.239677
   -0.691486      1.25855       1.5696      1.96619     -4.42328     -1.45114      2.90192
   -0.691441      1.26961      1.57425      1.96619     -1.29039      1.45934    -0.237228
   -0.691441      1.26961      1.57425      1.96619     -4.43198     -1.45934      2.90437
  -0.0426231     0.701031   -0.0143036      1.96619    0.0201935     0.474502     -1.56828
  -0.0426231     0.701031   -0.0143036      1.96619      -3.1214    -0.474502      1.57332
  -0.0597723     0.701069    0.0231573      1.96619   -0.0326843      0.47468     -1.50976
  -0.0597723     0.701069    0.0231573      1.96619     -3.17428     -0.47468      1.63183
   -0.691489      1.26283      1.57144      1.96619     -1.28504      1.45434    -0.238726
   -0.691489      1.26283      1.57144      1.96619     -4.42664     -1.45434      2.90287
  -0.0492546     0.701008  0.000182282      1.96619 -0.000257198     0.474391     -1.54565
  -0.0492546     0.701008  0.000182282      1.96619     -3.14185    -0.474391      1.59595
   -0.691471      1.25604      1.56851      1.96619     -1.27973      1.44924    -0.240237
   -0.691471      1.25604      1.56851      1.96619     -4.42132     -1.44924      2.90136
   -0.691466      1.26711      1.57323      1.96619     -1.28841      1.45751     -0.23778
   -0.691466      1.26711      1.57323      1.96619        -4.43     -1.45751      2.90381
  -0.0387369     0.701067   -0.0227928      1.96619    0.0321706     0.474671     -1.58153
  -0.0387369     0.701067   -0.0227928      1.96619     -3.10942    -0.474671      1.56006
  -0.0558861     0.701032     0.014668      1.96619   -0.0207074     0.474507     -1.52302
  -0.0558861     0.701032     0.014668      1.96619      -3.1623    -0.474507      1.61858
    -0.69149      1.26032      1.57037      1.96619     -1.28308      1.45247    -0.239283
    -0.69149      1.26032      1.57037      1.96619     -4.42467     -1.45247      2.90231
  -0.0453678     0.701016  -0.00830803      1.96619    0.0117303     0.474428     -1.55891
  -0.0453678     0.701016  -0.00830803      1.96619     -3.12986    -0.474428      1.58268
  -0.0625163     0.701104    0.0291517      1.96619   -0.0411352     0.474849     -1.50041
  -0.0625163     0.701104    0.0291517      1.96619     -3.18273    -0.474849      1.64118
   -0.691446      1.25354      1.56739      1.96619     -1.27778      1.44733    -0.240799
   -0.691446      1.25354      1.56739      1.96619     -4.41937     -1.44733      2.90079
   -0.691482      1.26488       1.5723      1.96619     -1.28666      1.45587    -0.238271
   -0.691482      1.26488       1.5723      1.96619     -4.42825     -1.45587      2.90332
  -0.0348513     0.701119   -0.0312807      1.96619    0.0441356     0.474918     -1.59477
  -0.0348513     0.701119   -0.0312807      1.96619     -3.09746    -0.474918      1.54682
  -0.0519994     0.701012   0.00617813      1.96619  -0.00872297     0.474412     -1.53628
  -0.0519994     0.701012   0.00617813      1.96619     -3.15032    -0.474412      1.60532
   -0.691483       1.2581      1.56941      1.96619     -1.28134       1.4508    -0.239778
   -0.691483       1.2581      1.56941      1.96619     -4.42293      -1.4508      2.90181
   -0.691446      1.26916      1.57406      1.96619     -1.29003      1.45901    -0.237328
   -0.691446      1.26916      1.57406      1.96619     -4.43162     -1.45901      2.90427
  -0.0414813      0.70104   -0.0167978      1.96619    0.0237134     0.474543     -1.57217
  -0.0414813      0.70104   -0.0167978      1.96619     -3.11788    -0.474543      1.56942
  -0.0590698     0.701061    0.0216227      1.96619   -0.0305199     0.474643     -1.51216
  -0.0590698     0.701061    0.0216227      1.96619     -3.17211    -0.474643      1.62944
   -0.691491      1.26209      1.57113      1.96619     -1.28446       1.4538     -0.23889
   -0.691491      1.26209      1.57113      1.96619     -4.42606      -1.4538       2.9027
  -0.0481126     0.701009  -0.00231231      1.96619    0.0032651     0.474394     -1.54954
  -0.0481126     0.701009  -0.00231231      1.96619     -3.13833    -0.474394      1.59205
  -0.0656991     0.701155    0.0361043      1.96619   -0.0509287     0.475093     -1.48957
  -0.0656991     0.701155    0.0361043      1.96619     -3.19252    -0.475093      1.65202
   -0.691465      1.25531      1.56818      1.96619     -1.27916      1.44868    -0.240402
   -0.691465      1.25531      1.56818      1.96619     -4.42075     -1.44868      2.90119
    -0.69147      1.26665      1.57304      1.96619     -1.28805      1.45717     -0.23788
    -0.69147      1.26665      1.57304      1.96619     -4.42964     -1.45717      2.90371
  -0.0375952      0.70108   -0.0252867      1.96619    0.0356874     0.474736     -1.58542
  -0.0375952      0.70108   -0.0252867      1.96619     -3.10591    -0.474736      1.55617
  -0.0551835     0.701028    0.0131333      1.96619   -0.0185414     0.474484     -1.52541
  -0.0551835     0.701028    0.0131333      1.96619     -3.16013    -0.474484      1.61618
   -0.691489      1.25958      1.57005      1.96619      -1.2825      1.45192    -0.239447
   -0.691489      1.25958      1.57005      1.96619     -4.42409     -1.45192      2.90215
  -0.0442259     0.701021   -0.0108024      1.96619    0.0152516     0.474454     -1.56281
  -0.0442259     0.701021   -0.0108024      1.96619     -3.12634    -0.474454      1.57879
  -0.0618139     0.701094    0.0276171      1.96619   -0.0389724     0.474802      -1.5028
  -0.0618139     0.701094    0.0276171      1.96619     -3.18057    -0.474802      1.63879
   -0.691438       1.2528      1.56706      1.96619      -1.2772      1.44677    -0.240965
   -0.691438       1.2528      1.56706      1.96619      -4.4188     -1.44677      2.90063
   -0.691485      1.26415        1.572      1.96619     -1.28608      1.45532    -0.238434
   -0.691485      1.26415        1.572      1.96619     -4.42767     -1.45532      2.90316
  -0.0337098     0.701137   -0.0337743      1.96619    0.0476482     0.475005     -1.59866
  -0.0337098     0.701137   -0.0337743      1.96619     -3.09394    -0.475005      1.54293
  -0.0512968      0.70101   0.00464319      1.96619  -0.00655581     0.474403     -1.53868
  -0.0512968      0.70101   0.00464319      1.96619     -3.14815    -0.474403      1.60292
    -0.69148      1.25736      1.56909      1.96619     -1.28076      1.45024    -0.239943
    -0.69148      1.25736      1.56909      1.96619     -4.42235     -1.45024      2.90165
   -0.691454      1.26842      1.57376      1.96619     -1.28945      1.45847     -0.23749
   -0.691454      1.26842      1.57376      1.96619     -4.43104     -1.45847       2.9041
  -0.0407787     0.701046   -0.0183326      1.96619    0.0258789     0.474572     -1.57457
  -0.0407787     0.701046   -0.0183326      1.96619     -3.11571    -0.474572      1.56703
   -0.057928     0.701049    0.0191285      1.96619   -0.0270015     0.474589     -1.51605
   -0.057928     0.701049    0.0191285      1.96619     -3.16859    -0.474589      1.62554
   -0.691491      1.26164      1.57093      1.96619     -1.28411      1.45346     -0.23899
   -0.691491      1.26164      1.57093      1.96619      -4.4257     -1.45346       2.9026
    -0.04741      0.70101  -0.00384716      1.96619   0.00543223     0.474399     -1.55194
    -0.04741      0.70101  -0.00384716      1.96619     -3.13616    -0.474399      1.58965
  -0.0645576     0.701135    0.0336108      1.96619   -0.0474175        0.475     -1.49346
  -0.0645576     0.701135    0.0336108      1.96619     -3.18901       -0.475      1.64814
    -0.69146      1.25485      1.56798      1.96619      -1.2788      1.44834    -0.240504
    -0.69146      1.25485      1.56798      1.96619      -4.4204     -1.44834      2.90109
   -0.691474       1.2662      1.57285      1.96619     -1.28769      1.45684     -0.23798
   -0.691474       1.2662      1.57285      1.96619     -4.42929     -1.45684      2.90361
  -0.0368927     0.701089   -0.0268213      1.96619     0.037851     0.474779     -1.58782
  -0.0368927     0.701089   -0.0268213      1.96619     -3.10374    -0.474779      1.55378
  -0.0540416     0.701021    0.0106389      1.96619   -0.0150204     0.474452     -1.52931
  -0.0540416     0.701021    0.0106389      1.96619     -3.15661    -0.474452      1.61228
   -0.691489      1.25941      1.56998      1.96619     -1.28237      1.45179    -0.239485
   -0.691489      1.25941      1.56998      1.96619     -4.42396     -1.45179      2.90211
  -0.0435233     0.701025   -0.0123372      1.96619    0.0174181     0.474473      -1.5652
  -0.0435233     0.701025   -0.0123372      1.96619     -3.12417    -0.474473      1.57639
  -0.0611115     0.701085    0.0260827      1.96619   -0.0368093     0.474758      -1.5052
  -0.0611115     0.701085    0.0260827      1.96619      -3.1784    -0.474758       1.6364
   -0.691432      1.25235      1.56685      1.96619     -1.27685      1.44642    -0.241067
   -0.691432      1.25235      1.56685      1.96619     -4.41844     -1.44642      2.90053
   -0.691487      1.26369      1.57181      1.96619     -1.28572      1.45499    -0.238535
   -0.691487      1.26369      1.57181      1.96619     -4.42731     -1.45499      2.90306