    0.241978     0.921869  -0.00846347       1.4399   0.00958956     0.779865     -1.32293
     0.23047     0.921933    0.0316089       1.4399   -0.0358009     0.780321     -1.27795
   -0.255534      1.38208      1.56851       1.4399     -1.38337      1.59306    -0.366736
   -0.255568      1.39102      1.57163       1.4399     -1.39263      1.59495    -0.366414
    0.248859     0.921937   -0.0324242       1.4399    0.0367237     0.780347     -1.34982
    0.237639     0.921867   0.00664663       1.4399  -0.00753088     0.779851     -1.30597
   -0.255566      1.38554      1.56975       1.4399     -1.38696      1.59382    -0.366618
   -0.255538      1.39471      1.57283       1.4399     -1.39644      1.59565    -0.366264
     0.24452     0.921885   -0.0173182       1.4399    0.0196206     0.779977     -1.33287
    0.233013       0.9219     0.022757       1.4399   -0.0257799     0.780084     -1.28788
   -0.255505      1.38006      1.56776       1.4399     -1.38127      1.59259    -0.366802
   -0.255574      1.38922      1.57103       1.4399     -1.39077      1.59459    -0.366483
    0.240182     0.921865   -0.0022091       1.4399   0.00250317     0.779832     -1.31591
    -0.25555      1.38351      1.56903       1.4399     -1.38486      1.59338    -0.366688
   -0.255558      1.39268      1.57217       1.4399     -1.39435      1.59527    -0.366348
    0.247063     0.921912   -0.0261727       1.4399    0.0296476     0.780167     -1.34281
    0.235556     0.921878    0.0139014       1.4399     -0.01575     0.779925     -1.29782
   -0.255573       1.3872      1.57033       1.4399     -1.38868      1.59417    -0.366558
   -0.255519      1.39614      1.57328       1.4399     -1.39792       1.5959    -0.366204
    0.242437     0.921871   -0.0100645       1.4399    0.0114034     0.779879     -1.32473
    0.231217     0.921922    0.0290086       1.4399   -0.0328577     0.780244     -1.28087
    -0.25553      1.38172      1.56838       1.4399     -1.38299      1.59297    -0.366748
    -0.25557      1.39066      1.57151       1.4399     -1.39225      1.59488    -0.366428
    0.249606     0.921949   -0.0350255       1.4399    0.0396672     0.780433     -1.35274
    0.238099     0.921866   0.00504562       1.4399  -0.00571689     0.779842     -1.30776
   -0.255563      1.38517      1.56962       1.4399     -1.38658      1.59374    -0.366631
   -0.255545      1.39411      1.57264       1.4399     -1.39583      1.59554    -0.366289
     0.24498     0.921889   -0.0189191       1.4399    0.0214337     0.780006     -1.33467
    0.233473     0.921895    0.0211561       1.4399    -0.023967      0.78005     -1.28968
   -0.255499      1.37969      1.56762       1.4399     -1.38089       1.5925    -0.366813
   -0.255574      1.38863      1.57082       1.4399     -1.39016      1.59447    -0.366505
   -0.255493       1.3978      1.57379       1.4399     -1.39963      1.59619    -0.366132
    0.240642     0.921865  -0.00381039       1.4399   0.00431753     0.779837     -1.31771
    0.229135     0.921955    0.0362601       1.4399   -0.0410637     0.780477     -1.27274
   -0.255546      1.38315       1.5689       1.4399     -1.38447       1.5933      -0.3667
   -0.255562      1.39209      1.57198       1.4399     -1.39373      1.59515    -0.366372
    0.247523     0.921918   -0.0277734       1.4399    0.0314597     0.780209      -1.3446
    0.236303     0.921873    0.0112999       1.4399   -0.0128029     0.779892     -1.30074
   -0.255571      1.38683       1.5702       1.4399      -1.3883       1.5941    -0.366571
   -0.255524      1.39577      1.57316       1.4399     -1.39754      1.59584     -0.36622
    0.243184     0.921875   -0.0126659       1.4399    0.0143506     0.779908     -1.32765
    0.231677     0.921916     0.027408       1.4399   -0.0310459     0.780199     -1.28266
   -0.255525      1.38135      1.56824       1.4399     -1.38261      1.59289     -0.36676
   -0.255571      1.39029      1.57138       1.4399     -1.39187       1.5948    -0.366442
    0.250065     0.921957   -0.0366252       1.4399     0.041477      0.78049     -1.35453
    0.238558     0.921865   0.00344488       1.4399  -0.00390318     0.779835     -1.30956
   -0.255559      1.38458      1.56941       1.4399     -1.38596      1.59361    -0.366651
   -0.255548      1.39375      1.57252       1.4399     -1.39545      1.59547    -0.366305
    0.245727     0.921896   -0.0215205       1.4399      0.02438     0.780058     -1.33759
     0.23422     0.921888    0.0185546       1.4399   -0.0210207     0.779999      -1.2926
   -0.255489      1.37909       1.5674       1.4399     -1.38027      1.59236    -0.366832
   -0.255574      1.38826       1.5707       1.4399     -1.38978      1.59439    -0.366519
   -0.255499      1.39743      1.57368       1.4399     -1.39925      1.59613    -0.366148
    0.241101     0.921866  -0.00541113       1.4399   0.00613124     0.779844      -1.3195
    0.229594     0.921947    0.0346601       1.4399   -0.0392535     0.780421     -1.27453
   -0.255542      1.38278      1.56876       1.4399     -1.38409      1.59321    -0.366713
   -0.255565      1.39172      1.57186       1.4399     -1.39335      1.59508    -0.366386
    0.247982     0.921924   -0.0293731       1.4399    0.0332705     0.780254      -1.3464
    0.236762     0.921871   0.00969927       1.4399   -0.0109895     0.779876     -1.30254
   -0.255569      1.38624         1.57       1.4399     -1.38768      1.59397    -0.366593
   -0.255532      1.39518      1.57297       1.4399     -1.39692      1.59573    -0.366245
    0.243644     0.921878   -0.0142663       1.4399    0.0161636      0.77993     -1.32945
    0.232424     0.921907    0.0248066       1.4399   -0.0281007     0.780133     -1.28558
   -0.255516      1.38075      1.56802       1.4399     -1.38199      1.59275    -0.366779
   -0.255573      1.38969      1.57118       1.4399     -1.39126      1.59469    -0.366465
    0.239305     0.921864  0.000843063       1.4399 -0.000955145      0.77983     -1.31248
   -0.255556      1.38421      1.56928       1.4399     -1.38558      1.59353    -0.366664
   -0.255552      1.39338       1.5724       1.4399     -1.39507       1.5954     -0.36632
    0.246187     0.921901   -0.0231215       1.4399    0.0261929     0.780093     -1.33939
    0.234679     0.921884    0.0169535       1.4399   -0.0192072     0.779971      -1.2944
   -0.255574       1.3879      1.57057       1.4399      -1.3894      1.59432    -0.366533
   -0.255509      1.39684       1.5735       1.4399     -1.39864      1.59603    -0.366174
    0.241561     0.921867  -0.00701214       1.4399   0.00794522     0.779854      -1.3213
    0.230341     0.921935    0.0320593       1.4399   -0.0363106     0.780336     -1.27745
   -0.255535      1.38218      1.56855       1.4399     -1.38348      1.59308    -0.366733
   -0.255567      1.39135      1.57174       1.4399     -1.39298      1.59501    -0.366401
    0.248729     0.921935   -0.0319743       1.4399    0.0362146     0.780333     -1.34932
    0.237222     0.921869   0.00809804       1.4399  -0.00917532     0.779862     -1.30434
   -0.255566      1.38564      1.56979       1.4399     -1.38706      1.59384    -0.366614
   -0.255537      1.39481      1.57286       1.4399     -1.39655      1.59566     -0.36626
    0.244391     0.921884   -0.0168685       1.4399    0.0191112      0.77997     -1.33237
    0.232884     0.921901    0.0232067       1.4399   -0.0262892     0.780095     -1.28738
   -0.255507      1.38016       1.5678       1.4399     -1.38137      1.59261    -0.366798
   -0.255574      1.38933      1.57106       1.4399     -1.39088      1.59461    -0.366479
    0.239765     0.921864 -0.000758231       1.4399  0.000859237      0.77983     -1.31428
   -0.255553      1.38384      1.56915       1.4399      -1.3852      1.59345    -0.366677
   -0.255557      1.39278      1.57221       1.4399     -1.39445      1.59529    -0.366344
    0.246647     0.921907   -0.0247217       1.4399    0.0280048      0.78013     -1.34118
    0.235139      0.92188    0.0153521       1.4399   -0.0173933     0.779945     -1.29619
   -0.255573      1.38753      1.57045       1.4399     -1.38902      1.59424    -0.366546
   -0.255518      1.39624      1.57331       1.4399     -1.39802      1.59592    -0.366199
    0.242308     0.921871  -0.00961418       1.4399    0.0108933     0.779875     -1.32422
    0.230801     0.921928    0.0304589       1.4399   -0.0344993     0.780286     -1.27924