   -0.994065      1.62798      1.57088      1.73804     -1.62717       1.5804    -0.793357
   -0.994065      1.62798      1.57088      1.73804     -4.76876      -1.5804      2.34824
   -0.422555      1.05064  -0.00596753      1.73804    0.0149811     0.352953     -1.97664
   -0.422555      1.05064  -0.00596753      1.73804     -3.12661    -0.352953      1.16496
   -0.994058      1.63195      1.57051      1.73804     -1.63115      1.58069    -0.793368
   -0.994058      1.63195      1.57051      1.73804     -4.77274     -1.58069      2.34823
   -0.427132      1.05065    0.0111008      1.73804   -0.0278616     0.353056     -1.93253
   -0.427132      1.05065    0.0111008      1.73804     -3.16945    -0.353056      1.20906
   -0.994057      1.62565      1.57108      1.73804     -1.62484       1.5802    -0.793338
   -0.994057      1.62565      1.57108      1.73804     -4.76643      -1.5802      2.34825
   -0.419872      1.05066   -0.0159722      1.73804    0.0400767     0.353212     -2.00247
   -0.419872      1.05066   -0.0159722      1.73804     -3.10152    -0.353212      1.13912
   -0.994065      1.62962      1.57074      1.73804     -1.62881      1.58052    -0.793365
   -0.994065      1.62962      1.57074      1.73804     -4.77041     -1.58052      2.34823
   -0.424449      1.05064   0.00109646      1.73804  -0.00275252     0.352912     -1.95838
   -0.424449      1.05064   0.00109646      1.73804     -3.14435    -0.352912      1.18321
   -0.994046      1.63386      1.57031      1.73804     -1.63306      1.58081    -0.793362
   -0.994046      1.63386      1.57031      1.73804     -4.77465     -1.58081      2.34823
   -0.994063      1.62729      1.57094      1.73804     -1.62648      1.58034    -0.793352
   -0.994063      1.62729      1.57094      1.73804     -4.76808     -1.58034      2.34824
    -0.42207      1.05065  -0.00777763      1.73804    0.0195241     0.352982     -1.98131
    -0.42207      1.05065  -0.00777763      1.73804     -3.12207    -0.352982      1.16028
    -0.99406      1.63153      1.57055      1.73804     -1.63072      1.58066    -0.793368
    -0.99406      1.63153      1.57055      1.73804     -4.77232     -1.58066      2.34823
   -0.426647      1.05065   0.00929251      1.73804    -0.023325     0.353012      -1.9372
   -0.426647      1.05065   0.00929251      1.73804     -3.16492    -0.353012      1.20439
   -0.994053      1.62497      1.57113      1.73804     -1.62416      1.58014    -0.793331
   -0.994053      1.62497      1.57113      1.73804     -4.76575     -1.58014      2.34826
   -0.994065       1.6292      1.57077      1.73804     -1.62839      1.58049    -0.793363
   -0.994065       1.6292      1.57077      1.73804     -4.76998     -1.58049      2.34823
   -0.423964      1.05064 -0.000711888      1.73804   0.00178752     0.352911     -1.96305
   -0.423964      1.05064 -0.000711888      1.73804     -3.13981    -0.352911      1.17854
   -0.994051      1.63317      1.57039      1.73804     -1.63237      1.58077    -0.793365
   -0.994051      1.63317      1.57039      1.73804     -4.77397     -1.58077      2.34823
   -0.994062      1.62687      1.57098      1.73804     -1.62606      1.58031    -0.793349
   -0.994062      1.62687      1.57098      1.73804     -4.76765     -1.58031      2.34824
   -0.421281      1.05065   -0.0107169      1.73804    0.0268992     0.353046     -1.98891
   -0.421281      1.05065   -0.0107169      1.73804     -3.11469    -0.353046      1.15269
   -0.994062      1.63085      1.57062      1.73804     -1.63004      1.58061    -0.793367
   -0.994062      1.63085      1.57062      1.73804     -4.77163     -1.58061      2.34823
   -0.426162      1.05065   0.00748366      1.73804   -0.0187859     0.352977     -1.94187
   -0.426162      1.05065   0.00748366      1.73804     -3.16038    -0.352977      1.19972
    -0.99405      1.62455      1.57117      1.73804     -1.62374       1.5801    -0.793326
    -0.99405      1.62455      1.57117      1.73804     -4.76533      -1.5801      2.34827
   -0.994065      1.62852      1.57084      1.73804     -1.62771      1.58044     -0.79336
   -0.994065      1.62852      1.57084      1.73804      -4.7693     -1.58044      2.34823
   -0.423479      1.05064  -0.00252086      1.73804   0.00632905     0.352918     -1.96773
   -0.423479      1.05064  -0.00252086      1.73804     -3.13526    -0.352918      1.17386
   -0.994054      1.63275      1.57043      1.73804     -1.63195      1.58074    -0.793366
   -0.994054      1.63275      1.57043      1.73804     -4.77354     -1.58074      2.34823
   -0.428057      1.05066    0.0145472      1.73804   -0.0365044      0.35316     -1.92363
   -0.428057      1.05066    0.0145472      1.73804      -3.1781     -0.35316      1.21796
    -0.99406      1.62645      1.57101      1.73804     -1.62564      1.58027    -0.793346
    -0.99406      1.62645      1.57101      1.73804     -4.76723     -1.58027      2.34825
   -0.420493      1.05065   -0.0136549      1.73804    0.0342679     0.353131     -1.99649
   -0.420493      1.05065   -0.0136549      1.73804     -3.10732    -0.353131       1.1451
   -0.994064      1.63042      1.57066      1.73804     -1.62962      1.58058    -0.793367
   -0.994064      1.63042      1.57066      1.73804     -4.77121     -1.58058      2.34823
   -0.425374      1.05064   0.00454375      1.73804   -0.0114068     0.352935     -1.94947
   -0.425374      1.05064   0.00454375      1.73804       -3.153    -0.352935      1.19212
   -0.994045      1.62386      1.57122      1.73804     -1.62305      1.58004    -0.793317
   -0.994045      1.62386      1.57122      1.73804     -4.76464     -1.58004      2.34828
   -0.994065       1.6281      1.57087      1.73804     -1.62729      1.58041    -0.793358
   -0.994065       1.6281      1.57087      1.73804     -4.76888     -1.58041      2.34823
   -0.422994      1.05064   -0.0043298      1.73804    0.0108702     0.352933      -1.9724
   -0.422994      1.05064   -0.0043298      1.73804     -3.13072    -0.352933      1.16919
   -0.994058      1.63207       1.5705      1.73804     -1.63126       1.5807    -0.793368
   -0.994058      1.63207       1.5705      1.73804     -4.77286      -1.5807      2.34823
   -0.427572      1.05065    0.0127396      1.73804   -0.0319721     0.353102      -1.9283
   -0.427572      1.05065    0.0127396      1.73804     -3.17356    -0.353102       1.2133
   -0.994057      1.62577      1.57107      1.73804     -1.62496      1.58021    -0.793339
   -0.994057      1.62577      1.57107      1.73804     -4.76655     -1.58021      2.34825
   -0.420312      1.05065   -0.0143334      1.73804    0.0359689     0.353153     -1.99824
   -0.420312      1.05065   -0.0143334      1.73804     -3.10562    -0.353153      1.14335
   -0.994065      1.62974      1.57072      1.73804     -1.62893      1.58053    -0.793365
   -0.994065      1.62974      1.57072      1.73804     -4.77052     -1.58053      2.34823
   -0.424889      1.05064   0.00273541      1.73804  -0.00686717      0.35292     -1.95414
   -0.424889      1.05064   0.00273541      1.73804     -3.14846     -0.35292      1.18745
   -0.994044       1.6237      1.57123      1.73804     -1.62289      1.58003    -0.793315
   -0.994044       1.6237      1.57123      1.73804     -4.76449     -1.58003      2.34828
   -0.994048      1.63371      1.57033      1.73804     -1.63291       1.5808    -0.793363
   -0.994048      1.63371      1.57033      1.73804     -4.77451      -1.5808      2.34823