   -1.38782     1.67553     1.57041     1.78993    -1.67312     1.59315    -1.07677
   -1.38782     1.67553     1.57041     1.78993    -4.81472    -1.59315     2.06482
   -1.38782     1.66911     1.57139     1.78993    -1.66664     1.59272    -1.07672
   -1.38782     1.66911     1.57139     1.78993    -4.80823    -1.59272     2.06487
  -0.802171     1.07465 -0.00624979     1.78993   0.0200939    0.277079    -2.30223
  -0.802171     1.07465 -0.00624979     1.78993     -3.1215   -0.277079    0.839366
   -1.38783     1.67316     1.57079     1.78993    -1.67073     1.59301    -1.07676
   -1.38783     1.67316     1.57079     1.78993    -4.81232    -1.59301     2.06483
  -0.807081     1.07465   0.0124533     1.78993  -0.0400207    0.277254    -2.24041
  -0.807081     1.07465   0.0124533     1.78993    -3.18161   -0.277254    0.901181
   -1.38781      1.6772     1.57014     1.78993    -1.67482     1.59325    -1.07677
   -1.38781      1.6772     1.57014     1.78993    -4.81641    -1.59325     2.06482
  -0.799778     1.07466  -0.0153687     1.78993   0.0493755    0.277377    -2.33234
  -0.799778     1.07466  -0.0153687     1.78993    -3.09222   -0.277377    0.809254
   -1.38782     1.67078     1.57115     1.78993    -1.66833     1.59284    -1.07674
   -1.38782     1.67078     1.57115     1.78993    -4.80992    -1.59284     2.06485
  -0.804382     1.07464  0.00217319     1.78993 -0.00698755    0.277027    -2.27438
  -0.804382     1.07464  0.00217319     1.78993    -3.14858   -0.277027    0.867213
   -1.38782      1.6751     1.57048     1.78993    -1.67269     1.59313    -1.07677
   -1.38782      1.6751     1.57048     1.78993    -4.81428    -1.59313     2.06482
   -1.38781     1.66841     1.57149     1.78993    -1.66594     1.59266    -1.07671
   -1.38781     1.66841     1.57149     1.78993    -4.80753    -1.59266     2.06488
  -0.801683     1.07465 -0.00810826     1.78993   0.0260664    0.277119    -2.30837
  -0.801683     1.07465 -0.00810826     1.78993    -3.11553   -0.277119    0.833224
   -1.38783     1.67273     1.57086     1.78993    -1.67029     1.59298    -1.07676
   -1.38783     1.67273     1.57086     1.78993    -4.81188    -1.59298     2.06483
  -0.806288     1.07465  0.00943315     1.78993  -0.0303223    0.277154    -2.25038
  -0.806288     1.07465  0.00943315     1.78993    -3.17192   -0.277154    0.891209
   -1.38782     1.67678     1.57021     1.78993    -1.67439     1.59322    -1.07677
   -1.38782     1.67678     1.57021     1.78993    -4.81598    -1.59322     2.06482
   -1.38782     1.67035     1.57122     1.78993     -1.6679     1.59281    -1.07674
   -1.38782     1.67035     1.57122     1.78993    -4.80949    -1.59281     2.06486
  -0.803894     1.07464 0.000313699     1.78993  -0.0010084     0.27702    -2.28053
  -0.803894     1.07464 0.000313699     1.78993     -3.1426    -0.27702    0.861065
   -1.38783     1.67467     1.57055     1.78993    -1.67226      1.5931    -1.07677
   -1.38783     1.67467     1.57055     1.78993    -4.81385     -1.5931     2.06482
   -1.38781     1.66798     1.57155     1.78993    -1.66551     1.59263     -1.0767
   -1.38781     1.66798     1.57155     1.78993     -4.8071    -1.59263     2.06489
  -0.801196     1.07465 -0.00996637     1.78993   0.0320358     0.27717    -2.31451
  -0.801196     1.07465 -0.00996637     1.78993    -3.10956    -0.27717    0.827086
   -1.38783     1.67203     1.57096     1.78993    -1.66959     1.59293    -1.07675
   -1.38783     1.67203     1.57096     1.78993    -4.81118    -1.59293     2.06484
    -0.8058     1.07465   0.0075748     1.78993  -0.0243516    0.277106    -2.25652
    -0.8058     1.07465   0.0075748     1.78993    -3.16594   -0.277106    0.885069
   -1.38782     1.67635     1.57028     1.78993    -1.67395      1.5932    -1.07677
   -1.38782     1.67635     1.57028     1.78993    -4.81554     -1.5932     2.06482
   -1.38782     1.66992     1.57128     1.78993    -1.66747     1.59278    -1.07673
   -1.38782     1.66992     1.57128     1.78993    -4.80906    -1.59278     2.06486
  -0.803101     1.07464 -0.00270665     1.78993  0.00870343     0.27703    -2.29051
  -0.803101     1.07464 -0.00270665     1.78993    -3.13289    -0.27703    0.851078
   -1.38783     1.67397     1.57066     1.78993    -1.67155     1.59306    -1.07677
   -1.38783     1.67397     1.57066     1.78993    -4.81314    -1.59306     2.06483
  -0.808011     1.07466   0.0159973     1.78993  -0.0513906    0.277407    -2.22872
  -0.808011     1.07466   0.0159973     1.78993    -3.19298   -0.277407    0.912874
   -1.38781     1.67802        1.57     1.78993    -1.67565     1.59329    -1.07677
   -1.38781     1.67802        1.57     1.78993    -4.81724    -1.59329     2.06482
  -0.800403     1.07465  -0.0129867     1.78993   0.0417333    0.277275    -2.32448
  -0.800403     1.07465  -0.0129867     1.78993    -3.09986   -0.277275    0.817114
   -1.38783      1.6716     1.57103     1.78993    -1.66916      1.5929    -1.07675
   -1.38783      1.6716     1.57103     1.78993    -4.81075     -1.5929     2.06484
  -0.805312     1.07464  0.00571537     1.78993  -0.0183755    0.277069    -2.26267
  -0.805312     1.07464  0.00571537     1.78993    -3.15997   -0.277069    0.878923
   -1.38782     1.67592     1.57035     1.78993    -1.67352     1.59318    -1.07677
   -1.38782     1.67592     1.57035     1.78993    -4.81511    -1.59318     2.06482
   -1.38782     1.66923     1.57138     1.78993    -1.66676     1.59273    -1.07672
   -1.38782     1.66923     1.57138     1.78993    -4.80836    -1.59273     2.06487
  -0.802613     1.07464 -0.00456297     1.78993   0.0146716    0.277051    -2.29665
  -0.802613     1.07464 -0.00456297     1.78993    -3.12692   -0.277051    0.844942
   -1.38783     1.67354     1.57073     1.78993    -1.67112     1.59303    -1.07676
   -1.38783     1.67354     1.57073     1.78993    -4.81271    -1.59303     2.06483
  -0.807218     1.07465   0.0129761     1.78993  -0.0416986    0.277274    -2.23869
  -0.807218     1.07465   0.0129761     1.78993    -3.18329   -0.277274    0.902907
   -1.38781     1.67759     1.57007     1.78993    -1.67521     1.59327    -1.07677
   -1.38781     1.67759     1.57007     1.78993    -4.81681    -1.59327     2.06482
  -0.799915     1.07466   -0.014844     1.78993   0.0476926    0.277353    -2.33061
  -0.799915     1.07466   -0.014844     1.78993     -3.0939   -0.277353    0.810986
   -1.38783     1.67144     1.57105     1.78993    -1.66899     1.59289    -1.07675
   -1.38783     1.67144     1.57105     1.78993    -4.81059    -1.59289     2.06485
  -0.804519     1.07464  0.00269502     1.78993 -0.00866543     0.27703    -2.27265
  -0.804519     1.07464  0.00269502     1.78993    -3.15026    -0.27703    0.868939
   -1.38782     1.67549     1.57042     1.78993    -1.67308     1.59315    -1.07677
   -1.38782     1.67549     1.57042     1.78993    -4.81468    -1.59315     2.06482