    -1.76211      1.47149      1.57042      2.10357     -1.48537       1.5201     -1.22142
    -1.76207      1.48291      1.57181      2.10357     -1.49453      1.52707     -1.22082
    -1.10395      0.85166    -0.035172      2.10357     0.141652     0.188517     -2.82699
    -1.11951     0.851541   0.00414753      2.10357   -0.0168264     0.186515     -2.66093
    -1.13506     0.851724    0.0434617      2.10357     -0.17436     0.189578     -2.49582
    -1.76205       1.4642      1.56936      2.10357     -1.47961       1.5155     -1.22178
    -1.76212      1.47591        1.571      2.10357     -1.48889      1.52283      -1.2212
     -1.1102     0.851576   -0.0193685      2.10357    0.0784099     0.187105      -2.7607
    -1.12537     0.851574    0.0189726      2.10357   -0.0768134      0.18708     -2.59809
     -1.7621      1.46891      1.57006      2.10357     -1.48332      1.51848     -1.22155
    -1.76209      1.48032      1.57152      2.10357     -1.49244      1.52551     -1.22096
     -1.1009     0.851719   -0.0428749      2.10357     0.172059     0.189496     -2.85888
    -1.11607     0.851541  -0.00454283      2.10357    0.0184307     0.186521     -2.69786
    -1.13163     0.851658    0.0347775      2.10357    -0.140085     0.188472     -2.53177
    -1.76202      1.46191      1.56899      2.10357     -1.47781      1.51402     -1.22188
    -1.76212      1.47332      1.57067      2.10357     -1.48682      1.52123     -1.22133
    -1.76204      1.48502      1.57202      2.10357     -1.49625      1.52833      -1.2207
    -1.10676     0.851616   -0.0280557      2.10357     0.113296     0.187781     -2.79726
    -1.12232     0.851551    0.0112653      2.10357   -0.0456733     0.186696     -2.63071
    -1.76208      1.46632      1.56968      2.10357     -1.48128      1.51685     -1.22168
    -1.76211      1.47802      1.57126      2.10357     -1.49059      1.52412     -1.22109
    -1.11263     0.851556   -0.0132327      2.10357    0.0536352     0.186776     -2.73474
    -1.12819     0.851606     0.026091      2.10357    -0.105429     0.187607      -2.5681
    -1.76211      1.47073      1.57032      2.10357     -1.48477      1.51963     -1.22146
    -1.76207      1.48244      1.57176      2.10357     -1.49415      1.52679     -1.22084
    -1.10333     0.851671    -0.036742      2.10357     0.147875     0.188701     -2.83351
    -1.11889      0.85154   0.00257587      2.10357   -0.0104507     0.186498     -2.66761
    -1.13406     0.851703    0.0409101      2.10357    -0.164333     0.189228     -2.50634
    -1.76204      1.46373      1.56929      2.10357     -1.47924       1.5152      -1.2218
    -1.76212      1.47544      1.57094      2.10357     -1.48852      1.52254     -1.22122
    -1.76201      1.48685       1.5722      2.10357     -1.49773      1.52941     -1.22059
    -1.10919     0.851586   -0.0219206      2.10357    0.0886849     0.187278     -2.77147
    -1.12475     0.851569    0.0174017      2.10357   -0.0704775     0.186986     -2.60473
    -1.76209      1.46815      1.56995      2.10357     -1.48272        1.518     -1.22159
     -1.7621      1.47985      1.57147      2.10357     -1.49206      1.52523     -1.22099
    -1.11545     0.851542  -0.00611305      2.10357    0.0247986     0.186549     -2.70453
    -1.13062     0.851641    0.0322256      2.10357    -0.129939     0.188193     -2.54241
    -1.76212      1.47285      1.57061      2.10357     -1.48645      1.52094     -1.22136
    -1.76205      1.48426      1.57195      2.10357     -1.49563      1.52788     -1.22074
    -1.10614     0.851625   -0.0296265      2.10357     0.119575      0.18793     -2.80384
    -1.12131     0.851546   0.00871325      2.10357   -0.0353373     0.186613     -2.64154
    -1.76207      1.46585      1.56961      2.10357     -1.48091      1.51655      -1.2217
    -1.76211      1.47727      1.57117      2.10357     -1.48998      1.52366     -1.22113
    -1.11201      0.85156   -0.0148029      2.10357    0.0599837     0.186848     -2.74139
    -1.12718     0.851593    0.0235373      2.10357   -0.0951825     0.187399     -2.57884
    -1.76211      1.47026      1.57026      2.10357      -1.4844      1.51933     -1.22148
    -1.76208      1.48197      1.57171      2.10357     -1.49377      1.52651     -1.22087
    -1.10271     0.851683   -0.0383124      2.10357     0.154087     0.188893     -2.84003
    -1.11788     0.851539  2.32458e-05      2.10357 -9.38527e-05     0.186487     -2.67846
    -1.13343     0.851691    0.0393406      2.10357    -0.158147     0.189023     -2.51283
    -1.76204      1.46326      1.56921      2.10357     -1.47887       1.5149     -1.22182
    -1.76212      1.47468      1.57085      2.10357     -1.48791      1.52207     -1.22126
    -1.76202      1.48638      1.57216      2.10357     -1.49735      1.52913     -1.22062
    -1.10857     0.851593   -0.0234917      2.10357    0.0950004     0.187395     -2.77809
    -1.12413     0.851563    0.0158322      2.10357   -0.0641411       0.1869     -2.61136
    -1.76209      1.46768      1.56989      2.10357     -1.48235      1.51771     -1.22161
     -1.7621      1.47938      1.57142      2.10357     -1.49168      1.52495     -1.22101
    -1.11483     0.851545  -0.00768471      2.10357      0.03117     0.186585     -2.71121
       -1.13     0.851631    0.0306545      2.10357    -0.123677     0.188031     -2.54897
    -1.76212      1.47209      1.57051      2.10357     -1.48585      1.52047     -1.22139
    -1.76206       1.4838       1.5719      2.10357     -1.49525       1.5276     -1.22077
    -1.10513      0.85164   -0.0321785      2.10357     0.129752     0.188188     -2.81451
    -1.12069     0.851544   0.00714207      2.10357   -0.0289696     0.186571     -2.64821
    -1.76206      1.46509       1.5695      2.10357     -1.48031      1.51606     -1.22173
    -1.76211       1.4768      1.57111      2.10357     -1.48961      1.52337     -1.22115
      -1.111     0.851568   -0.0173564      2.10357    0.0702956     0.186983      -2.7522
    -1.12656     0.851586    0.0219669      2.10357   -0.0888705     0.187281     -2.58545
    -1.76211       1.4698      1.57019      2.10357     -1.48402      1.51904     -1.22151
    -1.76209      1.48121      1.57162      2.10357     -1.49316      1.52605     -1.22091
     -1.1017     0.851703    -0.040863      2.10357     0.164149     0.189221     -2.85058
    -1.11725     0.851539  -0.00154746      2.10357   0.00627919     0.186491     -2.68514
    -1.13281     0.851679    0.0377706      2.10357    -0.151945     0.188826     -2.51933
    -1.76203       1.4625      1.56909      2.10357     -1.47828      1.51441     -1.22185
    -1.76212      1.47421      1.57079      2.10357     -1.48754      1.52179     -1.22129
    -1.76203      1.48592      1.57211      2.10357     -1.49697      1.52885     -1.22065
    -1.10795       0.8516   -0.0250622      2.10357     0.101305      0.18752     -2.78469
    -1.12312     0.851556    0.0132782      2.10357   -0.0538185     0.186778     -2.62218
    -1.76208      1.46721      1.56982      2.10357     -1.48198      1.51741     -1.22163
     -1.7621      1.47892      1.57136      2.10357     -1.49131      1.52466     -1.22104
    -1.11382     0.851549   -0.0102373      2.10357    0.0415121      0.18666     -2.72204
    -1.12938     0.851622    0.0290838      2.10357    -0.117406     0.187877     -2.55555
    -1.76211      1.47162      1.57044      2.10357     -1.48548      1.52018     -1.22142
    -1.76206      1.48333      1.57185      2.10357     -1.49487      1.52732     -1.22079
    -1.10451     0.851651    -0.033749      2.10357        0.136     0.188357     -2.82106
    -1.11968     0.851541   0.00458896      2.10357   -0.0186169     0.186522     -2.65906
    -1.13524     0.851728    0.0439034      2.10357    -0.176092      0.18964       -2.494
    -1.76206      1.46462      1.56942      2.10357     -1.47994      1.51577     -1.22176
    -1.76212      1.47633      1.57105      2.10357     -1.48923      1.52309     -1.22118
    -1.11077      0.85157   -0.0179445      2.10357    0.0726682     0.187018     -2.75469
    -1.12594      0.85158     0.020396      2.10357   -0.0825481     0.187172     -2.59208
     -1.7621      1.46933      1.57012      2.10357     -1.48365      1.51875     -1.22153
    -1.76209      1.48074      1.57157      2.10357     -1.49278      1.52577     -1.22094
    -1.10107     0.851716   -0.0424347      2.10357      0.17033     0.189434     -2.85707
    -1.11663      0.85154  -0.00311804      2.10357    0.0126512     0.186503     -2.69181
     -1.1318      0.85166    0.0352186      2.10357    -0.141836     0.188522     -2.52993
    -1.76202      1.46233      1.56906      2.10357     -1.47814       1.5143     -1.22186
    -1.76212      1.47374      1.57072      2.10357     -1.48716       1.5215     -1.22131
    -1.76204      1.48516      1.57204      2.10357     -1.49635       1.5284     -1.22069
    -1.10694     0.851614   -0.0276141      2.10357      0.11153     0.187741     -2.79541
     -1.1225     0.851552    0.0117077      2.10357    -0.047464     0.186713     -2.62884
    -1.76208      1.46645       1.5697      2.10357     -1.48138      1.51693     -1.22167
    -1.76211      1.47816      1.57127      2.10357      -1.4907       1.5242     -1.22108
    -1.11319     0.851553   -0.0118084      2.10357    0.0478726     0.186717     -2.72871
    -1.12875     0.851613    0.0275141      2.10357    -0.111129     0.187732     -2.56213