   -1.84731     1.05188   0.0052557     2.03387   -0.081578   0.0560343     2.95116
   -1.83937     1.05191  -0.0217164     2.03387    0.325465   0.0590068     2.53934
   -1.84438     1.05188 -0.00471258     2.03387   0.0731835    0.055997     2.79463
   -1.84144     1.05189  -0.0146784     2.03387    0.224398   0.0573107     2.64165
   -1.84678     1.05188  0.00345385     2.03387  -0.0536792   0.0559267     2.92294
   -1.83851     1.05192  -0.0246438     2.03387    0.365616   0.0598866     2.49867
   -1.84385     1.05188 -0.00651336     2.03387    0.100979   0.0561364     2.76652
   -1.84091      1.0519  -0.0164803     2.03387     0.25083   0.0576862      2.6149
   -1.84592     1.05188 0.000525355     2.03387 -0.00817157   0.0558456     2.87691
   -1.83797     1.05192  -0.0264461     2.03387    0.389724   0.0604763     2.47424
   -1.84298     1.05188 -0.00944281     2.03387    0.145835   0.0564563     2.72114
   -1.84038      1.0519  -0.0182827     2.03387    0.276902   0.0581034     2.58851
   -1.84539     1.05188 -0.00127685     2.03387   0.0198637   0.0558563     2.84856
   -1.83711     1.05193  -0.0293742     2.03387    0.427853    0.061507     2.43559
   -1.84245     1.05189  -0.0112443     2.03387    0.173131   0.0567103     2.69353
   -1.84746     1.05188  0.00576305     2.03387  -0.0894118   0.0560736     2.95908
   -1.83952     1.05191  -0.0212107     2.03387    0.318408   0.0588651     2.54648
   -1.84453     1.05188 -0.00420523     2.03387   0.0653292   0.0559661     2.80258
   -1.84192     1.05189   -0.013045     2.03387    0.200149    0.057005     2.66619