   -1.07265      1.6388     1.57111     1.65679    -1.63853     1.57694    -0.94438
   -1.07265      1.6388     1.57111     1.65679    -4.78012    -1.57694     2.19721
  -0.522699     1.08265 -0.00121653     1.65679  0.00274531    0.402159     -2.0541
  -0.522699     1.08265 -0.00121653     1.65679    -3.13885   -0.402159      1.0875
   -1.07265     1.64265     1.57067     1.65679    -1.64239     1.57684   -0.944379
   -1.07265     1.64265     1.57067     1.65679    -4.78399    -1.57684     2.19721
   -1.07263     1.64649     1.57019     1.65679    -1.64626     1.57669   -0.944347
   -1.07263     1.64649     1.57019     1.65679    -4.78786    -1.57669     2.19725
  -0.520149     1.08266  -0.0116251     1.65679   0.0262258    0.402303    -2.07803
  -0.520149     1.08266  -0.0116251     1.65679    -3.11537   -0.402303     1.06356
   -1.07265      1.6404     1.57093     1.65679    -1.64013      1.5769   -0.944383
   -1.07265      1.6404     1.57093     1.65679    -4.78172     -1.5769     2.19721
    -0.5245     1.08265   0.0061366     1.65679  -0.0138461    0.402198    -2.03718
    -0.5245     1.08265   0.0061366     1.65679    -3.15544   -0.402198     1.10441
   -1.07265     1.64449     1.57045     1.65679    -1.64425     1.57677   -0.944367
   -1.07265     1.64449     1.57045     1.65679    -4.78584    -1.57677     2.19723
   -1.07264     1.63814     1.57118     1.65679    -1.63786     1.57695   -0.944377
   -1.07264     1.63814     1.57118     1.65679    -4.77945    -1.57695     2.19722
  -0.522238     1.08265 -0.00309843     1.65679  0.00699169    0.402168    -2.05843
  -0.522238     1.08265 -0.00309843     1.65679     -3.1346   -0.402168     1.08317
   -1.07265     1.64224     1.57072     1.65679    -1.64198     1.57685    -0.94438
   -1.07265     1.64224     1.57072     1.65679    -4.78358    -1.57685     2.19721
  -0.526589     1.08266   0.0146639     1.65679   -0.033076    0.402388    -2.01758
  -0.526589     1.08266   0.0146639     1.65679    -3.17467   -0.402388     1.12402
   -1.07264     1.64608     1.57024     1.65679    -1.64585     1.57671   -0.944352
   -1.07264     1.64608     1.57024     1.65679    -4.78745    -1.57671     2.19724
  -0.519688     1.08266  -0.0135077     1.65679   0.0304701    0.402353    -2.08236
  -0.519688     1.08266  -0.0135077     1.65679    -3.11112   -0.402353     1.05923
   -1.07265     1.63999     1.57098     1.65679    -1.63972     1.57691   -0.944383
   -1.07265     1.63999     1.57098     1.65679    -4.78131    -1.57691     2.19721
  -0.524039     1.08265  0.00425339     1.65679 -0.00959723    0.402177    -2.04151
  -0.524039     1.08265  0.00425339     1.65679    -3.15119   -0.402177     1.10008
   -1.07265     1.64383     1.57053     1.65679    -1.64359      1.5768   -0.944372
   -1.07265     1.64383     1.57053     1.65679    -4.78518     -1.5768     2.19722
   -1.07264     1.63774     1.57122     1.65679    -1.63745     1.57696   -0.944375
   -1.07264     1.63774     1.57122     1.65679    -4.77905    -1.57696     2.19722
  -0.521489     1.08265 -0.00615489     1.65679   0.0138878    0.402198    -2.06546
  -0.521489     1.08265 -0.00615489     1.65679     -3.1277   -0.402198     1.07614
   -1.07265     1.64158      1.5708     1.65679    -1.64132     1.57687   -0.944382
   -1.07265     1.64158      1.5708     1.65679    -4.78291    -1.57687     2.19721
  -0.526128     1.08266   0.0127815     1.65679  -0.0288327    0.402333     -2.0219
  -0.526128     1.08266   0.0127815     1.65679    -3.17043   -0.402333     1.11969
   -1.07264     1.64568      1.5703     1.65679    -1.64544     1.57672   -0.944357
   -1.07264     1.64568      1.5703     1.65679    -4.78704    -1.57672     2.19724
   -1.07265     1.63958     1.57102     1.65679    -1.63931     1.57692   -0.944382
   -1.07265     1.63958     1.57102     1.65679     -4.7809    -1.57692     2.19721
  -0.523578     1.08265  0.00237334     1.65679 -0.00535516    0.402163    -2.04584
  -0.523578     1.08265  0.00237334     1.65679    -3.14695   -0.402163     1.09575
   -1.07265     1.64342     1.57058     1.65679    -1.64318     1.57681   -0.944375
   -1.07265     1.64342     1.57058     1.65679    -4.78477    -1.57681     2.19722
   -1.07264     1.63733     1.57126     1.65679    -1.63704     1.57697   -0.944373
   -1.07264     1.63733     1.57126     1.65679    -4.77864    -1.57697     2.19722
  -0.521028     1.08265  -0.0080381     1.65679   0.0181361    0.402227    -2.06979
  -0.521028     1.08265  -0.0080381     1.65679    -3.12346   -0.402227     1.07181
   -1.07265     1.64117     1.57084     1.65679    -1.64091     1.57688   -0.944383
   -1.07265     1.64117     1.57084     1.65679     -4.7825    -1.57688     2.19721
  -0.525667     1.08266   0.0109003     1.65679  -0.0245909    0.402285    -2.02623
  -0.525667     1.08266   0.0109003     1.65679    -3.16618   -0.402285     1.11537
   -1.07264     1.64527     1.57035     1.65679    -1.64503     1.57674    -0.94436
   -1.07264     1.64527     1.57035     1.65679    -4.78663    -1.57674     2.19723
   -1.07265     1.63892     1.57109     1.65679    -1.63864     1.57694    -0.94438
   -1.07265     1.63892     1.57109     1.65679    -4.78023    -1.57694     2.19721
  -0.523117     1.08265 0.000490189     1.65679 -0.00110589    0.402158    -2.05017
  -0.523117     1.08265 0.000490189     1.65679     -3.1427   -0.402158     1.09142
   -1.07265     1.64276     1.57066     1.65679    -1.64251     1.57683   -0.944378
   -1.07265     1.64276     1.57066     1.65679     -4.7841    -1.57683     2.19721
   -1.07263     1.63692      1.5713     1.65679    -1.63663     1.57697    -0.94437
   -1.07263     1.63692      1.5713     1.65679    -4.77823    -1.57697     2.19722
  -0.520278     1.08266  -0.0110964     1.65679   0.0250335    0.402289    -2.07682
  -0.520278     1.08266  -0.0110964     1.65679    -3.11656   -0.402289     1.06477
   -1.07265     1.64076     1.57089     1.65679     -1.6405     1.57689   -0.944383
   -1.07265     1.64076     1.57089     1.65679    -4.78209    -1.57689     2.19721
  -0.524918     1.08265  0.00784057     1.65679  -0.0176901    0.402223    -2.03326
  -0.524918     1.08265  0.00784057     1.65679    -3.15928   -0.402223     1.10833
   -1.07264     1.64486      1.5704     1.65679    -1.64462     1.57676   -0.944364
   -1.07264     1.64486      1.5704     1.65679    -4.78622    -1.57676     2.19723