    0.380915      1.27242  -0.00589222      1.84929     0.275914    0.0206732     -1.42438
    0.383163      1.27242     -0.01893      1.84929     0.737217    0.0269161     -1.88714
     0.37884      1.27242   0.00615227      1.84929    -0.287433    0.0207423    -0.859682
    0.381373      1.27242  -0.00855023      1.84929     0.389758    0.0215097     -1.53852
     0.37705      1.27242     0.016535      1.84929    -0.670757    0.0254288    -0.475194
    0.379298      1.27242   0.00349608      1.84929    -0.166456    0.0201682    -0.980957
    0.381831      1.27242    -0.011208      1.84929     0.493814    0.0226016     -1.64288
    0.377508      1.27242    0.0138743      1.84929     -0.58761    0.0239214    -0.558639
    0.380042      1.27242 -0.000824571      1.84929    0.0396132    0.0199034     -1.18751
    0.382576      1.27242   -0.0155268      1.84929      0.64045    0.0248359        -1.79
    0.377966      1.27242    0.0112182      1.84929    -0.494184    0.0226069    -0.652363
      0.3805      1.27242  -0.00348237      1.84929     0.165824    0.0201652     -1.31402
    0.382747      1.27242   -0.0165231      1.84929     0.670411    0.0254218     -1.82007
    0.378711      1.27242   0.00689888      1.84929    -0.320079    0.0209567    -0.826952