  -0.371177    0.878248 -0.00615516     1.85363   0.0118915    0.409747       -1.93
  -0.385436    0.878344   0.0334364     1.85363  -0.0644988    0.410652    -1.84892
  -0.972607     1.44646     1.56939     1.85363    -1.45174     1.53484   -0.665193
  -0.972644     1.45716      1.5713     1.85363     -1.4615     1.53963   -0.664676
  -0.362651    0.878324  -0.0298307     1.85363    0.057562    0.410462    -1.97848
   -0.37691    0.878253  0.00976264     1.85363   -0.018859    0.409795    -1.89737
  -0.972642      1.4506     1.57017     1.85363    -1.45551     1.53673   -0.665001
   -0.97261     1.46158     1.57199     1.85363    -1.46555     1.54151   -0.664443
  -0.368382    0.878262  -0.0139161     1.85363   0.0268791    0.409878    -1.94591
  -0.382286    0.878299     0.02469     1.85363  -0.0476607    0.410226     -1.8668
  -0.972575     1.44404     1.56891     1.85363    -1.44954     1.53371   -0.665302
   -0.97265     1.45501     1.57094     1.85363    -1.45953     1.53869   -0.664786
  -0.359501    0.878377  -0.0385766     1.85363   0.0743762    0.410962    -1.99633
  -0.373759    0.878245  0.00101346     1.85363 -0.00195782    0.409716     -1.9153
  -0.387661    0.878384   0.0396121     1.85363  -0.0763635     0.41103    -1.83633
  -0.972624     1.44818     1.56972     1.85363     -1.4533     1.53563   -0.665115
  -0.972632     1.45915     1.57162     1.85363    -1.46332     1.54048   -0.664573
  -0.365232    0.878291  -0.0226647     1.85363   0.0437574    0.410146    -1.96382
  -0.379135    0.878267   0.0159417     1.85363  -0.0307886    0.409929     -1.8847
  -0.972649     1.45259     1.57053     1.85363    -1.45732     1.53762   -0.664905
  -0.972589     1.46329     1.57224     1.85363    -1.46713     1.54223   -0.664349
  -0.370608     0.87825 -0.00773743     1.85363   0.0149479    0.409766    -1.93325
  -0.384867    0.878335   0.0318556     1.85363  -0.0614583    0.410566    -1.85215
  -0.972602     1.44602     1.56931     1.85363    -1.45134     1.53464   -0.665213
  -0.972646     1.45673     1.57123     1.85363     -1.4611     1.53944   -0.664699
  -0.362081    0.878332  -0.0314124     1.85363   0.0606059    0.410543    -1.98171
  -0.375984     0.87825  0.00719169     1.85363  -0.0138933    0.409759    -1.90264
  -0.972639     1.45016     1.57009     1.85363    -1.45511     1.53653   -0.665022
  -0.972615     1.46114     1.57193     1.85363    -1.46515     1.54133   -0.664467
  -0.367457    0.878269  -0.0164863     1.85363     0.03184    0.409943    -1.95117
  -0.381716    0.878292   0.0231089     1.85363  -0.0446133    0.410163    -1.87003
  -0.972568      1.4436     1.56882     1.85363    -1.44914     1.53351   -0.665321
  -0.972651      1.4543     1.57082     1.85363    -1.45888     1.53838   -0.664821
  -0.372833    0.878245 -0.00155792     1.85363  0.00301014    0.409717    -1.92058
  -0.387091    0.878373   0.0380313     1.85363  -0.0733287    0.410927    -1.83955
  -0.972621     1.44774     1.56964     1.85363     -1.4529     1.53543   -0.665135
  -0.972636     1.45871     1.57155     1.85363    -1.46292      1.5403   -0.664596
  -0.364306    0.878301  -0.0252345     1.85363   0.0487104     0.41025    -1.96908
  -0.378566    0.878263   0.0143599     1.85363  -0.0277355    0.409888    -1.88795
  -0.972647     1.45187      1.5704     1.85363    -1.45667      1.5373    -0.66494
  -0.972595     1.46285     1.57218     1.85363    -1.46673     1.54204   -0.664373
  -0.370038    0.878253 -0.00931904     1.85363   0.0180026    0.409788    -1.93649
  -0.383941    0.878321   0.0292861     1.85363  -0.0565133    0.410434     -1.8574
  -0.972593     1.44531     1.56917     1.85363     -1.4507     1.53431   -0.665245
  -0.972648     1.45629     1.57116     1.85363     -1.4607     1.53925   -0.664721
  -0.361156    0.878347  -0.0339817     1.85363   0.0655476    0.410683    -1.98695
  -0.375414    0.878248  0.00560999     1.85363   -0.010838    0.409742    -1.90588
  -0.972637     1.44972     1.57001     1.85363    -1.45471     1.53633   -0.665043
  -0.972622     1.46042     1.57182     1.85363     -1.4645     1.54102   -0.664505
  -0.366887    0.878274  -0.0180678     1.85363   0.0348917    0.409989    -1.95441
  -0.381147    0.878286   0.0215273     1.85363  -0.0415641    0.410104    -1.87327
  -0.972557     1.44289     1.56868     1.85363     -1.4485     1.53317   -0.665352
  -0.972651     1.45386     1.57075     1.85363    -1.45848     1.53818   -0.664843
  -0.972566     1.46484     1.57246     1.85363    -1.46856     1.54287   -0.664263
  -0.372263    0.878246 -0.00314048     1.85363  0.00606762    0.409724    -1.92382
  -0.386522    0.878363   0.0364503     1.85363  -0.0702918    0.410829    -1.84277
  -0.972616      1.4473     1.56955     1.85363     -1.4525     1.53523   -0.665155
   -0.97264       1.458     1.57144     1.85363    -1.46227     1.53999   -0.664633
  -0.363736    0.878309  -0.0268162     1.85363   0.0517576    0.410318    -1.97232
  -0.377996     0.87826   0.0127782     1.85363   -0.024682    0.409852    -1.89119
  -0.972646     1.45144     1.57032     1.85363    -1.45627     1.53711   -0.664961
    -0.9726     1.46241     1.57211     1.85363    -1.46632     1.54186   -0.664397
  -0.369112    0.878258  -0.0118893     1.85363   0.0229661    0.409834    -1.94176
  -0.383372    0.878313   0.0277047     1.85363  -0.0534686    0.410359    -1.86063
  -0.972583      1.4446     1.56903     1.85363    -1.45005     1.53398   -0.665277
  -0.972649     1.45585     1.57108     1.85363     -1.4603     1.53906   -0.664744
  -0.360586    0.878357  -0.0355622     1.85363   0.0685858    0.410775    -1.99018
  -0.374489    0.878246  0.00303954     1.85363 -0.00587218    0.409723    -1.91115
  -0.972631     1.44901     1.56988     1.85363    -1.45406     1.53601   -0.665076
  -0.972626     1.45999     1.57175     1.85363    -1.46409     1.54084   -0.664528
  -0.366317    0.878279  -0.0196497     1.85363   0.0379434    0.410039    -1.95765
  -0.380221    0.878277   0.0189566     1.85363   -0.036606    0.410017    -1.87853
  -0.972651     1.45342     1.57067     1.85363    -1.45808     1.53799   -0.664865
  -0.972573      1.4644      1.5724     1.85363    -1.46815     1.54269   -0.664287
  -0.371694    0.878247  -0.0047214     1.85363   0.0091218    0.409734    -1.92706
  -0.385597    0.878347   0.0338815     1.85363  -0.0653546    0.410677    -1.84801
  -0.972612     1.44686     1.56947     1.85363     -1.4521     1.53502   -0.665175
  -0.972642     1.45756     1.57136     1.85363    -1.46187      1.5398   -0.664656
  -0.363167    0.878317  -0.0283975     1.85363    0.054803    0.410391    -1.97555
   -0.37707    0.878254   0.0102078     1.85363  -0.0197187    0.409803    -1.89645
  -0.972644       1.451     1.57024     1.85363    -1.45587     1.53691   -0.664982
  -0.972605     1.46197     1.57205     1.85363    -1.46592     1.54168   -0.664421
  -0.368899    0.878259  -0.0124823     1.85363   0.0241111    0.409846    -1.94297
  -0.382802    0.878305   0.0261232     1.85363  -0.0504223    0.410288    -1.86387
  -0.972581     1.44444     1.56899     1.85363     -1.4499      1.5339   -0.665284
   -0.97265     1.45541     1.57101     1.85363     -1.4599     1.53887   -0.664766
  -0.360017    0.878367  -0.0371435     1.85363    0.071624    0.410872     -1.9934
  -0.374275    0.878246    0.002446     1.85363 -0.00472548     0.40972    -1.91237
   -0.97263     1.44885     1.56985     1.85363    -1.45391     1.53594   -0.665084
  -0.972631     1.45927     1.57164     1.85363    -1.46344     1.54054   -0.664566
  -0.365036    0.878293  -0.0232085     1.85363   0.0448058    0.410167    -1.96494
  -0.379295    0.878269   0.0163859     1.85363  -0.0316458     0.40994     -1.8838
  -0.972649     1.45271     1.57055     1.85363    -1.45743     1.53767     -0.6649
  -0.972583     1.46369      1.5723     1.85363     -1.4675     1.54239   -0.664327
  -0.371124    0.878249 -0.00630301     1.85363   0.0121771    0.409749    -1.93031
  -0.384671    0.878332   0.0313113     1.85363   -0.060411    0.410537    -1.85326