  -0.697662      1.2406     1.56807     2.02889    -1.27366     1.42457  -0.0609951
  -0.697662      1.2406     1.56807     2.02889    -4.41526    -1.42457    -3.20259
  -0.697668     1.25213     1.57311     2.02889    -1.28217     1.43378  -0.0581946
  -0.697668     1.25213     1.57311     2.02889    -4.42376    -1.43378    -3.19979
 -0.0361821    0.680294  -0.0115633     2.02889   0.0173542    0.432497    -1.43077
 -0.0361821    0.680294  -0.0115633     2.02889    -3.12424   -0.432497     1.71082
 -0.0545001    0.680364   0.0270674     2.02889  -0.0406015     0.43283    -1.36644
 -0.0545001    0.680364   0.0270674     2.02889    -3.18219    -0.43283     1.77515
  -0.697687     1.24495     1.57001     2.02889    -1.27686     1.42808  -0.0599341
  -0.697687     1.24495     1.57001     2.02889    -4.41845    -1.42808    -3.20153
 -0.0252299    0.680418   -0.034661     2.02889   0.0519716    0.433091     -1.4692
 -0.0252299    0.680418   -0.034661     2.02889    -3.08962   -0.433091     1.67239
 -0.0435464    0.680281  0.00396712     2.02889 -0.00595422    0.432431     -1.4049
 -0.0435464    0.680281  0.00396712     2.02889    -3.14755   -0.432431     1.73669
  -0.697634     1.23806      1.5669     2.02889     -1.2718      1.4225  -0.0616195
  -0.697634     1.23806      1.5669     2.02889    -4.41339     -1.4225    -3.20321
  -0.697683     1.24958     1.57203     2.02889    -1.28028     1.43177  -0.0588097
  -0.697683     1.24958     1.57203     2.02889    -4.42187    -1.43177     -3.2004
 -0.0325919    0.680321  -0.0191346     2.02889   0.0287115    0.432626    -1.44338
 -0.0325919    0.680321  -0.0191346     2.02889    -3.11288   -0.432626     1.69821
 -0.0504529    0.680319   0.0185321     2.02889  -0.0278076    0.432613    -1.38065
 -0.0504529    0.680319   0.0185321     2.02889     -3.1694   -0.432613     1.76095
  -0.697677     1.24269     1.56901     2.02889     -1.2752     1.42626  -0.0604847
  -0.697677     1.24269     1.56901     2.02889    -4.41679    -1.42626    -3.20208
  -0.697652     1.25392     1.57386     2.02889     -1.2835     1.43519  -0.0577613
  -0.697652     1.25392     1.57386     2.02889     -4.4251    -1.43519    -3.19935
 -0.0394983    0.680281 -0.00456977     2.02889  0.00685912    0.432434    -1.41913
 -0.0394983    0.680281 -0.00456977     2.02889    -3.13473   -0.432434     1.72247
  -0.057815    0.680413   0.0340586     2.02889  -0.0510698    0.433068    -1.35482
  -0.057815    0.680413   0.0340586     2.02889    -3.19266   -0.433068     1.78677
  -0.697689     1.24703     1.57093     2.02889     -1.2784     1.42975  -0.0594268
  -0.697689     1.24703     1.57093     2.02889    -4.41999    -1.42975    -3.20102
 -0.0285448    0.680368  -0.0276698     2.02889   0.0415043    0.432849    -1.45758
 -0.0285448    0.680368  -0.0276698     2.02889    -3.10009   -0.432849     1.68401
 -0.0464051    0.680291   0.0099958     2.02889  -0.0150018    0.432478    -1.39486
 -0.0464051    0.680291   0.0099958     2.02889    -3.15659   -0.432478     1.74673
  -0.697658     1.24014     1.56786     2.02889    -1.27333      1.4242  -0.0611079
  -0.697658     1.24014     1.56786     2.02889    -4.41492     -1.4242     -3.2027
  -0.697673     1.25138     1.57279     2.02889    -1.28161     1.43319  -0.0583751
  -0.697673     1.25138     1.57279     2.02889     -4.4232    -1.43319    -3.19997
 -0.0354503    0.680299  -0.0131064     2.02889   0.0196695    0.432518    -1.43334
 -0.0354503    0.680299  -0.0131064     2.02889    -3.12192   -0.432518     1.70825
 -0.0537685    0.680354   0.0255244     2.02889  -0.0382896    0.432785    -1.36901
 -0.0537685    0.680354   0.0255244     2.02889    -3.17988   -0.432785     1.77258
  -0.697685     1.24449     1.56981     2.02889    -1.27652     1.42771  -0.0600462
  -0.697685     1.24449     1.56981     2.02889    -4.41811    -1.42771    -3.20164
  -0.697627     1.25601     1.57472     2.02889    -1.28506     1.43682  -0.0572596
  -0.697627     1.25601     1.57472     2.02889    -4.42665    -1.43682    -3.19885
 -0.0244985    0.680431  -0.0362035     2.02889   0.0542795    0.433152    -1.47177
 -0.0244985    0.680431  -0.0362035     2.02889    -3.08731   -0.433152     1.66983
 -0.0423571    0.680279  0.00145898     2.02889 -0.00218967    0.432424    -1.40908
 -0.0423571    0.680279  0.00145898     2.02889    -3.14378   -0.432424     1.73251
  -0.060672    0.680465   0.0400843     2.02889  -0.0600823    0.433317    -1.34481
  -0.060672    0.680465   0.0400843     2.02889    -3.20167   -0.433317     1.79678
  -0.697628      1.2376     1.56669     2.02889    -1.27146     1.42213  -0.0617329
  -0.697628      1.2376     1.56669     2.02889    -4.41305    -1.42213    -3.20333
  -0.697686     1.24883      1.5717     2.02889    -1.27973     1.43118  -0.0589908
  -0.697686     1.24883      1.5717     2.02889    -4.42132    -1.43118    -3.20058
 -0.0314027    0.680333  -0.0216424     2.02889   0.0324717    0.432683    -1.44756
 -0.0314027    0.680333  -0.0216424     2.02889    -3.10912   -0.432683     1.69404
 -0.0497212    0.680312   0.0169889     2.02889  -0.0254932    0.432583    -1.38321
 -0.0497212    0.680312   0.0169889     2.02889    -3.16709   -0.432583     1.75838
  -0.697672     1.24194     1.56867     2.02889    -1.27465     1.42566  -0.0606675
  -0.697672     1.24194     1.56867     2.02889    -4.41624    -1.42566    -3.20226
  -0.697656     1.25346     1.57367     2.02889    -1.28316     1.43483  -0.0578718
  -0.697656     1.25346     1.57367     2.02889    -4.42475    -1.43483    -3.19946
 -0.0387665    0.680283 -0.00611301     2.02889   0.0091753    0.432443     -1.4217
 -0.0387665    0.680283 -0.00611301     2.02889    -3.13242   -0.432443      1.7199
 -0.0566262    0.680394   0.0315514     2.02889   -0.047317    0.432977    -1.35899
 -0.0566262    0.680394   0.0315514     2.02889    -3.18891   -0.432977      1.7826
  -0.697689     1.24657     1.57072     2.02889    -1.27806     1.42938  -0.0595388
  -0.697689     1.24657     1.57072     2.02889    -4.41965    -1.42938    -3.20113
 -0.0278132    0.680378  -0.0292127     2.02889   0.0438153    0.432897    -1.46015
 -0.0278132    0.680378  -0.0292127     2.02889    -3.09778   -0.432897     1.68144
 -0.0456733    0.680287  0.00845256     2.02889   -0.012686    0.432462    -1.39743
 -0.0456733    0.680287  0.00845256     2.02889    -3.15428   -0.432462     1.74416
   -0.69765      1.2394     1.56752     2.02889    -1.27278     1.42359  -0.0612913
   -0.69765      1.2394     1.56752     2.02889    -4.41437    -1.42359    -3.20288
  -0.697676     1.25092      1.5726     2.02889    -1.28127     1.43283  -0.0584861
  -0.697676     1.25092      1.5726     2.02889    -4.42286    -1.43283    -3.20008
 -0.0347186    0.680304  -0.0146497     2.02889   0.0219848    0.432542    -1.43591
 -0.0347186    0.680304  -0.0146497     2.02889    -3.11961   -0.432542     1.70568
 -0.0525794     0.68034   0.0230167     2.02889  -0.0345314    0.432717    -1.37318
 -0.0525794     0.68034   0.0230167     2.02889    -3.17612   -0.432717     1.76841
  -0.697684     1.24403      1.5696     2.02889    -1.27618     1.42734  -0.0601584
  -0.697684     1.24403      1.5696     2.02889    -4.41777    -1.42734    -3.20175
  -0.697637     1.25526     1.57442     2.02889     -1.2845     1.43624  -0.0574394
  -0.697637     1.25526     1.57442     2.02889    -4.42609    -1.43624    -3.19903
 -0.0237671    0.680444   -0.037746     2.02889   0.0565866    0.433215    -1.47433
 -0.0237671    0.680444   -0.037746     2.02889    -3.08501   -0.433215     1.66726
 -0.0416252    0.680279 -8.4348e-05     2.02889 0.000126802    0.432422    -1.41165
 -0.0416252    0.680279 -8.4348e-05     2.02889    -3.14147   -0.432422     1.72994
 -0.0599407    0.680451   0.0385418     2.02889  -0.0577763    0.433249    -1.34738
 -0.0599407    0.680451   0.0385418     2.02889    -3.19937   -0.433249     1.79422
  -0.697687     1.24837     1.57151     2.02889    -1.27938     1.43081  -0.0591024
  -0.697687     1.24837     1.57151     2.02889    -4.42098    -1.43081     -3.2007
 -0.0306711    0.680341  -0.0231855     2.02889   0.0347848    0.432722    -1.45012
 -0.0306711    0.680341  -0.0231855     2.02889    -3.10681   -0.432722     1.69147
 -0.0485319    0.680303   0.0144809     2.02889  -0.0217312    0.432539    -1.38739
 -0.0485319    0.680303   0.0144809     2.02889    -3.16332   -0.432539      1.7542
  -0.697669     1.24148     1.56846     2.02889    -1.27431     1.42529  -0.0607801
  -0.697669     1.24148     1.56846     2.02889     -4.4159    -1.42529    -3.20237
  -0.697661       1.253     1.57348     2.02889    -1.28282     1.43447  -0.0579827
  -0.697661       1.253     1.57348     2.02889    -4.42441    -1.43447    -3.19958
 -0.0375771    0.680287 -0.00862122     2.02889   0.0129395    0.432464    -1.42587
 -0.0375771    0.680287 -0.00862122     2.02889    -3.12865   -0.432464     1.71572
 -0.0558947    0.680383   0.0300086     2.02889   -0.045007    0.432924    -1.36155
 -0.0558947    0.680383   0.0300086     2.02889     -3.1866   -0.432924     1.78004
  -0.697689     1.24611     1.57052     2.02889    -1.27772     1.42901  -0.0596506
  -0.697689     1.24611     1.57052     2.02889    -4.41931    -1.42901    -3.20124
 -0.0266243    0.680396    -0.03172     2.02889   0.0475698    0.432982    -1.46432
 -0.0266243    0.680396    -0.03172     2.02889    -3.09402   -0.432982     1.67728
 -0.0449415    0.680284  0.00690931     2.02889    -0.01037    0.432449        -1.4
 -0.0449415    0.680284  0.00690931     2.02889    -3.15196   -0.432449     1.74159
  -0.697645     1.23893     1.56731     2.02889    -1.27244     1.42322  -0.0614041
  -0.697645     1.23893     1.56731     2.02889    -4.41403    -1.42322      -3.203
   -0.69768     1.25017     1.57228     2.02889    -1.28072     1.43224   -0.058667
   -0.69768     1.25017     1.57228     2.02889    -4.42231    -1.43224    -3.20026
 -0.0335293    0.680313  -0.0171576     2.02889   0.0257467    0.432586    -1.44009
 -0.0335293    0.680313  -0.0171576     2.02889    -3.11585   -0.432586      1.7015
 -0.0518478    0.680332   0.0214737     2.02889  -0.0322183    0.432679    -1.37575
 -0.0518478    0.680332   0.0214737     2.02889    -3.17381   -0.432679     1.76584
   -0.69768     1.24328     1.56927     2.02889    -1.27563     1.42674  -0.0603409
   -0.69768     1.24328     1.56927     2.02889    -4.41722    -1.42674    -3.20193
  -0.697642      1.2548     1.57423     2.02889    -1.28416     1.43588  -0.0575498
  -0.697642      1.2548     1.57423     2.02889    -4.42575    -1.43588    -3.19914
 -0.0225785    0.680467  -0.0402529     2.02889   0.0603348    0.433324    -1.47849
 -0.0225785    0.680467  -0.0402529     2.02889    -3.08126   -0.433324      1.6631
 -0.0408934    0.680279 -0.00162765     2.02889  0.00244324    0.432424    -1.41422
 -0.0408934    0.680279 -0.00162765     2.02889    -3.13915   -0.432424     1.72737
 -0.0587521    0.680429   0.0360349     2.02889  -0.0540268    0.433145    -1.35154
 -0.0587521    0.680429   0.0360349     2.02889    -3.19562   -0.433145     1.79005
  -0.697688     1.24762     1.57118     2.02889    -1.27883     1.43022  -0.0592838
  -0.697688     1.24762     1.57118     2.02889    -4.42042    -1.43022    -3.20088
  -0.029482    0.680355  -0.0256931     2.02889   0.0385428     0.43279     -1.4543
  -0.029482    0.680355  -0.0256931     2.02889    -3.10305    -0.43279      1.6873
 -0.0478002    0.680298   0.0129377     2.02889   -0.019416    0.432515    -1.38996
 -0.0478002    0.680298   0.0129377     2.02889    -3.16101   -0.432515     1.75163
  -0.697663     1.24073     1.56813     2.02889    -1.27376     1.42468  -0.0609633
  -0.697663     1.24073     1.56813     2.02889    -4.41535    -1.42468    -3.20256
  -0.697667     1.25226     1.57316     2.02889    -1.28226     1.43388  -0.0581631
  -0.697667     1.25226     1.57316     2.02889    -4.42385    -1.43388    -3.19976
 -0.0368454    0.680291  -0.0101645     2.02889   0.0152553     0.43248    -1.42845
 -0.0368454    0.680291  -0.0101645     2.02889    -3.12634    -0.43248     1.71315
 -0.0551632    0.680373   0.0284658     2.02889  -0.0426963    0.432873    -1.36412
 -0.0551632    0.680373   0.0284658     2.02889    -3.18429   -0.432873     1.77747
  -0.697688     1.24537     1.57019     2.02889    -1.27717     1.42841  -0.0598326
  -0.697688     1.24537     1.57019     2.02889    -4.41876    -1.42841    -3.20143
 -0.0258928    0.680407  -0.0332626     2.02889    0.049879    0.433038    -1.46688
 -0.0258928    0.680407  -0.0332626     2.02889    -3.09171   -0.433038     1.67471
 -0.0437522    0.680281    0.004401     2.02889 -0.00660542    0.432433    -1.40418
 -0.0437522    0.680281    0.004401     2.02889     -3.1482   -0.432433     1.73741
   -0.69764     1.23847      1.5671     2.02889     -1.2721     1.42284  -0.0615172
   -0.69764     1.23847      1.5671     2.02889     -4.4137    -1.42284    -3.20311
  -0.697683     1.24971     1.57208     2.02889    -1.28037     1.43187  -0.0587783
  -0.697683     1.24971     1.57208     2.02889    -4.42197    -1.43187    -3.20037
 -0.0327976    0.680319  -0.0187007     2.02889   0.0280609    0.432617    -1.44266
 -0.0327976    0.680319  -0.0187007     2.02889    -3.11353   -0.432617     1.69893
 -0.0506586    0.680321   0.0189659     2.02889  -0.0284581    0.432623    -1.37992
 -0.0506586    0.680321   0.0189659     2.02889    -3.17005   -0.432623     1.76167
  -0.697678     1.24282     1.56906     2.02889    -1.27529     1.42637  -0.0604532
  -0.697678     1.24282     1.56906     2.02889    -4.41688    -1.42637    -3.20205
  -0.697647     1.25434     1.57403     2.02889    -1.28381     1.43552  -0.0576607
  -0.697647     1.25434     1.57403     2.02889    -4.42541    -1.43552    -3.19925
  -0.039704    0.680281 -0.00413584     2.02889  0.00620784    0.432432     -1.4184
  -0.039704    0.680281 -0.00413584     2.02889    -3.13538   -0.432432     1.72319
 -0.0580206    0.680417   0.0344923     2.02889  -0.0517188    0.433085     -1.3541
 -0.0580206    0.680417   0.0344923     2.02889    -3.19331   -0.433085     1.78749
  -0.697689     1.24745     1.57111     2.02889     -1.2787     1.43008  -0.0593258
  -0.697689     1.24745     1.57111     2.02889     -4.4203    -1.43008    -3.20092
 -0.0287504    0.680365   -0.027236     2.02889   0.0408545    0.432836    -1.45686
 -0.0287504    0.680365   -0.027236     2.02889    -3.10074   -0.432836     1.68473
 -0.0470684    0.680294   0.0113946     2.02889  -0.0171008    0.432495    -1.39253
 -0.0470684    0.680294   0.0113946     2.02889    -3.15869   -0.432495     1.74906
  -0.697659     1.24027     1.56792     2.02889    -1.27342     1.42431  -0.0610761
  -0.697659     1.24027     1.56792     2.02889    -4.41501    -1.42431    -3.20267
  -0.697671      1.2518     1.57297     2.02889    -1.28192     1.43352  -0.0582744
  -0.697671      1.2518     1.57297     2.02889    -4.42351    -1.43352    -3.19987