  -1.20745    1.02806  0.0188403     2.3197   -3.06291   0.206712   -2.84552
  -1.20434    1.02804 0.00914359     2.3197   -3.10336   0.206278   -2.80784
  -1.20653    1.02805  0.0159919     2.3197   -3.07478   0.206553   -2.83447
  -1.20343    1.02804 0.00629497     2.3197   -3.11526   0.206207   -2.79675
  -1.20597    1.02805  0.0142394     2.3197   -3.08208   0.206468   -2.82766
  -1.20287    1.02804 0.00454187     2.3197   -3.12259   0.206177   -2.78992
  -1.20541    1.02805  0.0124857     2.3197    -3.0894   0.206393   -2.82085
  -1.20231    1.02804 0.00278842     2.3197   -3.12993   0.206156   -2.78308
   -1.2076    1.02806  0.0193338     2.3197   -3.06086   0.206742   -2.84743
   -1.2045    1.02804 0.00963652     2.3197    -3.1013   0.206292   -2.80976
  -1.20175    1.02804 0.00103474     2.3197   -3.13726   0.206145   -2.77625