    -1.99914      1.47659      1.57103      2.26316     -1.49805      1.51089     -1.24599
    -1.99914      1.47659      1.57103      2.26316     -4.63964     -1.51089       1.8956
    -1.34486     0.835654    0.0175332      2.26316    -0.294752    0.0447808     -2.54647
    -1.34486     0.835654    0.0175332      2.26316     -3.43634   -0.0447808      0.59512
    -1.99913      1.46943      1.57011      2.26316      -1.4931      1.50563     -1.24637
    -1.99913      1.46943      1.57011      2.26316     -4.63469     -1.50563      1.89522
    -1.99911       1.4814      1.57157      2.26316     -1.50142      1.51437     -1.24572
    -1.99911       1.4814      1.57157      2.26316     -4.64302     -1.51437      1.89587
    -1.33521     0.835626  -0.00589788      2.26316     0.101863    0.0430331     -2.94878
    -1.33521     0.835626  -0.00589788      2.26316     -3.03973   -0.0430331     0.192816
    -1.99914      1.47395       1.5707      2.26316     -1.49621      1.50895     -1.24613
    -1.99914      1.47395       1.5707      2.26316      -4.6378     -1.50895      1.89546
    -1.32556     0.835711   -0.0293262      2.26316     0.469154    0.0481245      2.96143
    -1.32556     0.835711   -0.0293262      2.26316     -2.67244   -0.0481245    -0.180163
     -1.3417     0.835633   0.00985348      2.26316    -0.169101    0.0434385     -2.67399
     -1.3417     0.835633   0.00985348      2.26316     -3.31069   -0.0434385     0.467605
     -1.9991      1.46678      1.56973      2.26316     -1.49129      1.50366     -1.24651
     -1.9991      1.46678      1.56973      2.26316     -4.63288     -1.50366      1.89508
    -1.99913      1.47876      1.57128      2.26316     -1.49957      1.51246     -1.24587
    -1.99913      1.47876      1.57128      2.26316     -4.64116     -1.51246      1.89572
    -1.34779     0.835685    0.0246247      2.26316      -0.4027    0.0466191      -2.4368
    -1.34779     0.835685    0.0246247      2.26316     -3.54429   -0.0466191      0.70479
    -1.99914       1.4713      1.57036      2.26316     -1.49438      1.50701     -1.24628
    -1.99914       1.4713      1.57036      2.26316     -4.63598     -1.50701      1.89532
    -1.33813     0.835623   0.00119591      2.26316   -0.0207231     0.042815     -2.82447
    -1.33813     0.835623   0.00119591      2.26316     -3.16232    -0.042815     0.317125
    -1.99914      1.47611      1.57097      2.26316     -1.49772      1.51054     -1.24602
    -1.99914      1.47611      1.57097      2.26316     -4.63931     -1.51054      1.89558
    -1.34422     0.835649     0.015968      2.26316    -0.269796    0.0444493     -2.57181
    -1.34422     0.835649     0.015968      2.26316     -3.41139   -0.0444493     0.569784
    -1.99912      1.46895      1.57004      2.26316     -1.49277      1.50527      -1.2464
    -1.99912      1.46895      1.57004      2.26316     -4.63436     -1.50527      1.89519
    -1.99912      1.48063      1.57148      2.26316     -1.50088      1.51381     -1.24576
    -1.99912      1.48063      1.57148      2.26316     -4.64247     -1.51381      1.89583
    -1.33456     0.835629  -0.00746346      2.26316     0.128626      0.04317     -2.97592
    -1.33456     0.835629  -0.00746346      2.26316     -3.01297     -0.04317     0.165672
    -1.99914      1.47347      1.57064      2.26316     -1.49588       1.5086     -1.24616
    -1.99914      1.47347      1.57064      2.26316     -4.63747      -1.5086      1.89543
    -1.34065     0.835628   0.00730979      2.26316    -0.126003    0.0431562      -2.7177
    -1.34065     0.835628   0.00730979      2.26316      -3.2676   -0.0431562     0.423889
     -1.9991      1.46631      1.56966      2.26316     -1.49096       1.5033     -1.24653
     -1.9991      1.46631      1.56966      2.26316     -4.63256      -1.5033      1.89506
    -1.99914      1.47798      1.57119      2.26316     -1.49902       1.5119     -1.24591
    -1.99914      1.47798      1.57119      2.26316     -4.64061      -1.5119      1.89568
    -1.34674     0.835673    0.0220814      2.26316    -0.365005    0.0458973     -2.47511
    -1.34674     0.835673    0.0220814      2.26316      -3.5066   -0.0458973     0.666478
    -1.99913      1.47082       1.5703      2.26316     -1.49405      1.50665      -1.2463
    -1.99913      1.47082       1.5703      2.26316     -4.63565     -1.50665      1.89529
     -1.9991       1.4828      1.57171      2.26316      -1.5024      1.51537     -1.24564
     -1.9991       1.4828      1.57171      2.26316       -4.644     -1.51537      1.89596
    -1.33749     0.835623 -0.000370026      2.26316   0.00641547     0.042808     -2.85199
    -1.33749     0.835623 -0.000370026      2.26316     -3.13518    -0.042808     0.289606
    -1.99914      1.47534      1.57087      2.26316     -1.49718      1.50997     -1.24606
    -1.99914      1.47534      1.57087      2.26316     -4.63877     -1.50997      1.89553
    -1.34357     0.835644    0.0144032      2.26316    -0.244488    0.0441478      -2.5975
    -1.34357     0.835644    0.0144032      2.26316     -3.38608   -0.0441478     0.544096
    -1.99912      1.46847      1.56998      2.26316     -1.49244      1.50491     -1.24642
    -1.99912      1.46847      1.56998      2.26316     -4.63404     -1.50491      1.89517
    -1.99912      1.48015      1.57143      2.26316     -1.50054      1.51346     -1.24579
    -1.99912      1.48015      1.57143      2.26316     -4.64213     -1.51346       1.8958
    -1.99914      1.47269      1.57054      2.26316     -1.49534      1.50803      -1.2462
    -1.99914      1.47269      1.57054      2.26316     -4.63694     -1.50803      1.89539
    -1.34001     0.835626   0.00574446      2.26316   -0.0992273     0.043022     -2.74486
    -1.34001     0.835626   0.00574446      2.26316     -3.24082    -0.043022     0.396733
    -1.99914       1.4775      1.57113      2.26316     -1.49869      1.51155     -1.24594
    -1.99914       1.4775      1.57113      2.26316     -4.64028     -1.51155      1.89565
    -1.34609     0.835666    0.0205163      2.26316    -0.341228    0.0454862     -2.49927
    -1.34609     0.835666    0.0205163      2.26316     -3.48282   -0.0454862     0.642321
    -1.99913      1.47034      1.57023      2.26316     -1.49373       1.5063     -1.24633
    -1.99913      1.47034      1.57023      2.26316     -4.63532      -1.5063      1.89527
    -1.99911      1.48202      1.57163      2.26316     -1.50185      1.51481     -1.24568
    -1.99911      1.48202      1.57163      2.26316     -4.64345     -1.51481      1.89591
    -1.33644     0.835624  -0.00291383      2.26316    0.0504623    0.0428609     -2.89665
    -1.33644     0.835624  -0.00291383      2.26316     -3.09113   -0.0428609     0.244941
    -1.99914      1.47486      1.57082      2.26316     -1.49684      1.50962     -1.24609
    -1.99914      1.47486      1.57082      2.26316     -4.63844     -1.50962      1.89551
    -1.34253     0.835637    0.0118592      2.26316    -0.202637    0.0437203     -2.63997
    -1.34253     0.835637    0.0118592      2.26316     -3.34423   -0.0437203     0.501628
    -1.99911       1.4677      1.56986      2.26316     -1.49191      1.50434     -1.24646
    -1.99911       1.4677      1.56986      2.26316     -4.63351     -1.50434      1.89513
    -1.99913      1.47967      1.57138      2.26316      -1.5002      1.51312     -1.24582
    -1.99913      1.47967      1.57138      2.26316      -4.6418     -1.51312      1.89578
    -1.34901     0.835701    0.0276078      2.26316    -0.445361    0.0475499     -2.39342
    -1.34901     0.835701    0.0276078      2.26316     -3.58695   -0.0475499     0.748176
    -1.99914      1.47221      1.57048      2.26316     -1.49501      1.50768     -1.24623
    -1.99914      1.47221      1.57048      2.26316     -4.63661     -1.50768      1.89536
    -1.33896     0.835624   0.00320077      2.26316   -0.0554172    0.0428734     -2.78929
    -1.33896     0.835624   0.00320077      2.26316     -3.19701   -0.0428734     0.352306
    -1.99914      1.47702      1.57108      2.26316     -1.49835       1.5112     -1.24597
    -1.99914      1.47702      1.57108      2.26316     -4.63995      -1.5112      1.89563
    -1.34545      0.83566    0.0189511      2.26316    -0.317026    0.0451045     -2.52385
    -1.34545      0.83566    0.0189511      2.26316     -3.45862   -0.0451045     0.617738
    -1.99913      1.46956      1.57013      2.26316     -1.49319      1.50572     -1.24637
    -1.99913      1.46956      1.57013      2.26316     -4.63478     -1.50572      1.89523
    -1.99911      1.48154      1.57158      2.26316     -1.50152      1.51447     -1.24571
    -1.99911      1.48154      1.57158      2.26316     -4.64311     -1.51447      1.89588
    -1.33579     0.835625  -0.00447893      2.26316    0.0774734    0.0429387     -2.92404
    -1.33579     0.835625  -0.00447893      2.26316     -3.06412   -0.0429387      0.21755
    -1.99914      1.47438      1.57075      2.26316     -1.49651      1.50927     -1.24611
    -1.99914      1.47438      1.57075      2.26316     -4.63811     -1.50927      1.89548
    -1.32574     0.835708   -0.0288863      2.26316     0.463119    0.0479756      2.96757
    -1.32574     0.835708   -0.0288863      2.26316     -2.67847   -0.0479756    -0.174022
    -1.34188     0.835634    0.0102941      2.26316    -0.176505    0.0434961     -2.66648
    -1.34188     0.835634    0.0102941      2.26316      -3.3181   -0.0434961     0.475116
     -1.9991      1.46692      1.56975      2.26316     -1.49138      1.50376      -1.2465
     -1.9991      1.46692      1.56975      2.26316     -4.63297     -1.50376      1.89509
    -1.99913      1.47889      1.57129      2.26316     -1.49966      1.51256     -1.24586
    -1.99913      1.47889      1.57129      2.26316     -4.64125     -1.51256      1.89573
    -1.34797     0.835687    0.0250647      2.26316    -0.409099    0.0467507      -2.4303
    -1.34797     0.835687    0.0250647      2.26316     -3.55069   -0.0467507     0.711296
    -1.99914      1.47143      1.57038      2.26316     -1.49448      1.50711     -1.24627
    -1.99914      1.47143      1.57038      2.26316     -4.63607     -1.50711      1.89532
    -1.33831     0.835623   0.00163555      2.26316   -0.0283386    0.0428233     -2.81675
    -1.33831     0.835623   0.00163555      2.26316     -3.16993   -0.0428233     0.324847
    -1.99914      1.47655      1.57102      2.26316     -1.49802      1.51085     -1.24599
    -1.99914      1.47655      1.57102      2.26316     -4.63961     -1.51085       1.8956