   -0.710864      1.45142      1.57075      2.01095     -1.46272      1.51999    -0.159582
   -0.710864      1.45142      1.57075      2.01095     -4.60431     -1.51999      2.98201
  -0.0755454     0.847157   -0.0119027      2.01095    0.0318765     0.283659     -1.57094
  -0.0755454     0.847157   -0.0119027      2.01095     -3.10972    -0.283659      1.57065
   -0.710829      1.44455      1.56956      2.01095       -1.457      1.51601    -0.159995
   -0.710829      1.44455      1.56956      2.01095     -4.59859     -1.51601       2.9816
   -0.710853      1.45574      1.57144      2.01095     -1.46635      1.52244     -0.15931
   -0.710853      1.45574      1.57144      2.01095     -4.60795     -1.52244      2.98228
  -0.0817006     0.847145   0.00386169      2.01095   -0.0103451     0.283518     -1.52613
  -0.0817006     0.847145   0.00386169      2.01095     -3.15194    -0.283518      1.61547
   -0.710859      1.44888      1.57033      2.01095      -1.4606      1.51853    -0.159737
   -0.710859      1.44888      1.57033      2.01095     -4.60219     -1.51853      2.98186
  -0.0721622     0.847184   -0.0205674      2.01095    0.0550391     0.283973     -1.59553
  -0.0721622     0.847184   -0.0205674      2.01095     -3.08655    -0.283973      1.54606
  -0.0874732     0.847177     0.018646      2.01095   -0.0499069     0.283888     -1.48413
  -0.0874732     0.847177     0.018646      2.01095      -3.1915    -0.283888      1.65746
   -0.710863      1.45321      1.57104      2.01095     -1.46422      1.52101     -0.15947
   -0.710863      1.45321      1.57104      2.01095     -4.60581     -1.52101      2.98212
  -0.0783172     0.847146  -0.00480398      2.01095    0.0128698     0.283527     -1.55077
  -0.0783172     0.847146  -0.00480398      2.01095     -3.12872    -0.283527      1.59082
   -0.710845      1.44634      1.56988      2.01095     -1.45848      1.51706    -0.159889
   -0.710845      1.44634      1.56988      2.01095     -4.60008     -1.51706       2.9817
   -0.710838      1.45782      1.57175      2.01095      -1.4681       1.5236    -0.159176
   -0.710838      1.45782      1.57175      2.01095      -4.6097      -1.5236      2.98242
  -0.0840899     0.847153   0.00998101      2.01095   -0.0267325     0.283612     -1.50873
  -0.0840899     0.847153   0.00998101      2.01095     -3.16833    -0.283612      1.63286
   -0.710864      1.45096      1.57068      2.01095     -1.46233      1.51973     -0.15961
   -0.710864      1.45096      1.57068      2.01095     -4.60393     -1.51973      2.98198
  -0.0749338     0.847161   -0.0134691      2.01095    0.0360675     0.283703     -1.57539
  -0.0749338     0.847161   -0.0134691      2.01095     -3.10553    -0.283703       1.5662
  -0.0898622     0.847203    0.0247644      2.01095   -0.0662358     0.284184     -1.46679
  -0.0898622     0.847203    0.0247644      2.01095     -3.20783    -0.284184       1.6748
   -0.710855      1.45528      1.57137      2.01095     -1.46597      1.52218    -0.159339
   -0.710855      1.45528      1.57137      2.01095     -4.60756     -1.52218      2.98225
  -0.0807065     0.847144    0.0013156      2.01095  -0.00352429     0.283503     -1.53337
  -0.0807065     0.847144    0.0013156      2.01095     -3.14512    -0.283503      1.60823
   -0.710857      1.44842      1.57025      2.01095     -1.46022      1.51827    -0.159765
   -0.710857      1.44842      1.57025      2.01095     -4.60181     -1.51827      2.98183
  -0.0715507     0.847191   -0.0221337      2.01095      0.05922     0.284047     -1.59997
  -0.0715507     0.847191   -0.0221337      2.01095     -3.08237    -0.284047      1.54162
  -0.0868616     0.847172    0.0170798      2.01095   -0.0457219     0.283827     -1.48857
  -0.0868616     0.847172    0.0170798      2.01095     -3.18731    -0.283827      1.65302
   -0.710864      1.45275      1.57097      2.01095     -1.46384      1.52075    -0.159499
   -0.710864      1.45275      1.57097      2.01095     -4.60543     -1.52075      2.98209
  -0.0773231     0.847149  -0.00734971      2.01095     0.019688     0.283561     -1.55801
  -0.0773231     0.847149  -0.00734971      2.01095      -3.1219    -0.283561      1.58359
   -0.710841      1.44589       1.5698      2.01095      -1.4581      1.51679    -0.159916
   -0.710841      1.44589       1.5698      2.01095      -4.5997     -1.51679      2.98168
   -0.710842      1.45736      1.57168      2.01095     -1.46772      1.52335    -0.159206
   -0.710842      1.45736      1.57168      2.01095     -4.60931     -1.52335      2.98239
  -0.0834783      0.84715   0.00841478      2.01095   -0.0225393      0.28358     -1.51318
  -0.0834783      0.84715   0.00841478      2.01095     -3.16413     -0.28358      1.62841
   -0.710863      1.45021      1.57055      2.01095     -1.46171       1.5193    -0.159656
   -0.710863      1.45021      1.57055      2.01095      -4.6033      -1.5193      2.98194
  -0.0743222     0.847165   -0.0150356      2.01095    0.0402572     0.283753     -1.57984
  -0.0743222     0.847165   -0.0150356      2.01095     -3.10134    -0.283753      1.56175
  -0.0892506     0.847196    0.0231981      2.01095   -0.0620591     0.284101     -1.47123
  -0.0892506     0.847196    0.0231981      2.01095     -3.20365    -0.284101      1.67037
   -0.710857      1.45482       1.5713      2.01095     -1.46558      1.52193    -0.159368
   -0.710857      1.45482       1.5713      2.01095     -4.60717     -1.52193      2.98222
  -0.0800949     0.847143 -0.000250921      2.01095  0.000672545     0.283501     -1.53782
  -0.0800949     0.847143 -0.000250921      2.01095     -3.14092    -0.283501      1.60377
   -0.710855      1.44796      1.57017      2.01095     -1.45983        1.518    -0.159792
   -0.710855      1.44796      1.57017      2.01095     -4.60143       -1.518       2.9818
  -0.0705567     0.847202   -0.0246791      2.01095     0.066009      0.28418     -1.60718
  -0.0705567     0.847202   -0.0246791      2.01095     -3.07558     -0.28418      1.53441
  -0.0858676     0.847164    0.0145339      2.01095   -0.0389151     0.283737      -1.4958
  -0.0858676     0.847164    0.0145339      2.01095     -3.18051    -0.283737      1.64579
   -0.710864      1.45229       1.5709      2.01095     -1.46345      1.52049    -0.159528
   -0.710864      1.45229       1.5709      2.01095     -4.60504     -1.52049      2.98206
  -0.0767114     0.847151  -0.00891629      2.01095    0.0238827      0.28359     -1.56246
  -0.0767114     0.847151  -0.00891629      2.01095     -3.11771     -0.28359      1.57913
   -0.710835      1.44514      1.56967      2.01095     -1.45748      1.51636     -0.15996
   -0.710835      1.44514      1.56967      2.01095     -4.59908     -1.51636      2.98163
   -0.710847      1.45662      1.57157      2.01095     -1.46709      1.52293    -0.159254
   -0.710847      1.45662      1.57157      2.01095     -4.60868     -1.52293      2.98234
  -0.0824842     0.847147   0.00586867      2.01095   -0.0157209      0.28354     -1.52042
  -0.0824842     0.847147   0.00586867      2.01095     -3.15731     -0.28354      1.62117
   -0.710862      1.44975      1.57048      2.01095     -1.46133      1.51904    -0.159684
   -0.710862      1.44975      1.57048      2.01095     -4.60292     -1.51904      2.98191
  -0.0737106      0.84717    -0.016602      2.01095    0.0444454     0.283808     -1.58429
  -0.0737106      0.84717    -0.016602      2.01095     -3.09715    -0.283808      1.55731
  -0.0886391     0.847189    0.0216321      2.01095   -0.0578806     0.284023     -1.47566
  -0.0886391     0.847189    0.0216321      2.01095     -3.19947    -0.284023      1.66593
    -0.71086      1.45408      1.57118      2.01095     -1.46495      1.52151    -0.159415
    -0.71086      1.45408      1.57118      2.01095     -4.60655     -1.52151      2.98218
  -0.0794832     0.847144  -0.00181744      2.01095   0.00486935     0.283505     -1.54228
  -0.0794832     0.847144  -0.00181744      2.01095     -3.13672    -0.283505      1.59932
   -0.710852       1.4475      1.57009      2.01095     -1.45945      1.51774     -0.15982
   -0.710852       1.4475      1.57009      2.01095     -4.60104     -1.51774      2.98177
   -0.710833      1.45841      1.57184      2.01095      -1.4686      1.52393    -0.159138
   -0.710833      1.45841      1.57184      2.01095     -4.61019     -1.52393      2.98245
  -0.0699452      0.84721   -0.0262454      2.01095    0.0701832     0.284268     -1.61161
  -0.0699452      0.84721   -0.0262454      2.01095     -3.07141    -0.284268      1.52998
   -0.085256      0.84716    0.0129675      2.01095    -0.034725     0.283689     -1.50025
   -0.085256      0.84716    0.0129675      2.01095     -3.17632    -0.283689      1.64135
   -0.710864      1.45154      1.57078      2.01095     -1.46283      1.52007    -0.159574
   -0.710864      1.45154      1.57078      2.01095     -4.60442     -1.52007      2.98202
  -0.0760998     0.847154    -0.010483      2.01095    0.0280768     0.283624     -1.56691
  -0.0760998     0.847154    -0.010483      2.01095     -3.11352    -0.283624      1.57468
    -0.71083      1.44468      1.56958      2.01095      -1.4571      1.51609    -0.159987
    -0.71083      1.44468      1.56958      2.01095      -4.5987     -1.51609      2.98161
    -0.71085      1.45616       1.5715      2.01095      -1.4667      1.52267    -0.159283
    -0.71085      1.45616       1.5715      2.01095      -4.6083     -1.52267      2.98231
  -0.0818726     0.847145   0.00430217      2.01095    -0.011525     0.283522     -1.52487
  -0.0818726     0.847145   0.00430217      2.01095     -3.15312    -0.283522      1.61672
   -0.710859      1.44901      1.57035      2.01095     -1.46071      1.51861    -0.159729
   -0.710859      1.44901      1.57035      2.01095      -4.6023     -1.51861      2.98186
  -0.0727166     0.847179   -0.0191476      2.01095    0.0512477      0.28391     -1.59151
  -0.0727166     0.847179   -0.0191476      2.01095     -3.09034     -0.28391      1.55008
  -0.0876451     0.847179    0.0190865      2.01095   -0.0510836     0.283907     -1.48288
  -0.0876451     0.847179    0.0190865      2.01095     -3.19268    -0.283907      1.65871
   -0.710862      1.45362      1.57111      2.01095     -1.46457      1.52125    -0.159444
   -0.710862      1.45362      1.57111      2.01095     -4.60616     -1.52125      2.98215
  -0.0784891     0.847145  -0.00436329      2.01095    0.0116894     0.283522     -1.54952
  -0.0784891     0.847145  -0.00436329      2.01095      -3.1299    -0.283522      1.59208
   -0.710847      1.44676      1.56996      2.01095     -1.45883       1.5173    -0.159864
   -0.710847      1.44676      1.56996      2.01095     -4.60042      -1.5173      2.98173
   -0.710835      1.45823      1.57181      2.01095     -1.46846      1.52383    -0.159149
   -0.710835      1.45823      1.57181      2.01095     -4.61005     -1.52383      2.98244
  -0.0842619     0.847154    0.0104215      2.01095   -0.0279115     0.283622     -1.50748
  -0.0842619     0.847154    0.0104215      2.01095      -3.1695    -0.283622      1.63411
   -0.710864      1.45109       1.5707      2.01095     -1.46244       1.5198    -0.159602
   -0.710864      1.45109       1.5707      2.01095     -4.60404      -1.5198      2.98199