   -1.35369     1.65118     1.57116     1.73928    -1.64999     1.58462    -1.09378
   -1.35369     1.65118     1.57116     1.73928    -4.79158    -1.58462     2.04782
    -1.3537     1.65516     1.57066     1.73928    -1.65399     1.58479     -1.0938
    -1.3537     1.65516     1.57066     1.73928    -4.79558    -1.58479      2.0478
   -0.78009     1.07147  -0.0099932     1.73928   0.0270003    0.330973    -2.28921
   -0.78009     1.07147  -0.0099932     1.73928    -3.11459   -0.330973    0.852381
  -0.784617     1.07147  0.00749749     1.73928  -0.0202591    0.330917    -2.24067
  -0.784617     1.07147  0.00749749     1.73928    -3.16185   -0.330917    0.900926
    -1.3537     1.65283     1.57096     1.73928    -1.65164     1.58469    -1.09379
    -1.3537     1.65283     1.57096     1.73928    -4.79324    -1.58469      2.0478
   -1.35369     1.65706     1.57039     1.73928    -1.65591     1.58485    -1.09379
   -1.35369     1.65706     1.57039     1.73928    -4.79751    -1.58485      2.0478
  -0.782264     1.07147 -0.00159496     1.73928   0.0043107    0.330849     -2.2659
  -0.782264     1.07147 -0.00159496     1.73928    -3.13728   -0.330849    0.875688
   -1.35369     1.65076     1.57121     1.73928    -1.64956      1.5846    -1.09377
   -1.35369     1.65076     1.57121     1.73928    -4.79116     -1.5846     2.04782
   -0.78679     1.07148   0.0158933     1.73928  -0.0429235    0.331168    -2.21739
   -0.78679     1.07148   0.0158933     1.73928    -3.18452   -0.331168    0.924207
    -1.3537     1.65473     1.57071     1.73928    -1.65357     1.58477     -1.0938
    -1.3537     1.65473     1.57071     1.73928    -4.79516    -1.58477      2.0478
  -0.779611     1.07147  -0.0118468     1.73928   0.0320051    0.331025    -2.29435
  -0.779611     1.07147  -0.0118468     1.73928    -3.10959   -0.331025     0.84724
   -1.35368     1.65871     1.57016     1.73928    -1.65757      1.5849    -1.09379
   -1.35368     1.65871     1.57016     1.73928    -4.79917     -1.5849      2.0478
  -0.784137     1.07147  0.00564384     1.73928  -0.0152512    0.330886    -2.24581
  -0.784137     1.07147  0.00564384     1.73928    -3.15684   -0.330886    0.895782
    -1.3537     1.65241     1.57101     1.73928    -1.65122     1.58467    -1.09379
    -1.3537     1.65241     1.57101     1.73928    -4.79281    -1.58467     2.04781
    -1.3537     1.65664     1.57045     1.73928    -1.65549     1.58484     -1.0938
    -1.3537     1.65664     1.57045     1.73928    -4.79708    -1.58484      2.0478
  -0.781484     1.07147 -0.00460726     1.73928   0.0124509    0.330873    -2.27427
  -0.781484     1.07147 -0.00460726     1.73928    -3.12914   -0.330873    0.867326
   -1.35369     1.65034     1.57126     1.73928    -1.64914     1.58458    -1.09377
   -1.35369     1.65034     1.57126     1.73928    -4.79073    -1.58458     2.04782
  -0.786311     1.07148   0.0140418     1.73928  -0.0379286    0.331097    -2.22252
  -0.786311     1.07148   0.0140418     1.73928    -3.17952   -0.331097    0.919076
    -1.3537     1.65405      1.5708     1.73928    -1.65288     1.58474    -1.09379
    -1.3537     1.65405      1.5708     1.73928    -4.79447    -1.58474      2.0478
  -0.778831     1.07148  -0.0148568     1.73928   0.0401282    0.331127     -2.3027
  -0.778831     1.07148  -0.0148568     1.73928    -3.10146   -0.331127    0.838896
   -1.35369     1.65829     1.57022     1.73928    -1.65715     1.58488    -1.09379
   -1.35369     1.65829     1.57022     1.73928    -4.79874    -1.58488      2.0478
  -0.783658     1.07147  0.00379109     1.73928   -0.010245    0.330864    -2.25095
  -0.783658     1.07147  0.00379109     1.73928    -3.15184   -0.330864    0.890639
    -1.3537     1.65198     1.57106     1.73928     -1.6508     1.58466    -1.09378
    -1.3537     1.65198     1.57106     1.73928    -4.79239    -1.58466     2.04781
    -1.3537     1.65596     1.57055     1.73928     -1.6548     1.58482     -1.0938
    -1.3537     1.65596     1.57055     1.73928    -4.79639    -1.58482      2.0478
  -0.781005     1.07147 -0.00645983     1.73928   0.0174564    0.330899    -2.27941
  -0.781005     1.07147 -0.00645983     1.73928    -3.12414   -0.330899    0.862185
   -1.35369     1.64965     1.57134     1.73928    -1.64845     1.58454    -1.09376
   -1.35369     1.64965     1.57134     1.73928    -4.79004    -1.58454     2.04783
  -0.785531     1.07147   0.0110288     1.73928   -0.029796    0.331001    -2.23087
  -0.785531     1.07147   0.0110288     1.73928    -3.17139   -0.331001    0.910722
    -1.3537     1.65363     1.57086     1.73928    -1.65245     1.58473    -1.09379
    -1.3537     1.65363     1.57086     1.73928    -4.79404    -1.58473      2.0478
   -1.35369     1.65787     1.57028     1.73928    -1.65672     1.58487    -1.09379
   -1.35369     1.65787     1.57028     1.73928    -4.79832    -1.58487      2.0478
  -0.783178     1.07147   0.0019384     1.73928 -0.00523832     0.33085     -2.2561
  -0.783178     1.07147   0.0019384     1.73928    -3.14683    -0.33085    0.885497
    -1.3537     1.65156     1.57111     1.73928    -1.65037     1.58464    -1.09378
    -1.3537     1.65156     1.57111     1.73928    -4.79196    -1.58464     2.04781
    -1.3537     1.65554      1.5706     1.73928    -1.65437      1.5848     -1.0938
    -1.3537     1.65554      1.5706     1.73928    -4.79597     -1.5848      2.0478
  -0.780525     1.07147 -0.00831252     1.73928   0.0224612    0.330934    -2.28455
  -0.780525     1.07147 -0.00831252     1.73928    -3.11913   -0.330934    0.857044
   -1.35368     1.64923     1.57139     1.73928    -1.64803     1.58452    -1.09376
   -1.35368     1.64923     1.57139     1.73928    -4.78962    -1.58452     2.04784
  -0.784752     1.07147   0.0080176     1.73928   -0.021664    0.330927    -2.23922
  -0.784752     1.07147   0.0080176     1.73928    -3.16326   -0.330927    0.902369
    -1.3537     1.65321     1.57091     1.73928    -1.65203     1.58471    -1.09379
    -1.3537     1.65321     1.57091     1.73928    -4.79362    -1.58471      2.0478
   -1.35369     1.65718     1.57038     1.73928    -1.65603     1.58485    -1.09379
   -1.35369     1.65718     1.57038     1.73928    -4.79763    -1.58485      2.0478
  -0.782399     1.07147 -0.00107288     1.73928  0.00289978    0.330847    -2.26446
  -0.782399     1.07147 -0.00107288     1.73928    -3.13869   -0.330847    0.877138
   -1.35369     1.65114     1.57116     1.73928    -1.64995     1.58462    -1.09378
   -1.35369     1.65114     1.57116     1.73928    -4.79154    -1.58462     2.04782