    0.241988     0.911309  -0.00839743      1.43287   0.00927453     0.797449     -1.30553
    0.230432     0.911374    0.0313638      1.43287   -0.0346274     0.797884     -1.26206
   -0.254607      1.37099      1.56951      1.43287     -1.37267      1.59684    -0.355165
    -0.25459      1.37989      1.57276      1.43287     -1.38192       1.5988    -0.354766
    0.248898     0.911377   -0.0321725      1.43287    0.0355198     0.797909     -1.33151
    0.237631     0.911308   0.00659546      1.43287  -0.00728424     0.797436     -1.28913
   -0.254542      1.36553      1.56736      1.43287     -1.36697      1.59549    -0.355387
   -0.254619      1.37443       1.5708      1.43287     -1.37625      1.59763    -0.355017
   -0.254538      1.38356      1.57402      1.43287     -1.38573      1.59953    -0.354586
    0.244541     0.911325   -0.0171839      1.43287     0.018977     0.797556     -1.31513
    0.232985      0.91134    0.0225793      1.43287   -0.0249332     0.797658     -1.27165
    -0.25459      1.36897      1.56873      1.43287     -1.37056      1.59635    -0.355249
   -0.254606       1.3781      1.57213      1.43287     -1.38007      1.59843     -0.35485
    0.240184     0.911305  -0.00219198      1.43287   0.00242106     0.797418     -1.29874
    0.228629     0.911404    0.0375663      1.43287   -0.0414687     0.798088     -1.25528
   -0.254615      1.37241      1.57005      1.43287     -1.37415      1.59717    -0.355105
    -0.25457      1.38155      1.57333      1.43287     -1.38364      1.59913    -0.354686
    0.247095     0.911352   -0.0259694      1.43287    0.0286751     0.797737     -1.32474
    0.235539     0.911318    0.0137937      1.43287   -0.0152335     0.797506     -1.28126
   -0.254565      1.36695      1.56793      1.43287     -1.36846      1.59585    -0.355331
   -0.254616      1.37609      1.57141      1.43287     -1.37797      1.59799    -0.354943
    0.242449     0.911312  -0.00998603      1.43287    0.0110289     0.797463     -1.30726
    0.231182     0.911363     0.028783      1.43287   -0.0317799      0.79781     -1.26487
   -0.254605      1.37062      1.56937      1.43287     -1.37229      1.59675     -0.35518
   -0.254593      1.37953      1.57263      1.43287     -1.38154      1.59872    -0.354783
    0.249648      0.91139   -0.0347529      1.43287    0.0383662     0.797991     -1.33433
    0.238092     0.911306   0.00500685      1.43287  -0.00552974     0.797427     -1.29087
   -0.254532      1.36493      1.56712      1.43287     -1.36635      1.59534     -0.35541
   -0.254618      1.37407      1.57067      1.43287     -1.37587      1.59755    -0.355033
   -0.254548      1.38297      1.57382      1.43287     -1.38511      1.59941    -0.354616
    0.245003     0.911329   -0.0187726      1.43287    0.0207311     0.797583     -1.31687
    0.233447     0.911336    0.0209917      1.43287   -0.0231807     0.797625     -1.27339
   -0.254586      1.36861      1.56859      1.43287     -1.37018      1.59626    -0.355264
   -0.254609      1.37751      1.57192      1.43287     -1.37945       1.5983    -0.354877
    0.240646     0.911306  -0.00378062      1.43287   0.00417564     0.797422     -1.30048
    0.229091     0.911396    0.0359788      1.43287    -0.039718     0.798032     -1.25702
   -0.254613      1.37205      1.56991      1.43287     -1.37377      1.59709     -0.35512
   -0.254577      1.38095      1.57313      1.43287     -1.38302      1.59901    -0.354715
    0.247556     0.911358   -0.0275574      1.43287    0.0304276     0.797777     -1.32647
    0.236289     0.911313    0.0112116      1.43287   -0.0123822     0.797475     -1.28408
   -0.254559      1.36659      1.56779      1.43287     -1.36808      1.59576    -0.355345
   -0.254617      1.37572      1.57127      1.43287     -1.37759      1.59792    -0.354959
      0.2432     0.911316   -0.0125674      1.43287    0.0138795     0.797491     -1.31009
    0.231644     0.911357    0.0271953      1.43287   -0.0300279     0.797768     -1.26661
   -0.254602      1.37026      1.56923      1.43287     -1.37191      1.59667    -0.355195
   -0.254597      1.37916      1.57251      1.43287     -1.38117      1.59865    -0.354801
    0.250109     0.911398   -0.0363403      1.43287     0.040117     0.798045     -1.33606
    0.238554     0.911305   0.00341789      1.43287  -0.00377483     0.797421      -1.2926
   -0.254525      1.36457      1.56698      1.43287     -1.36597      1.59525    -0.355424
   -0.254618      1.37347      1.57045      1.43287     -1.37525      1.59741    -0.355058
   -0.254554      1.38261      1.57369      1.43287     -1.38474      1.59934    -0.354634
    0.245753     0.911337   -0.0213535      1.43287    0.0235802     0.797633     -1.31969
    0.234197     0.911328    0.0184101      1.43287   -0.0203307     0.797577     -1.27621
   -0.254579      1.36801      1.56835      1.43287     -1.36956      1.59612    -0.355288
   -0.254611      1.37715      1.57179      1.43287     -1.37907      1.59822    -0.354894
    0.241108     0.911307  -0.00536875      1.43287   0.00592965     0.797429     -1.30221
    0.229552     0.911388    0.0343908      1.43287   -0.0379666     0.797979     -1.25875
   -0.254611      1.37168      1.56977      1.43287     -1.37339        1.597    -0.355136
   -0.254582      1.38059        1.573      1.43287     -1.38265      1.59894    -0.354733
    0.248018     0.911364   -0.0291456      1.43287    0.0321802      0.79782     -1.32821
    0.236751     0.911311   0.00962415      1.43287   -0.0106291     0.797459     -1.28582
    -0.25455      1.36599      1.56755      1.43287     -1.36746      1.59561    -0.355369
   -0.254618      1.37513      1.57106      1.43287     -1.37697      1.59778    -0.354986
    -0.25453      1.38403      1.57417      1.43287     -1.38621      1.59962    -0.354563
    0.243661     0.911319   -0.0141559      1.43287    0.0156337     0.797511     -1.31182
    0.232394     0.911347    0.0246142      1.43287   -0.0271793     0.797704     -1.26943
   -0.254597      1.36967        1.569      1.43287     -1.37129      1.59652     -0.35522
   -0.254602      1.37857       1.5723      1.43287     -1.38055      1.59853    -0.354828
    0.250571     0.911406   -0.0379282      1.43287     0.041868     0.798101      -1.3378
    0.239304     0.911305  0.000836223      1.43287 -0.000923476     0.797416     -1.29543
   -0.254617      1.37311      1.57031      1.43287     -1.37487      1.59733    -0.355075
    -0.25456      1.38224      1.57357      1.43287     -1.38436      1.59927    -0.354652
    0.246215     0.911342   -0.0229421      1.43287    0.0253339     0.797666     -1.32143
    0.234659     0.911325    0.0168217      1.43287   -0.0185769      0.79755     -1.27795
   -0.254574      1.36765      1.56821      1.43287     -1.36918      1.59603    -0.355303
   -0.254613      1.37678      1.57166      1.43287     -1.37869      1.59815    -0.354911
    0.241569     0.911308  -0.00695792      1.43287   0.00768475     0.797439     -1.30395
    0.230302     0.911376    0.0318107      1.43287   -0.0351204     0.797898     -1.26157
   -0.254608      1.37109      1.56955      1.43287     -1.37277      1.59686    -0.355161
   -0.254586      1.38022      1.57288      1.43287     -1.38227      1.59887     -0.35475
    0.248768     0.911375   -0.0317257      1.43287    0.0350268     0.797895     -1.33102
    0.237212     0.911309   0.00803497      1.43287  -0.00887404     0.797446     -1.28756
   -0.254544      1.36563      1.56741      1.43287     -1.36708      1.59552    -0.355383
   -0.254619      1.37453      1.57084      1.43287     -1.37636      1.59765    -0.355012
   -0.254536      1.38367      1.57405      1.43287     -1.38583      1.59955    -0.354582
    0.244412     0.911324   -0.0167372      1.43287    0.0184838     0.797549     -1.31464
    0.232856     0.911342    0.0230265      1.43287   -0.0254268     0.797668     -1.27117
   -0.254591      1.36907      1.56877      1.43287     -1.37067      1.59638    -0.355245
   -0.254605      1.37821      1.57217      1.43287     -1.38017      1.59845    -0.354846
    0.239766     0.911305 -0.000751898      1.43287  0.000830549     0.797416     -1.29716
   -0.254616      1.37274      1.57017      1.43287     -1.37449      1.59725     -0.35509
   -0.254568      1.38165      1.57337      1.43287     -1.38374      1.59915    -0.354681
    0.246676     0.911347   -0.0245299      1.43287    0.0270864     0.797702     -1.32316
     0.23512     0.911321    0.0152334      1.43287   -0.0168232     0.797526     -1.27968
   -0.254569      1.36728      1.56807      1.43287      -1.3688      1.59594    -0.355317
   -0.254615      1.37642      1.57153      1.43287     -1.37831      1.59807    -0.354928
     0.24232     0.911311  -0.00953929      1.43287    0.0105356     0.797459     -1.30677
    0.230764     0.911369    0.0302228      1.43287   -0.0333686     0.797851      -1.2633