  0.0409356     1.26228 -0.00703004     1.85847    0.310941   0.0218943     -1.7834
  0.0362978     1.26229   0.0190086     1.85847   -0.714548   0.0276395   -0.754904
  0.0388471     1.26228  0.00469615     1.85847   -0.211491   0.0213149    -1.25962
  0.0413965     1.26228 -0.00961736     1.85847    0.414119    0.022775    -1.88688
  0.0370468     1.26229   0.0148038     1.85847   -0.594506   0.0251862   -0.875433
  0.0395961     1.26228 0.000490658     1.85847  -0.0224273   0.0208455    -1.44917
  0.0418573     1.26229  -0.0122051     1.85847    0.508684    0.023879    -1.98175
  0.0375077     1.26229   0.0122165     1.85847   -0.509074    0.023884   -0.961163
   0.040057     1.26228  -0.0020969     1.85847   0.0955901   0.0209368    -1.56748
  0.0426063     1.26229  -0.0164102     1.85847    0.643032    0.026077    -2.11658
  0.0382567     1.26228  0.00801145     1.85847   -0.351024   0.0221998     -1.1197
  0.0405179     1.26228 -0.00468473     1.85847       0.211   0.0213121    -1.68319
  0.0361682     1.26229   0.0197359     1.85847   -0.733102   0.0281015   -0.736266
  0.0430672     1.26229  -0.0189971     1.85847    0.714254    0.027633     -2.1881
  0.0387176     1.26228  0.00542363     1.85847   -0.243049   0.0214737    -1.22797