  -0.815095     1.64758     1.57166     1.82917    -1.64482     1.59123   -0.438339
  -0.815131      1.6582      1.5704     1.82917    -1.65541     1.59272   -0.438496
  -0.223716     1.05019  0.00311244     1.82917  -0.0104149    0.262244    -1.66373
  -0.815129     1.65169     1.57121     1.82917    -1.64891     1.59185   -0.438423
  -0.815097     1.66257     1.56978     1.82917     -1.6598     1.59324   -0.438504
  -0.216212     1.05023  -0.0239103     1.82917   0.0798302    0.263118    -1.75682
  -0.228447     1.05022   0.0201506     1.82917  -0.0673221    0.262861    -1.60503
  -0.815137     1.65606     1.57068     1.82917    -1.65328     1.59245    -0.43848
  -0.220943      1.0502 -0.00687331     1.82917   0.0229973    0.262302     -1.6982
  -0.815112     1.64928     1.57148     1.82917    -1.64651     1.59149   -0.438377
  -0.815119     1.66017     1.57013     1.82917    -1.65739     1.59296   -0.438504
  -0.225988      1.0502    0.011294     1.82917  -0.0377752    0.262427    -1.63551
  -0.815136     1.65366     1.57098     1.82917    -1.65087     1.59212   -0.438453
  -0.218483     1.05021  -0.0157309     1.82917   0.0525903    0.262614    -1.72872
  -0.230719     1.05024   0.0283289     1.82917  -0.0944936    0.263476      -1.577
  -0.815087     1.64688     1.57173     1.82917    -1.64412     1.59112   -0.438322
  -0.815133     1.65776     1.57046     1.82917    -1.65498     1.59267   -0.438493
  -0.223215     1.05019  0.00130716     1.82917 -0.00437401    0.262232    -1.66997
  -0.815127     1.65125     1.57126     1.82917    -1.64848     1.59178   -0.438415
  -0.815101     1.66214     1.56984     1.82917    -1.65937     1.59319   -0.438504
   -0.21571     1.05023  -0.0257148     1.82917   0.0858237    0.263257    -1.76301
  -0.227946     1.05021   0.0183444     1.82917  -0.0613047    0.262753    -1.61124
  -0.815138     1.65536     1.57077     1.82917    -1.65257     1.59235   -0.438473
  -0.220442      1.0502 -0.00867918     1.82917   0.0290361    0.262346    -1.70443
  -0.815108     1.64885     1.57153     1.82917    -1.64608     1.59143   -0.438368
  -0.815122     1.65973     1.57019     1.82917    -1.65695     1.59291   -0.438502
  -0.225173      1.0502  0.00835949     1.82917  -0.0279665    0.262338    -1.64563
  -0.815134     1.65295     1.57107     1.82917    -1.65017     1.59202   -0.438443
  -0.815081     1.66384     1.56959     1.82917    -1.66107     1.59338   -0.438499
  -0.217669     1.05021  -0.0186645     1.82917   0.0623723    0.262771    -1.73881
  -0.230217     1.05023   0.0265242     1.82917  -0.0885094    0.263322    -1.58317
  -0.815081     1.64644     1.57178     1.82917    -1.64369     1.59105   -0.438311
  -0.815134     1.65733     1.57051     1.82917    -1.65454     1.59261    -0.43849
    -0.2224     1.05019 -0.00162686     1.82917  0.00544453    0.262233    -1.68009
  -0.815124     1.65082     1.57131     1.82917    -1.64804     1.59172   -0.438407
  -0.815109     1.66143     1.56995     1.82917    -1.65866     1.59311   -0.438505
  -0.214896     1.05024  -0.0286478     1.82917   0.0955512    0.263504    -1.77304
  -0.227445     1.05021     0.01654     1.82917  -0.0552888    0.262655    -1.61745
  -0.815138     1.65492     1.57082     1.82917    -1.65214      1.5923   -0.438468
   -0.21994      1.0502  -0.0104841     1.82917   0.0350694      0.2624    -1.71065
  -0.815104     1.64841     1.57157     1.82917    -1.64565     1.59136   -0.438358
  -0.815127     1.65903     1.57029     1.82917    -1.65624     1.59282     -0.4385
  -0.224672      1.0502  0.00655393     1.82917  -0.0219284    0.262296    -1.65186
  -0.815133     1.65252     1.57112     1.82917    -1.64973     1.59196   -0.438436
   -0.81509     1.66313      1.5697     1.82917    -1.66036      1.5933   -0.438502
  -0.216854     1.05022  -0.0215973     1.82917   0.0721383    0.262955    -1.74889
  -0.229716     1.05023   0.0247198     1.82917  -0.0825189    0.263179    -1.58935
  -0.815136     1.65689     1.57057     1.82917    -1.65411     1.59255   -0.438487
  -0.221898     1.05019 -0.00343181     1.82917   0.0114842    0.262247    -1.68632
  -0.815119     1.65011     1.57139     1.82917    -1.64734     1.59162   -0.438394
  -0.815112       1.661     1.57001     1.82917    -1.65822     1.59306   -0.438505
   -0.22663      1.0502   0.0136063     1.82917  -0.0454985    0.262517    -1.62755
  -0.815137     1.65422     1.57091     1.82917    -1.65143      1.5922    -0.43846
  -0.219439      1.0502  -0.0122899     1.82917    0.041103    0.262464    -1.71687
  -0.815097     1.64771     1.57165     1.82917    -1.64495     1.59125   -0.438342
  -0.815129     1.65859     1.57035     1.82917    -1.65581     1.59277   -0.438498
  -0.223857     1.05019  0.00362031     1.82917  -0.0121143    0.262249    -1.66198
   -0.81513     1.65181      1.5712     1.82917    -1.64903     1.59186   -0.438425
  -0.815095      1.6627     1.56976     1.82917    -1.65992     1.59325   -0.438503
  -0.216353     1.05023  -0.0234029     1.82917   0.0781435    0.263081    -1.75508
  -0.228901     1.05022   0.0217862     1.82917  -0.0727663    0.262967    -1.59942
  -0.815137     1.65619     1.57066     1.82917     -1.6534     1.59246   -0.438481
  -0.221397     1.05019 -0.00523771     1.82917   0.0175262    0.262272    -1.69255
  -0.815118     1.64995     1.57141     1.82917    -1.64718     1.59159   -0.438391
  -0.815118     1.66029     1.57011     1.82917    -1.65751     1.59297   -0.438504
  -0.226129      1.0502   0.0118012     1.82917  -0.0394696    0.262446    -1.63376
  -0.815137     1.65378     1.57096     1.82917      -1.651     1.59214   -0.438454
  -0.218624     1.05021   -0.015224     1.82917   0.0508992     0.26259    -1.72698
  -0.815088       1.647     1.57172     1.82917    -1.64424     1.59114   -0.438325
  -0.815132     1.65789     1.57044     1.82917     -1.6551     1.59268   -0.438494