  -0.0665952      1.47368       1.5706      1.46718     -1.47418      1.58063      2.97185
  -0.0665336      1.48299      1.57213      1.46718     -1.48359      1.58119      2.97196
     0.43291     0.990242  -0.00547233      1.46718   0.00723973     0.684188      1.99509
  -0.0665552      1.46812      1.56954      1.46718     -1.46854      1.58015      2.97184
  -0.0665897      1.47742      1.57125      1.46718     -1.47797      1.58089      2.97188
    0.439565     0.990298   -0.0308666      1.46718    0.0408136      0.68474      1.96181
    0.428714     0.990247    0.0105408      1.46718   -0.0139441     0.684237       2.0161
  -0.0665871      1.47163      1.57022      1.46718      -1.4721      1.58047      2.97184
  -0.0665611      1.48093      1.57182      1.46718     -1.48152      1.58109      2.97192
    0.435369     0.990254   -0.0148582      1.46718    0.0196546     0.684303      1.98279
     0.42424     0.990287    0.0276119      1.46718   -0.0365138     0.684626      2.03847
  -0.0665259      1.46606      1.56911      1.46718     -1.46645      1.57994      2.97184
   -0.066596      1.47537       1.5709      1.46718     -1.47589      1.58076      2.97186
    0.431173     0.990241   0.00115544      1.46718  -0.00152848     0.684171      2.00379
  -0.0665734       1.4698      1.56987      1.46718     -1.47025      1.58031      2.97184
  -0.0665806      1.47888      1.57149      1.46718     -1.47944      1.58098      2.97189
    0.437828     0.990276   -0.0242418      1.46718    0.0320606     0.684522      1.97049
    0.426699     0.990261    0.0182287      1.46718   -0.0241113     0.684369      2.02618
  -0.0665943      1.47331      1.57053      1.46718      -1.4738       1.5806      2.97185
  -0.0665392      1.48262      1.57207      1.46718     -1.48322      1.58117      2.97195
    0.433632     0.990245  -0.00823009      1.46718    0.0108879     0.684211      1.99148
  -0.0665505      1.46775      1.56946      1.46718     -1.46816      1.58012      2.97184
  -0.0665924      1.47682      1.57115      1.46718     -1.47736      1.58085      2.97187
    0.429158     0.990245   0.00884393      1.46718   -0.0116996     0.684218      2.01387
  -0.0665849      1.47126      1.57015      1.46718     -1.47172      1.58044      2.97184
  -0.0665676      1.48033      1.57172      1.46718     -1.48091      1.58106      2.97191
    0.435814     0.990257   -0.0165549      1.46718    0.0218984     0.684334      1.98056
    0.424963     0.990278    0.0248556      1.46718   -0.0328715      0.68454      2.03486
  -0.0665963      1.47476       1.5708      1.46718     -1.47528      1.58071      2.97186
    0.431618     0.990241 -0.000542045      1.46718  0.000717232     0.684171      2.00156
  -0.0665675       1.4692      1.56975      1.46718     -1.46963      1.58025      2.97184
  -0.0665834       1.4785      1.57143      1.46718     -1.47906      1.58096      2.97189
    0.438273     0.990281   -0.0259372      1.46718    0.0343011     0.684573      1.96826
    0.427422     0.990255    0.0154718      1.46718   -0.0204659     0.684314      2.02256
  -0.0665932      1.47294      1.57047      1.46718     -1.47343      1.58058      2.97184
  -0.0665477      1.48201      1.57198      1.46718     -1.48261      1.58114      2.97194
    0.434077     0.990247  -0.00992703      1.46718    0.0131326     0.684229      1.98925
    0.422948     0.990304    0.0325407      1.46718   -0.0430244     0.684803      2.04493
  -0.0665423      1.46714      1.56934      1.46718     -1.46755      1.58006      2.97184
  -0.0665937      1.47645      1.57109      1.46718     -1.47698      1.58083      2.97187
    0.429603     0.990244   0.00714701      1.46718  -0.00945489     0.684201      2.01165
  -0.0665823      1.47088      1.57008      1.46718     -1.47134       1.5804      2.97184
  -0.0665713      1.47996      1.57166      1.46718     -1.48053      1.58104      2.97191
    0.436536     0.990263   -0.0193113      1.46718     0.025543     0.684394      1.97695
    0.425407     0.990273    0.0231591      1.46718   -0.0306293     0.684491      2.03264
  -0.0665962      1.47439      1.57073      1.46718      -1.4749      1.58069      2.97185
    0.432062     0.990241  -0.00223839      1.46718   0.00296144     0.684174      1.99934
  -0.0665635      1.46883      1.56968      1.46718     -1.46926      1.58022      2.97184
  -0.0665872       1.4779      1.57133      1.46718     -1.47845      1.58092      2.97188
    0.438995      0.99029   -0.0286942      1.46718     0.037944     0.684663      1.96465
    0.427866     0.990252    0.0137756      1.46718   -0.0182227     0.684284      2.02034
  -0.0665908      1.47234      1.57035      1.46718     -1.47281      1.58053      2.97184
  -0.0665525      1.48164      1.57193      1.46718     -1.48223      1.58113      2.97193
    0.434522     0.990249   -0.0116244      1.46718    0.0153777     0.684251      1.98703
    0.423393     0.990298    0.0308445      1.46718   -0.0407842     0.684739      2.04271
  -0.0665369      1.46677      1.56926      1.46718     -1.46717      1.58002      2.97184
  -0.0665952      1.47584      1.57099      1.46718     -1.47637      1.58079      2.97186
    0.430326     0.990242   0.00438935      1.46718  -0.00580679     0.684182      2.00803
  -0.0665776      1.47028      1.56996      1.46718     -1.47073      1.58035      2.97184
  -0.0665748      1.47959      1.57161      1.46718     -1.48015      1.58102       2.9719
    0.436981     0.990267   -0.0210073      1.46718    0.0277852     0.684435      1.97472
    0.425852     0.990268     0.021462      1.46718    -0.028386     0.684446      2.03042
  -0.0665958      1.47402      1.57066      1.46718     -1.47452      1.58066      2.97185
  -0.0665321      1.48309      1.57214      1.46718      -1.4837      1.58119      2.97196
    0.432785     0.990242  -0.00499567      1.46718   0.00660916     0.684186      1.99572
  -0.0665593      1.46846       1.5696      1.46718     -1.46888      1.58018      2.97184
  -0.0665893      1.47753      1.57127      1.46718     -1.47807       1.5809      2.97188
     0.43944     0.990296   -0.0303905      1.46718    0.0401847     0.684722      1.96243
    0.428311     0.990249    0.0120783      1.46718   -0.0159777     0.684258      2.01811
   -0.066589      1.47196      1.57029      1.46718     -1.47244       1.5805      2.97184
  -0.0665599      1.48104      1.57183      1.46718     -1.48162       1.5811      2.97192
    0.435244     0.990253   -0.0143809      1.46718    0.0190234     0.684294      1.98341
    0.424115     0.990288     0.028089      1.46718   -0.0371442     0.684642       2.0391
  -0.0665275      1.46617      1.56914      1.46718     -1.46655      1.57996      2.97184
  -0.0665959      1.47547      1.57092      1.46718     -1.47599      1.58076      2.97186
     0.43077     0.990241    0.0026935      1.46718  -0.00356329     0.684175      2.00581
  -0.0665744      1.46991      1.56989      1.46718     -1.47035      1.58032      2.97184
   -0.066578      1.47921      1.57155      1.46718     -1.47978        1.581       2.9719
    0.437425     0.990272   -0.0227045      1.46718    0.0300288     0.684479       1.9725
    0.426296     0.990264    0.0197665      1.46718   -0.0261445     0.684404      2.02819
  -0.0665946      1.47342      1.57055      1.46718     -1.47391      1.58061      2.97185
  -0.0665376      1.48272      1.57209      1.46718     -1.48332      1.58117      2.97195