   -0.277582       1.0437  -0.00313404      1.38613   0.00414706     0.711767    -0.282298
   -0.751251      1.50414      1.57014      1.38613     -1.50515      1.58239     0.635237
   -0.751261      1.51303      1.57123      1.38613     -1.51409      1.58183     0.635194
    -0.27143      1.04375   -0.0299775      1.38613     0.039647     0.712301    -0.316525
   -0.281718      1.04371    0.0149147      1.38613   -0.0197326     0.711895    -0.259274
   -0.751273      1.50749      1.57059      1.38613     -1.50853      1.58221     0.635205
   -0.751225      1.51638      1.57157      1.38613     -1.51745      1.58154     0.635212
   -0.275308      1.04371    -0.013055      1.38613    0.0172729     0.711864    -0.294954
   -0.751228      1.50218      1.56986      1.38613     -1.50317      1.58247     0.635264
   -0.751272      1.51107      1.57102      1.38613     -1.51212      1.58198     0.635192
   -0.279444       1.0437     0.004994      1.38613  -0.00660786     0.711776    -0.271928
   -0.751264      1.50575      1.57036      1.38613     -1.50677      1.58231     0.635219
   -0.751249      1.51442      1.57138      1.38613     -1.51548      1.58171     0.635199
   -0.273292      1.04373   -0.0218535      1.38613    0.0289091     0.712048    -0.306173
   -0.283323      1.04373    0.0219204      1.38613   -0.0289974      0.71205    -0.250341
   -0.751276       1.5091      1.57079      1.38613     -1.51015      1.58211     0.635197
   -0.277171       1.0437  -0.00492746      1.38613   0.00652004     0.711776    -0.284586
   -0.751248      1.50379      1.57009      1.38613     -1.50479       1.5824     0.635241
   -0.751265      1.51245      1.57117      1.38613     -1.51351      1.58187     0.635193
    -0.28105      1.04371    0.0119997      1.38613   -0.0158766     0.711848    -0.262992
   -0.751272      1.50714      1.57054      1.38613     -1.50817      1.58223     0.635208
   -0.751229      1.51603      1.57153      1.38613     -1.51709      1.58157     0.635209
   -0.274897      1.04371   -0.0148483      1.38613     0.019645     0.711894    -0.297241
   -0.285185      1.04375    0.0300444      1.38613   -0.0397352     0.712303    -0.239989
   -0.751223      1.50182      1.56981      1.38613     -1.50281      1.58248      0.63527
   -0.751274      1.51049      1.57095      1.38613     -1.51154      1.58202     0.635193
   -0.279033       1.0437   0.00320029      1.38613  -0.00423448     0.711768    -0.274217
    -0.75126      1.50517      1.57029      1.38613     -1.50619      1.58234     0.635225
   -0.751252      1.51406      1.57134      1.38613     -1.51513      1.58174     0.635197
   -0.272624      1.04373   -0.0247681      1.38613    0.0327624      0.71213    -0.309888
   -0.282912      1.04372     0.020126      1.38613   -0.0266248     0.712005    -0.252629
   -0.751275      1.50853      1.57072      1.38613     -1.50957      1.58215     0.635199
    -0.27676       1.0437  -0.00672087      1.38613   0.00889295     0.711789    -0.286874
   -0.751241      1.50321      1.57001      1.38613     -1.50421      1.58243     0.635249
   -0.751267       1.5121      1.57113      1.38613     -1.51316       1.5819     0.635192
   -0.280639      1.04371    0.0102066      1.38613   -0.0135045     0.711824    -0.265279
    -0.75127      1.50678       1.5705      1.38613     -1.50781      1.58225     0.635211
   -0.751237      1.51545      1.57148      1.38613     -1.51652      1.58162     0.635205
   -0.274486      1.04372   -0.0166418      1.38613    0.0220172     0.711928    -0.299528
   -0.284517      1.04374    0.0271307      1.38613   -0.0358848     0.712204    -0.243701
   -0.751218      1.50147      1.56975      1.38613     -1.50245      1.58249     0.635275
   -0.751275      1.51013      1.57091      1.38613     -1.51119      1.58204     0.635193
   -0.278365       1.0437  0.000285298      1.38613 -0.000377388     0.711762    -0.277936
   -0.751257      1.50482      1.57024      1.38613     -1.50583      1.58235     0.635229
   -0.751257      1.51349      1.57128      1.38613     -1.51455      1.58179     0.635195
   -0.272213      1.04374   -0.0265603      1.38613    0.0351313     0.712185    -0.312172
   -0.282501      1.04372    0.0183332      1.38613    -0.024254     0.711963    -0.254915
   -0.751275      1.50817      1.57068      1.38613     -1.50921      1.58217     0.635201
   -0.751214      1.51706      1.57163      1.38613     -1.51813      1.58147     0.635219
   -0.276092      1.04371  -0.00963607      1.38613    0.0127499     0.711817    -0.290593
   -0.751237      1.50285      1.56996      1.38613     -1.50385      1.58244     0.635254
    -0.75127      1.51152      1.57107      1.38613     -1.51258      1.58194     0.635192
   -0.279971       1.0437   0.00729179      1.38613   -0.0096481     0.711793    -0.268997
   -0.751268      1.50643      1.57045      1.38613     -1.50746      1.58227     0.635213
   -0.751241       1.5151      1.57144      1.38613     -1.51616      1.58165     0.635203
   -0.273818      1.04372   -0.0195561      1.38613    0.0258713     0.711991    -0.303244
   -0.284106      1.04373    0.0253381      1.38613   -0.0335156     0.712147    -0.245985
   -0.751212      1.50111       1.5697      1.38613     -1.50209      1.58251     0.635281
   -0.751275      1.50978      1.57087      1.38613     -1.51083      1.58207     0.635194
   -0.277954       1.0437  -0.00150818      1.38613   0.00199573     0.711763    -0.280224
   -0.751252      1.50424      1.57016      1.38613     -1.50525      1.58238     0.635236
    -0.75126      1.51313      1.57125      1.38613     -1.51419      1.58182     0.635194
   -0.271802      1.04374   -0.0283538      1.38613    0.0375015     0.712244    -0.314457
    -0.28209      1.04372    0.0165404      1.38613   -0.0218829     0.711926    -0.257201
   -0.751274      1.50781      1.57063      1.38613     -1.50885      1.58219     0.635203
   -0.751223      1.51648      1.57158      1.38613     -1.51755      1.58153     0.635213
   -0.275681      1.04371   -0.0114295      1.38613    0.0151226      0.71184    -0.292881
   -0.751229      1.50228      1.56987      1.38613     -1.50327      1.58246     0.635262
   -0.751272      1.51117      1.57103      1.38613     -1.51222      1.58197     0.635192
    -0.27956       1.0437   0.00549838      1.38613  -0.00727521      0.71178    -0.271285
   -0.751264      1.50563      1.57035      1.38613     -1.50665      1.58231     0.635221
   -0.751248      1.51452      1.57139      1.38613     -1.51558       1.5817       0.6352
    -0.27315      1.04373   -0.0224698      1.38613     0.029724     0.712065    -0.306959
   -0.283439      1.04373    0.0224243      1.38613   -0.0296637     0.712063    -0.249699
   -0.751276      1.50942      1.57083      1.38613     -1.51047      1.58209     0.635195
   -0.277543       1.0437  -0.00330189      1.38613   0.00436915     0.711768    -0.282512