    -1.90306      1.47885      1.56979      2.02142     -1.48842      1.52989     -1.36392
     -1.9031      1.49035      1.57119      2.02142     -1.49818      1.53614     -1.36347
    -1.25892     0.873947   -0.0354037      2.02142     0.110811     0.247998     -2.86964
    -1.27355     0.873831   0.00322664      2.02142    -0.010145      0.24636     -2.74218
     -1.9031      1.48318      1.57036      2.02142     -1.49208      1.53228     -1.36376
    -1.90306      1.49468      1.57162      2.02142      -1.5019      1.53841     -1.36328
    -1.26458     0.873869   -0.0204693      2.02142    0.0642641     0.246899     -2.82058
    -1.27958     0.873864    0.0191561      2.02142    -0.060152     0.246831     -2.68949
    -1.90303       1.4763      1.56943      2.02142     -1.48628      1.52847     -1.36401
    -1.90311      1.48781      1.57091      2.02142     -1.49601      1.53478     -1.36358
    -1.27023     0.873833  -0.00552988      2.02142    0.0173864     0.246386     -2.77119
    -1.28523     0.873938    0.0340915      2.02142    -0.106739     0.247878     -2.64039
    -1.90308      1.48064      1.57003      2.02142     -1.48993      1.53089     -1.36386
    -1.90309      1.49214      1.57137      2.02142     -1.49972      1.53708     -1.36339
    -1.26126      0.87391   -0.0292225      2.02142    0.0915981     0.247473     -2.84939
    -1.27626      0.87384    0.0104001      2.02142   -0.0326883     0.246489     -2.71843
     -1.9031      1.48526      1.57061      2.02142     -1.49385      1.53342     -1.36368
    -1.90304      1.49648      1.57178      2.02142     -1.50345      1.53934     -1.36319
    -1.26729     0.873846    -0.013296      2.02142    0.0417807      0.24658     -2.79689
    -1.28192      0.87389    0.0253384      2.02142   -0.0794847     0.247193     -2.66912
    -1.90306      1.47839      1.56972      2.02142     -1.48803      1.52963     -1.36394
     -1.9031       1.4896       1.5711      2.02142     -1.49754      1.53574      -1.3635
    -1.25795     0.873964    -0.037975      2.02142     0.118777     0.248245     -2.87804
    -1.27295      0.87383   0.00164378      2.02142  -0.00516825      0.24635     -2.74742
    -1.28757     0.873981     0.040271      2.02142    -0.125875     0.248481     -2.62021
    -1.90309      1.48272       1.5703      2.02142     -1.49169      1.53203     -1.36378
    -1.90307      1.49423      1.57157      2.02142     -1.50151      1.53817      -1.3633
    -1.26398     0.873875    -0.022052      2.02142    0.0692159     0.246988      -2.8258
     -1.2786     0.873856     0.016583      2.02142   -0.0520898     0.246709     -2.69799
    -1.90302      1.47584      1.56936      2.02142     -1.48589      1.52821     -1.36403
    -1.90311      1.48735      1.57085      2.02142     -1.49562      1.53454      -1.3636
    -1.90301      1.49856      1.57196      2.02142     -1.50525       1.5404     -1.36309
    -1.26963     0.873835   -0.0071125      2.02142    0.0223605     0.246413     -2.77643
    -1.28426     0.873923    0.0315198      2.02142   -0.0987478     0.247656     -2.64881
    -1.90308      1.48018      1.56997      2.02142     -1.48954      1.53063     -1.36387
    -1.90309      1.49168      1.57132      2.02142     -1.49932      1.53684     -1.36341
    -1.26066     0.873919    -0.030805      2.02142    0.0965249     0.247598     -2.85458
    -1.27529     0.873836    0.0078274      2.02142   -0.0246064     0.246427     -2.72694
     -1.9031      1.48452      1.57052      2.02142     -1.49321      1.53301     -1.36371
    -1.90305      1.49602      1.57174      2.02142     -1.50305       1.5391     -1.36321
    -1.26632     0.873853   -0.0158691      2.02142    0.0498525     0.246679     -2.80539
    -1.28132     0.873883    0.0237551      2.02142   -0.0745392     0.247091     -2.67433
    -1.90305      1.47764      1.56962      2.02142      -1.4874      1.52922     -1.36397
     -1.9031      1.48914      1.57105      2.02142     -1.49715       1.5355     -1.36352
    -1.25735     0.873976   -0.0395572      2.02142      0.12367     0.248406      -2.8832
    -1.27197      0.87383 -0.000928521      2.02142   0.00291996     0.246347     -2.75595
    -1.28697      0.87397    0.0386891      2.02142    -0.120986     0.248317     -2.62537
    -1.90309      1.48226      1.57024      2.02142      -1.4913      1.53178      -1.3638
    -1.90308      1.49348       1.5715      2.02142     -1.50086      1.53778     -1.36333
      -1.263     0.873887   -0.0246232      2.02142    0.0772518     0.247146     -2.83427
      -1.278     0.873851    0.0150001      2.02142   -0.0471264     0.246643     -2.70322
    -1.90301       1.4751      1.56925      2.02142     -1.48527      1.52779     -1.36405
    -1.90311       1.4866      1.57077      2.02142     -1.49498      1.53414     -1.36363
    -1.90302       1.4981      1.57192      2.02142     -1.50485      1.54017     -1.36312
    -1.26903     0.873837  -0.00869572      2.02142    0.0273353     0.246446     -2.78167
    -1.28366     0.873914    0.0299379      2.02142   -0.0938252     0.247528       -2.654
    -1.90307      1.47972      1.56991      2.02142     -1.48915      1.53038     -1.36389
    -1.90309      1.49122      1.57128      2.02142     -1.49893       1.5366     -1.36343
    -1.26006     0.873928   -0.0323874      2.02142     0.101446     0.247729     -2.85977
    -1.27469     0.873834    0.0062449      2.02142   -0.0196331     0.246398     -2.73218
     -1.9031      1.48406      1.57047      2.02142     -1.49282      1.53276     -1.36373
    -1.90305      1.49556       1.5717      2.02142     -1.50266      1.53887     -1.36324
    -1.26572     0.873858   -0.0174515      2.02142    0.0548128     0.246748     -2.81062
    -1.28034     0.873872    0.0211837      2.02142    -0.066499     0.246939      -2.6828
    -1.90304      1.47718      1.56956      2.02142     -1.48701      1.52896     -1.36398
     -1.9031      1.48839      1.57097      2.02142     -1.49651       1.5351     -1.36355
    -1.27137     0.873831  -0.00251174      2.02142   0.00789802     0.246354     -2.76119
    -1.28637     0.873958    0.0371072      2.02142     -0.11609      0.24816     -2.63053
    -1.90309      1.48152      1.57014      2.02142     -1.49067      1.53137     -1.36382
    -1.90308      1.49302      1.57146      2.02142     -1.50047      1.53754     -1.36335
     -1.2624     0.873894   -0.0262057      2.02142    0.0821924     0.247252     -2.83947
     -1.2774     0.873847    0.0134176      2.02142   -0.0421616     0.246584     -2.70845
    -1.90311      1.48614      1.57071      2.02142     -1.49459      1.53389     -1.36364
    -1.90303      1.49736      1.57186      2.02142      -1.5042      1.53979     -1.36315
    -1.26806     0.873842   -0.0112679      2.02142    0.0354142     0.246514     -2.79018
    -1.28306     0.873905    0.0283549      2.02142   -0.0888943     0.247407      -2.6592
    -1.90307      1.47926      1.56984      2.02142     -1.48877      1.53012     -1.36391
     -1.9031      1.49048       1.5712      2.02142     -1.49829      1.53621     -1.36346
    -1.25909     0.873944   -0.0349591      2.02142     0.109432     0.247957     -2.86819
    -1.27409     0.873832   0.00466108      2.02142   -0.0146547     0.246375     -2.73743
     -1.9031       1.4836      1.57041      2.02142     -1.49243      1.53251     -1.36375
    -1.90306      1.49481      1.57163      2.02142     -1.50201      1.53848     -1.36327
    -1.26512     0.873864   -0.0190345      2.02142     0.059772     0.246824     -2.81585
    -1.27974     0.873866    0.0196009      2.02142   -0.0615448     0.246853     -2.68802
    -1.90303      1.47643      1.56945      2.02142     -1.48639      1.52854     -1.36401
    -1.90311      1.48794      1.57092      2.02142     -1.49612      1.53485     -1.36357
    -1.27077     0.873832  -0.00409484      2.02142    0.0128753     0.246368     -2.76643
     -1.2854     0.873941     0.034536      2.02142    -0.108118     0.247918     -2.63894
    -1.90308      1.48106      1.57009      2.02142     -1.49028      1.53112     -1.36384
    -1.90308      1.49256      1.57141      2.02142     -1.50008       1.5373     -1.36337
     -1.2618     0.873902   -0.0277879      2.02142    0.0871277     0.247365     -2.84468
    -1.27643     0.873841     0.010846      2.02142   -0.0340888     0.246501     -2.71695
    -1.90311      1.48568      1.57066      2.02142      -1.4942      1.53364     -1.36366
    -1.90303      1.49718      1.57184      2.02142     -1.50406       1.5397     -1.36316
    -1.26783     0.873843    -0.011861      2.02142    0.0372763     0.246532     -2.79214
    -1.28209     0.873892    0.0257829      2.02142   -0.0808724     0.247223     -2.66766
    -1.90306      1.47851      1.56974      2.02142     -1.48814      1.52971     -1.36393
     -1.9031      1.49002      1.57115      2.02142      -1.4979      1.53596     -1.36348