    -1.89403      1.25467      1.57487      2.07377     -1.28988       1.4238     -1.39065
    -1.21063     0.673246   -0.0411229      2.07377    0.0665399     0.395781     -2.85442
    -1.22883     0.673049  -0.00334239      2.07377   0.00541755     0.394786     -2.78666
    -1.24749     0.673195    0.0354091      2.07377   -0.0573192     0.395522     -2.71712
    -1.89404      1.23608      1.56685      2.07377     -1.27674      1.40847     -1.39525
    -1.89409      1.24742      1.57186      2.07377     -1.28472      1.41791     -1.39243
    -1.89395      1.25906      1.57662      2.07377     -1.29302      1.42732     -1.38958
    -1.19948     0.673533    -0.064275      2.07377     0.103749     0.397221     -2.89569
    -1.21766      0.67313   -0.0265172      2.07377    0.0429493     0.395196     -2.82826
    -1.23633     0.673065    0.0122372      2.07377    -0.019831     0.394868     -2.75868
    -1.25452     0.673341    0.0500112      2.07377   -0.0808559     0.396259     -2.69102
    -1.89392      1.22912      1.56361      2.07377      -1.2719      1.40256       -1.397
    -1.89408      1.24046      1.56883      2.07377     -1.27981      1.41215     -1.39416
    -1.89406       1.2521      1.57382      2.07377     -1.28804      1.42172     -1.39128
    -1.20651     0.673338   -0.0496809      2.07377    0.0803251      0.39624      -2.8697
    -1.22517     0.673062   -0.0109388      2.07377    0.0177278      0.39485      -2.8003
    -1.24337     0.673132    0.0268478      2.07377   -0.0434837     0.395206     -2.73246
    -1.26202     0.673553    0.0655729      2.07377    -0.105826      0.39732     -2.66332
      -1.894      1.23351      1.56567      2.07377     -1.27495       1.4063     -1.39589
     -1.8941      1.24514      1.57088      2.07377     -1.28311      1.41603       -1.393
      -1.894      1.25649       1.5756      2.07377     -1.29118      1.42526     -1.39021
    -1.21354     0.673192   -0.0350778      2.07377    0.0567847     0.395508      -2.8436
    -1.23221     0.673049   0.00367343      2.07377  -0.00595365     0.394787     -2.77406
    -1.25087     0.673259    0.0424213      2.07377    -0.068633     0.395845     -2.70457
    -1.89406      1.23789      1.56768      2.07377     -1.27801         1.41      -1.3948
    -1.89408      1.24953      1.57275      2.07377     -1.28621      1.41963     -1.39191
    -1.89392      1.26087      1.57734      2.07377     -1.29432      1.42876     -1.38914
    -1.20239     0.673446   -0.0582354      2.07377    0.0940695     0.396785     -2.88495
    -1.22104     0.673092   -0.0195022      2.07377    0.0315975     0.395005     -2.81568
    -1.23924     0.673087    0.0182849      2.07377   -0.0296263     0.394977     -2.74782
     -1.2579      0.67343    0.0570198      2.07377   -0.0921184     0.396702     -2.67853
    -1.89395      1.23093      1.56447      2.07377     -1.27316      1.40411     -1.39654
    -1.89409      1.24257      1.56976      2.07377      -1.2813      1.41391     -1.39363
    -1.89404      1.25392      1.57456      2.07377     -1.28934      1.42319     -1.39084
    -1.20942     0.673271   -0.0436378      2.07377    0.0705941     0.395906     -2.85891
    -1.22808     0.673051  -0.00489044      2.07377   0.00792653     0.394793     -2.78944
    -1.24675     0.673182    0.0338614      2.07377   -0.0548198     0.395458     -2.71989
    -1.89403      1.23532      1.56651      2.07377     -1.27621      1.40784     -1.39544
    -1.89409      1.24696      1.57166      2.07377     -1.28439      1.41753     -1.39255
    -1.89396      1.25859      1.57644      2.07377     -1.29269      1.42695     -1.38969
    -1.19827     0.673572   -0.0667868      2.07377     0.107768     0.397415     -2.90015
    -1.21692      0.67314   -0.0280647      2.07377     0.045452     0.395246     -2.83104
    -1.23512     0.673059   0.00972188      2.07377   -0.0157556     0.394835     -2.76319
    -1.25378     0.673324    0.0484645      2.07377   -0.0783673     0.396169     -2.69378
     -1.8939      1.22836      1.56325      2.07377     -1.27138      1.40191     -1.39719
    -1.89408         1.24      1.56862      2.07377     -1.27949      1.41176     -1.39427
    -1.89407      1.25135       1.5735      2.07377     -1.28751      1.42111     -1.39147
     -1.2053     0.673368   -0.0521939      2.07377    0.0843665     0.396391     -2.87419
    -1.22396     0.673069   -0.0134548      2.07377     0.021804     0.394887     -2.80482
    -1.24262     0.673123    0.0252999      2.07377   -0.0409799     0.395158     -2.73523
    -1.26081     0.673515      0.06306      2.07377    -0.101803      0.39713     -2.66778
    -1.89399      1.23304      1.56546      2.07377     -1.27462      1.40591     -1.39601
     -1.8941      1.24439      1.57055      2.07377     -1.28258      1.41541     -1.39318
    -1.89401      1.25602      1.57541      2.07377     -1.29084      1.42489     -1.39032
     -1.2128     0.673205   -0.0366257      2.07377    0.0592839     0.395574     -2.84637
    -1.23146     0.673048   0.00212586      2.07377  -0.00344539     0.394782     -2.77684
    -1.24966     0.673235    0.0399066      2.07377   -0.0645778     0.395722     -2.70907
    -1.89406      1.23743      1.56747      2.07377     -1.27769      1.40961     -1.39491
    -1.89408      1.24906      1.57255      2.07377     -1.28588      1.41925     -1.39203
    -1.89393      1.26041      1.57715      2.07377     -1.29399       1.4284     -1.38925
    -1.20164     0.673467   -0.0597817      2.07377    0.0965496     0.396892      -2.8877
    -1.21983     0.673104   -0.0220177      2.07377    0.0356695     0.395067     -2.82019
     -1.2385     0.673081    0.0167371      2.07377   -0.0271199     0.394945      -2.7506
    -1.25715     0.673409    0.0554737      2.07377    -0.089636     0.396599     -2.68128
    -1.89394      1.23018      1.56412      2.07377     -1.27263      1.40347     -1.39673
    -1.89409      1.24181      1.56943      2.07377     -1.28076      1.41328     -1.39382
    -1.89404      1.25345      1.57437      2.07377     -1.28901      1.42282     -1.39095
    -1.20867     0.673287   -0.0451841      2.07377    0.0730857     0.395988     -2.86167
    -1.22734     0.673052  -0.00643885      2.07377     0.010436     0.394804     -2.79222
    -1.24553     0.673163    0.0313458      2.07377   -0.0507555     0.395361      -2.7244
    -1.89402      1.23486      1.56629      2.07377     -1.27589      1.40744     -1.39555
    -1.89409      1.24649      1.57146      2.07377     -1.28406      1.41714     -1.39266
    -1.89397      1.25813      1.57626      2.07377     -1.29235      1.42658     -1.38981
    -1.19753     0.673596   -0.0683331      2.07377     0.110241     0.397538     -2.90289
    -1.21617     0.673151   -0.0296124      2.07377    0.0479542     0.395299     -2.83381
    -1.23437     0.673055   0.00817323      2.07377   -0.0132462     0.394819     -2.76597
    -1.25303     0.673306    0.0469177      2.07377   -0.0758772     0.396082     -2.69654
    -1.89407      1.23924      1.56828      2.07377     -1.27896      1.41113     -1.39446
    -1.89407      1.25088      1.57331      2.07377     -1.28717      1.42073     -1.39158
    -1.20455     0.673387   -0.0537411      2.07377    0.0868532     0.396488     -2.87694
    -1.22321     0.673074    -0.015003      2.07377    0.0243117     0.394913      -2.8076
    -1.24141     0.673109    0.0227845      2.07377   -0.0369099     0.395087     -2.73974
    -1.26006     0.673492    0.0615141      2.07377   -0.0993265     0.397016     -2.67053
    -1.89398      1.23229      1.56511      2.07377      -1.2741      1.40526      -1.3962
    -1.89409      1.24392      1.57035      2.07377     -1.28225      1.41502      -1.3933
    -1.89402      1.25527      1.57511      2.07377      -1.2903      1.42428     -1.39051
    -1.21205     0.673219   -0.0381731      2.07377    0.0617813     0.395642     -2.84914
    -1.23025     0.673048 -0.000391364      2.07377  0.000634547     0.394779     -2.78136
    -1.24891     0.673221    0.0383592      2.07377   -0.0620813      0.39565     -2.71184
    -1.89405      1.23667      1.56712      2.07377     -1.27716      1.40897      -1.3951
    -1.89409      1.24831      1.57223      2.07377     -1.28535      1.41863     -1.39221
    -1.89394      1.25995      1.57697      2.07377     -1.29366      1.42803     -1.38937
    -1.20043     0.673504   -0.0622952      2.07377     0.100578     0.397073     -2.89217
    -1.21909     0.673113   -0.0235658      2.07377    0.0381746     0.395108     -2.82297
    -1.23775     0.673075    0.0151889      2.07377   -0.0246125     0.394916     -2.75338
    -1.25594     0.673377    0.0529598      2.07377   -0.0855973     0.396438     -2.68576
    -1.89393      1.22971       1.5639      2.07377     -1.27231      1.40307     -1.39685
    -1.89409      1.24135      1.56922      2.07377     -1.28044      1.41289     -1.39394
    -1.89405       1.2527      1.57406      2.07377     -1.28847      1.42221     -1.39114
    -1.20793     0.673304   -0.0467312      2.07377    0.0755774     0.396072     -2.86444
    -1.22612     0.673057    -0.008955      2.07377    0.0145134     0.394827     -2.79674
    -1.24479     0.673152    0.0297987      2.07377    -0.048255     0.395305     -2.72717
    -1.26344     0.673599    0.0685188      2.07377    -0.110537     0.397553     -2.65809
    -1.89402      1.23439      1.56608      2.07377     -1.27556      1.40705     -1.39567
     -1.8941      1.24574      1.57113      2.07377     -1.28353      1.41652     -1.39285
    -1.89399      1.25737      1.57596      2.07377     -1.29181      1.42597     -1.38999
    -1.21496     0.673169   -0.0321281      2.07377      0.05202     0.395391     -2.83832
    -1.23363     0.673053   0.00662541      2.07377   -0.0107379     0.394805     -2.76875
    -1.25182     0.673279    0.0444033      2.07377   -0.0718273     0.395946     -2.70103
    -1.89407      1.23878      1.56808      2.07377     -1.27863      1.41074     -1.39457
    -1.89407      1.25042      1.57312      2.07377     -1.28684      1.42036      -1.3917
    -1.20381     0.673407   -0.0552871      2.07377    0.0893368     0.396587      -2.8797
    -1.22246      0.67308    -0.016551      2.07377     0.026819     0.394941     -2.81038
    -1.24067     0.673101    0.0212363      2.07377   -0.0344043     0.395046     -2.74252
    -1.25932      0.67347    0.0599678      2.07377   -0.0968476     0.396906     -2.67328
    -1.89397      1.23182      1.56489      2.07377     -1.27377      1.40487     -1.39632
    -1.89409      1.24346      1.57015      2.07377     -1.28192      1.41464     -1.39341
    -1.89403       1.2548      1.57492      2.07377     -1.28997      1.42391     -1.39062
    -1.21084     0.673242    -0.040688      2.07377    0.0658387     0.395759     -2.85364
     -1.2295     0.673048   -0.0019393      2.07377   0.00314345     0.394782     -2.78414
     -1.2477     0.673199    0.0358446      2.07377   -0.0580223      0.39554     -2.71634
    -1.89404      1.23621      1.56691      2.07377     -1.27683      1.40858     -1.39522
    -1.89409      1.24784      1.57204      2.07377     -1.28502      1.41825     -1.39233
    -1.89395      1.25919      1.57668      2.07377     -1.29311      1.42742     -1.38955
    -1.19969     0.673526   -0.0638403      2.07377     0.103053     0.397188     -2.89492
    -1.21834     0.673122   -0.0251142      2.07377    0.0406799     0.395153     -2.82574
    -1.23654     0.673067    0.0126731      2.07377   -0.0205373     0.394874     -2.75789
     -1.2552     0.673358    0.0514134      2.07377   -0.0831112     0.396343     -2.68852
    -1.89392      1.22925      1.56368      2.07377     -1.27199      1.40267     -1.39697
    -1.89408      1.24089      1.56902      2.07377     -1.28011       1.4125     -1.39405
    -1.89406      1.25252      1.57399      2.07377     -1.28834      1.42207     -1.39118
    -1.20672     0.673333   -0.0492457      2.07377    0.0796248     0.396214     -2.86893
    -1.22538     0.673061   -0.0105034      2.07377    0.0170224     0.394845     -2.79952
    -1.24404     0.673142    0.0282508      2.07377   -0.0457525     0.395252     -2.72994
    -1.26223     0.673559    0.0660067      2.07377     -0.10652     0.397354     -2.66255
    -1.89401      1.23393      1.56587      2.07377     -1.27524      1.40666     -1.39579
     -1.8941      1.24527      1.57094      2.07377      -1.2832      1.41614     -1.39296
      -1.894      1.25662      1.57565      2.07377     -1.29127      1.42537     -1.39018
    -1.21422     0.673181   -0.0336756      2.07377      0.05452     0.395451     -2.84109
    -1.23288     0.673051   0.00507724      2.07377  -0.00822883     0.394795     -2.77153
    -1.25108     0.673263    0.0428562      2.07377    -0.069334     0.395866      -2.7038
    -1.89406      1.23831      1.56787      2.07377     -1.27831      1.41035     -1.39469
    -1.89408      1.24995      1.57292      2.07377     -1.28651      1.41998     -1.39181
    -1.89391      1.26101      1.57739      2.07377     -1.29442      1.42887     -1.38911
     -1.2026      0.67344   -0.0578004      2.07377    0.0933715     0.396755     -2.88417
    -1.22125      0.67309   -0.0190663      2.07377    0.0308919     0.394995     -2.81489
    -1.23992     0.673093    0.0196881      2.07377   -0.0318982     0.395009      -2.7453
    -1.25857     0.673449    0.0584213      2.07377   -0.0943672     0.396798     -2.67603
    -1.89396      1.23106      1.56453      2.07377     -1.27325      1.40422     -1.39651
    -1.89409       1.2427      1.56982      2.07377     -1.28139      1.41401      -1.3936
    -1.89403      1.25434      1.57473      2.07377     -1.28964      1.42353     -1.39073