   -0.885977      1.54392      1.57078      1.94858     -1.54582      1.56087    -0.482018
   -0.885899      1.55493      1.57103      1.94858     -1.55596      1.56516    -0.481856
   -0.263138     0.933533   -0.0201022      1.94858    0.0628678      0.26007     -1.88035
   -0.277186     0.933535    0.0207645      1.94858    -0.064932     0.260107     -1.74657
    -0.88594      1.53717      1.57045      1.94858     -1.53967      1.55807    -0.482061
   -0.885968      1.54818      1.57092      1.94858     -1.54973      1.56256     -0.48197
   -0.268785     0.933501  -0.00367361      1.94858    0.0115055     0.259534     -1.82659
   -0.282482     0.933608    0.0361675      1.94858     -0.11274     0.261306     -1.69651
   -0.885971      1.54143      1.57067      1.94858     -1.54354      1.55985    -0.482039
   -0.885929      1.55272      1.57101      1.94858     -1.55391      1.56432    -0.481898
   -0.260034      0.93357   -0.0291302      1.94858    0.0909554     0.260679     -1.90976
   -0.274082     0.933511    0.0117346      1.94858   -0.0367339     0.259704     -1.77609
    -0.88591      1.53467       1.5703      1.94858      -1.5374      1.55701    -0.482066
   -0.885976      1.54568      1.57084      1.94858     -1.54744      1.56157       -0.482
   -0.265681     0.933513   -0.0127045      1.94858    0.0397673     0.259737     -1.85617
   -0.279378     0.933561    0.0271404      1.94858   -0.0847762     0.260525     -1.72579
   -0.885956      1.53893      1.57055      1.94858     -1.54127      1.55881    -0.482054
   -0.885954      1.55022      1.57096      1.94858     -1.55161      1.56336     -0.48194
   -0.270978     0.933501   0.00270396      1.94858  -0.00846824     0.259526     -1.80568
   -0.885976      1.54319      1.57075      1.94858     -1.54515      1.56057    -0.482025
   -0.885906      1.55448      1.57103      1.94858     -1.55554      1.56499    -0.481865
   -0.262577     0.933539   -0.0217339      1.94858    0.0679538     0.260163     -1.88568
   -0.276625      0.93353    0.0191323      1.94858   -0.0598422     0.260018      -1.7519
   -0.885932      1.53644      1.57041      1.94858       -1.539      1.55776    -0.482063
    -0.88597      1.54773       1.5709      1.94858     -1.54931      1.56239    -0.481976
   -0.267873     0.933503  -0.00632653      1.94858    0.0198121      0.25957     -1.83528
   -0.281921     0.933598    0.0345352      1.94858    -0.107697     0.261148     -1.70179
   -0.885969      1.54097      1.57065      1.94858     -1.54313      1.55966    -0.482042
   -0.885937      1.55198        1.571      1.94858     -1.55324      1.56404    -0.481911
   -0.259473     0.933578   -0.0307624      1.94858    0.0960178     0.260812     -1.91506
   -0.273521     0.933508    0.0101022      1.94858    -0.031628     0.259656     -1.78143
     -0.8859      1.53394      1.57025      1.94858     -1.53674       1.5567    -0.482067
   -0.885977      1.54523      1.57083      1.94858     -1.54702      1.56139    -0.482005
    -0.26512     0.933517   -0.0143368      1.94858    0.0448695     0.259797     -1.86151
   -0.278817     0.933554    0.0255087      1.94858   -0.0797042     0.260408      -1.7311
   -0.885953      1.53848      1.57052      1.94858     -1.54086      1.55863    -0.482056
   -0.885959      1.54949      1.57095      1.94858     -1.55093      1.56308    -0.481951
   -0.270416       0.9335   0.00107127      1.94858  -0.00335487     0.259517     -1.81103
   -0.885976      1.54274      1.57073      1.94858     -1.54474      1.56038    -0.482029
   -0.885912      1.55403      1.57102      1.94858     -1.55513      1.56482    -0.481874
   -0.262016     0.933545   -0.0233659      1.94858    0.0730369     0.260264       -1.891
   -0.275713     0.933522    0.0164793      1.94858   -0.0515618     0.259888     -1.76057
   -0.885927      1.53598      1.57038      1.94858     -1.53859      1.55757    -0.482064
   -0.885972      1.54728      1.57089      1.94858      -1.5489      1.56221    -0.481981
   -0.267312     0.933505  -0.00795951      1.94858    0.0249237     0.259603     -1.84063
    -0.28136     0.933589    0.0329034      1.94858    -0.102649     0.260998     -1.70708
   -0.885965      1.54024      1.57062      1.94858     -1.54246      1.55936    -0.482047
   -0.885942      1.55153      1.57099      1.94858     -1.55282      1.56387    -0.481919
   -0.258912     0.933586   -0.0323943      1.94858     0.101074     0.260953     -1.92036
   -0.272609     0.933505   0.00744909      1.94858   -0.0233254     0.259592     -1.79013
   -0.885977      1.54478      1.57081      1.94858     -1.54661      1.56121     -0.48201
   -0.264208     0.933524   -0.0169893      1.94858    0.0531547     0.259912     -1.87018
   -0.278256     0.933547    0.0238758      1.94858   -0.0746237     0.260297     -1.73642
   -0.885946      1.53775      1.57048      1.94858     -1.54019      1.55832    -0.482059
   -0.885962      1.54904      1.57094      1.94858     -1.55052       1.5629    -0.481958
   -0.269855       0.9335 -0.000561714      1.94858   0.00175962     0.259516     -1.81638
   -0.885974      1.54229      1.57071      1.94858     -1.54433       1.5602    -0.482033
   -0.885918      1.55358      1.57102      1.94858     -1.55471      1.56465    -0.481882
   -0.261103     0.933556   -0.0260192      1.94858    0.0812922     0.260444     -1.89964
   -0.275152     0.933518    0.0148474      1.94858   -0.0464642     0.259818      -1.7659
   -0.885918      1.53525      1.57034      1.94858     -1.53793      1.55726    -0.482065
   -0.885973      1.54682      1.57088      1.94858     -1.54848      1.56203    -0.481987
     -0.2664     0.933509   -0.0106132      1.94858    0.0332272      0.25967     -1.84932
   -0.280799      0.93358    0.0312727      1.94858   -0.0975987     0.260855     -1.71237
   -0.885962      1.53979      1.57059      1.94858     -1.54205      1.55917    -0.482049
   -0.885949       1.5508      1.57098      1.94858     -1.55214      1.56359    -0.481931
      -0.258     0.933601   -0.0350457      1.94858     0.109276     0.261197     -1.92895
   -0.272047     0.933503   0.00581607      1.94858   -0.0182133     0.259562     -1.79548
   -0.885977      1.54405      1.57078      1.94858     -1.54594      1.56092    -0.482017
   -0.263646     0.933529   -0.0186223      1.94858    0.0582517     0.259991     -1.87552
   -0.277344     0.933537    0.0212236      1.94858   -0.0663631     0.260133     -1.74507
   -0.885942       1.5373      1.57046      1.94858     -1.53978      1.55813     -0.48206
   -0.885967       1.5483      1.57092      1.94858     -1.54984      1.56261    -0.481968
   -0.269294       0.9335  -0.00219387      1.94858   0.00687139     0.259522     -1.82173
   -0.885972      1.54155      1.57068      1.94858     -1.54366       1.5599    -0.482038
   -0.885927      1.55284      1.57101      1.94858     -1.55403      1.56437    -0.481896
   -0.260542     0.933563   -0.0276509      1.94858    0.0863627     0.260564     -1.90495
    -0.27424     0.933512     0.012194      1.94858   -0.0381704      0.25972     -1.77459
   -0.885912       1.5348      1.57031      1.94858     -1.53752      1.55707    -0.482066
   -0.885976      1.54609      1.57085      1.94858     -1.54781      1.56174    -0.481996
   -0.265839     0.933512   -0.0122453      1.94858    0.0383317     0.259721     -1.85467
   -0.279887     0.933567    0.0286192      1.94858   -0.0893687     0.260638     -1.72098
   -0.885957      1.53906      1.57056      1.94858     -1.54138      1.55887    -0.482053
   -0.885953      1.55035      1.57097      1.94858     -1.55173      1.56341    -0.481938
   -0.271135     0.933501   0.00316256      1.94858  -0.00990443     0.259529     -1.80417
   -0.885977      1.54388      1.57078      1.94858     -1.54578      1.56085    -0.482019
   -0.885904      1.55461      1.57103      1.94858     -1.55566      1.56504    -0.481863
   -0.263085     0.933534   -0.0202546      1.94858    0.0633429     0.260078     -1.88085
   -0.277134     0.933535    0.0206116      1.94858   -0.0644552     0.260098     -1.74707