    -1.2734     1.05075  0.00367129     2.01442   -0.041704   0.0764881    -2.71054
   -1.27872     1.05078   0.0217878     2.01442   -0.242576   0.0787904    -2.50659
   -1.27048     1.05075 -0.00628841     2.01442   0.0713532   0.0766206    -2.82529
    -1.2758     1.05076   0.0118303     2.01442   -0.133636   0.0771266    -2.61722
   -1.26788     1.05076  -0.0151222     2.01442     0.17016   0.0775709     -2.9256
   -1.28079      1.0508    0.028818     2.01442   -0.316121   0.0805201    -2.43185
   -1.27287     1.05075  0.00187004     2.01442  -0.0212517   0.0764381     -2.7313
   -1.27786     1.05077   0.0188621     2.01442   -0.211074   0.0782029    -2.53859
   -1.26995     1.05075 -0.00808918     2.01442   0.0916801   0.0767513    -2.84593
   -1.27494     1.05075  0.00890338     2.01442   -0.100844   0.0768204    -2.65051
   -1.26702     1.05077  -0.0180476     2.01442    0.202223    0.078054    -2.95816
   -1.28026      1.0508   0.0270189     2.01442   -0.297614   0.0800354    -2.45066
   -1.27201     1.05075 -0.00105619     2.01442    0.012006   0.0764256    -2.76505
   -1.27733     1.05077   0.0170622     2.01442   -0.191466   0.0778818     -2.5585
   -1.26942     1.05076 -0.00988972     2.01442    0.111926   0.0769143    -2.86648
   -1.27441     1.05075  0.00710201     2.01442  -0.0805434   0.0766758    -2.67112
    -1.2665     1.05077  -0.0198481     2.01442    0.221746   0.0783919    -2.97799
    -1.2794     1.05079   0.0240926     2.01442    -0.26704   0.0793075    -2.48173
   -1.27149     1.05075 -0.00285637     2.01442   0.0324567   0.0764615    -2.78581
   -1.27681     1.05076   0.0152617     2.01442   -0.171695   0.0775917    -2.57858
   -1.26856     1.05076  -0.0128158     2.01442    0.144616   0.0772479    -2.89967
   -1.27388     1.05075  0.00530207     2.01442    -0.06019   0.0765621    -2.69178
   -1.26597     1.05078   -0.021647     2.01442    0.241073   0.0787594    -2.99762
   -1.27887     1.05078   0.0222933     2.01442    -0.24797   0.0789002    -2.50111
   -1.27096     1.05075  -0.0046562     2.01442   0.0528752   0.0765294    -2.80654
   -1.27595     1.05076   0.0123359     2.01442   -0.139272   0.0771877     -2.6115
   -1.26836     1.05076  -0.0134898     2.01442    0.152103   0.0773375    -2.90727
   -1.28094      1.0508   0.0293238     2.01442   -0.321283   0.0806615     -2.4266