  -0.93184    1.03831  0.0127805    2.15306   -2.92365   0.050945   0.491462
 -0.937008    1.03836  0.0295148    2.15306   -2.66789  0.0557644   0.239394
 -0.928812     1.0383 0.00297052    2.15306   -3.09019  0.0498314   0.655843
 -0.933979    1.03833  0.0197079    2.15306   -2.81228  0.0525264   0.381624
 -0.931293    1.03831  0.0110065    2.15306   -2.95316  0.0506421   0.520582
  -0.93646    1.03835  0.0277411    2.15306   -2.69273  0.0550984   0.263835
 -0.928264     1.0383  0.0011968    2.15306   -3.12087  0.0497763    0.68613
 -0.933432    1.03832  0.0179353    2.15306   -2.84013  0.0520622   0.409075
 -0.930403     1.0383 0.00812328    2.15306    -3.0018  0.0502461   0.568581
 -0.935913    1.03834  0.0259686    2.15306   -2.71812  0.0544671   0.288841
 -0.932884    1.03832  0.0161614    2.15306   -2.86846   0.051639   0.437017
 -0.929856     1.0383 0.00635254    2.15306     -3.032  0.0500606   0.598398
 -0.935023    1.03834  0.0230858    2.15306   -2.76064  0.0535161   0.330722
 -0.932337    1.03831  0.0143875    2.15306   -2.89723  0.0512542   0.465399
 -0.937504    1.03836  0.0311204    2.15306   -2.64593   0.056395   0.217783
 -0.929308     1.0383  0.0045777    2.15306   -3.06247  0.0499199   0.628479
 -0.934818    1.03833  0.0224224    2.15306   -2.77063  0.0533095   0.340568