  -1.86711    1.45384    1.57025    2.32474   -1.48572    1.49044    2.02497
  -1.86708    1.46556    1.57189    2.32474   -1.49321    1.49963    2.02575
  -1.20849   0.818973  0.0167565    2.32474   -1.73667  0.0124105    2.11044
  -1.86712    1.45837    1.57093    2.32474   -1.48859    1.49402    2.02527
  -1.21469   0.819047  0.0314676    2.32474   -1.65528  0.0230689     2.0329
  -1.86709    1.45118    1.56984    2.32474   -1.48406    1.48832     2.0248
   -1.8671    1.46291    1.57155    2.32474   -1.49149    1.49756    2.02557
  -1.20485    0.81895 0.00813222    2.32474   -1.90764 0.00629107    2.27915
  -1.86712    1.45571    1.57054    2.32474    -1.4869    1.49193    2.02509
  -1.21105   0.818998  0.0228462    2.32474   -1.69091  0.0168087    2.06628
  -1.86707    1.44852     1.5694    2.32474    -1.4824    1.48619    2.02464
  -1.86711    1.46055    1.57123    2.32474   -1.48998    1.49573    2.02541
  -1.86711    1.45306    1.57013    2.32474   -1.48523    1.48982    2.02492
  -1.86708    1.46508    1.57183    2.32474    -1.4929    1.49925    2.02572
  -1.20742   0.818964  0.0142225    2.32474   -1.76659  0.0105914    2.13969
  -1.86712    1.45789    1.57086    2.32474   -1.48828    1.49364    2.02523
  -1.21403   0.819037  0.0299088    2.32474   -1.66029  0.0219324     2.0375
  -1.86709     1.4504    1.56971    2.32474   -1.48357     1.4877    2.02476
   -1.8671    1.46243    1.57148    2.32474   -1.49118    1.49719    2.02554
  -1.20378   0.818946 0.00559807    2.32474   -2.04236 0.00459348    2.41321
  -1.86711    1.45523    1.57047    2.32474    -1.4866    1.49155    2.02506
   -1.2104   0.818991  0.0212868    2.32474   -1.70025  0.0156823     2.0752
  -1.86711    1.45977    1.57112    2.32474   -1.48948    1.49512    2.02536
   -1.8671    1.45258    1.57006    2.32474   -1.48493    1.48944    2.02489
  -1.86709     1.4646    1.57177    2.32474   -1.49259    1.49888    2.02569
  -1.20676    0.81896  0.0126634    2.32474    -1.7906 0.00948074     2.1633
  -1.86712    1.45741    1.57079    2.32474   -1.48798    1.49327     2.0252
  -1.21297   0.819022  0.0273767    2.32474   -1.66955  0.0200971     2.0461
  -1.86708    1.44992    1.56963    2.32474   -1.48327    1.48731    2.02473
   -1.8671    1.46195    1.57142    2.32474   -1.49087    1.49682    2.02551
  -1.20312   0.818945 0.00403953    2.32474   -2.18649 0.00360469    2.55693
  -1.86711    1.45445    1.57035    2.32474   -1.48611    1.49093    2.02501
  -1.20933    0.81898  0.0187535    2.32474   -1.71855  0.0138453    2.09284
  -1.86712    1.45929    1.57106    2.32474   -1.48917    1.49474    2.02533
   -1.8671     1.4521    1.56998    2.32474   -1.48463    1.48905    2.02486
  -1.86709    1.46382    1.57167    2.32474   -1.49208    1.49828    2.02563
   -1.2061   0.818956  0.0111047    2.32474   -1.82088 0.00837942    2.19317
  -1.86712    1.45663    1.57067    2.32474   -1.48748    1.49265    2.02515
  -1.21231   0.819013  0.0258179    2.32474    -1.6761  0.0189648    2.05224
  -1.86708    1.44944    1.56955    2.32474   -1.48297    1.48693     2.0247
  -1.86711    1.46116    1.57132    2.32474   -1.49037    1.49621    2.02545
  -1.20246   0.818944 0.00247967    2.32474   -2.42726 0.00276214    2.79729
  -1.86711    1.45397    1.57027    2.32474   -1.48581    1.49055    2.02498
  -1.86707      1.466    1.57194    2.32474   -1.49349    1.49996    2.02578
  -1.20867   0.818974  0.0171944    2.32474   -1.73235  0.0127235    2.10623
  -1.86712    1.45881    1.57099    2.32474   -1.48887    1.49436     2.0253
  -1.86709    1.45132    1.56986    2.32474   -1.48414    1.48843    2.02481
   -1.8671    1.46334     1.5716    2.32474   -1.49177     1.4979     2.0256
  -1.20503   0.818951 0.00857008    2.32474   -1.89145 0.00660536    2.26307
  -1.86712    1.45615     1.5706    2.32474   -1.48718    1.49227    2.02512
  -1.21165   0.819005  0.0242589    2.32474   -1.68344  0.0178342    2.05917
  -1.86707    1.44866    1.56942    2.32474   -1.48249     1.4863    2.02465
  -1.86711    1.46068    1.57125    2.32474   -1.49006    1.49583    2.02542
  -1.86711    1.45379    1.57025    2.32474   -1.48569     1.4904    2.02497
  -1.86708    1.46522    1.57184    2.32474   -1.49298    1.49936    2.02573