   0.363679     1.26727   0.0153001     1.76758   -0.136159    0.107769   -0.982901
   0.366145     1.26727  0.00071457     1.76758 -0.00639903    0.106753    -1.11381
   0.368612     1.26727  -0.0138718     1.76758    0.123589    0.107588    -1.24495
   0.364125     1.26727    0.012662     1.76758   -0.112908    0.107449    -1.00636
   0.366591     1.26727  -0.0019244     1.76758   0.0172346    0.106767    -1.13765
   0.369058     1.26727  -0.0165057     1.76758    0.146737    0.107934     -1.2683
   0.364849     1.26727  0.00837684     1.76758  -0.0748805    0.107057    -1.04473
   0.367037     1.26727 -0.00455913     1.76758   0.0408106    0.106842    -1.16144
   0.362828     1.26728   0.0203246     1.76758   -0.180003     0.10854   -0.938662
   0.369504     1.26727  -0.0191428     1.76758     0.16975     0.10834    -1.29152
   0.365295     1.26727  0.00574061     1.76758  -0.0513675    0.106895    -1.06845
   0.367762     1.26727 -0.00884563     1.76758   0.0790552    0.107093    -1.20002
   0.363274     1.26727   0.0176878     1.76758   -0.157072    0.108109     -0.9618
   0.365741     1.26727  0.00310534     1.76758  -0.0278043    0.106794    -1.09222
   0.368487     1.26727  -0.0131285     1.76758     0.11703    0.107501    -1.23833