    0.616265      1.06941     -1.57694      1.87198      1.08714      1.43292     -2.76029
    0.616265      1.06941     -1.57694      1.87198     -2.05445     -1.43292     0.381301
    0.616325      1.05837     -1.56916      1.87198      1.07819      1.42346     -2.75519
    0.616325      1.05837     -1.56916      1.87198      -2.0634     -1.42346     0.386407
  -0.0294306      0.55609   -0.0366355      1.87198    0.0295277     0.714034     -1.61993
  -0.0294306      0.55609   -0.0366355      1.87198     -3.11207    -0.714034      1.52167
  -0.0498219     0.555933   0.00227378      1.87198  -0.00183294     0.713676     -1.58356
  -0.0498219     0.555933   0.00227378      1.87198     -3.14343    -0.713676      1.55803
  -0.0707332     0.556142    0.0421766      1.87198   -0.0339909     0.714151     -1.54628
  -0.0707332     0.556142    0.0421766      1.87198     -3.17558    -0.714151      1.59532
   -0.713473      1.04887      1.56218      1.87198     -1.07049      1.41514    -0.420693
   -0.713473      1.04887      1.56218      1.87198     -4.21208     -1.41514       2.7209
   -0.713589      1.05991      1.57027      1.87198     -1.07943      1.42478    -0.415474
   -0.713589      1.05991      1.57027      1.87198     -4.22103     -1.42478      2.72612
   -0.713506      1.07067       1.5778      1.87198     -1.08817      1.43398    -0.410512
   -0.713506      1.07067       1.5778      1.87198     -4.22976     -1.43398      2.73108
    0.616313      1.06497     -1.57386      1.87198      1.08354      1.42914     -2.75825
    0.616313      1.06497     -1.57386      1.87198     -2.05805     -1.42914     0.383338
    0.616294      1.05421     -1.56614      1.87198      1.07482      1.41983     -2.75323
    0.616294      1.05421     -1.56614      1.87198     -2.06678     -1.41983     0.388365
  -0.0373136     0.555987   -0.0215927      1.87198    0.0174061       0.7138     -1.60587
  -0.0373136     0.555987   -0.0215927      1.87198     -3.12419      -0.7138      1.53572
  -0.0582306     0.555972    0.0183179      1.87198   -0.0147664     0.713765     -1.56857
  -0.0582306     0.555972    0.0183179      1.87198     -3.15636    -0.713765      1.57303
  -0.0786092     0.556317    0.0572102      1.87198   -0.0460945      0.71455     -1.53224
  -0.0786092     0.556317    0.0572102      1.87198     -3.18769     -0.71455      1.60935
   -0.713544       1.0533      1.56547      1.87198     -1.07408      1.41904    -0.418579
   -0.713544       1.0533      1.56547      1.87198     -4.21568     -1.41904      2.72301
    -0.71358      1.06407      1.57322      1.87198     -1.08281      1.42836    -0.413541
    -0.71358      1.06407      1.57322      1.87198      -4.2244     -1.42836      2.72805
     0.61623      1.07157     -1.57842      1.87198       1.0889      1.43475     -2.76128
     0.61623      1.07157     -1.57842      1.87198     -2.05269     -1.43475     0.380314
    0.616329      1.06081     -1.57091      1.87198      1.08017      1.42557     -2.75633
    0.616329      1.06081     -1.57091      1.87198     -2.06142     -1.42557     0.385267
    0.616229      1.04977     -1.56286      1.87198      1.07122      1.41594     -2.75112
    0.616229      1.04977     -1.56286      1.87198     -2.07037     -1.41594     0.390475
  -0.0248125     0.556175   -0.0454494      1.87198    0.0366268     0.714227     -1.62816
  -0.0248125     0.556175   -0.0454494      1.87198     -3.10497    -0.714227      1.51343
   -0.045722     0.555936  -0.00554898      1.87198   0.00447354     0.713683     -1.59088
   -0.045722     0.555936  -0.00554898      1.87198     -3.13712    -0.713683      1.55072
  -0.0661144     0.556064    0.0333619      1.87198   -0.0268901     0.713973     -1.55451
  -0.0661144     0.556064    0.0333619      1.87198     -3.16848    -0.713973      1.58708
   -0.713581      1.05747      1.56851      1.87198     -1.07746      1.42267    -0.416616
   -0.713581      1.05747      1.56851      1.87198     -4.21905     -1.42267      2.72498
   -0.713538       1.0685      1.57631      1.87198     -1.08641      1.43215      -0.4115
   -0.713538       1.0685      1.57631      1.87198       -4.228     -1.43215      2.73009
    0.616291      1.06741     -1.57556      1.87198      1.08552      1.43122     -2.75938
    0.616291      1.06741     -1.57556      1.87198     -2.05607     -1.43122     0.382216
    0.616314      1.05637     -1.56772      1.87198      1.07657      1.42172     -2.75425
    0.616314      1.05637     -1.56772      1.87198     -2.06502     -1.42172     0.387345
  -0.0326929     0.556041   -0.0304099      1.87198    0.0245118     0.713922     -1.61411
  -0.0326929     0.556041   -0.0304099      1.87198     -3.11708    -0.713922      1.52748
  -0.0536086     0.555943   0.00949889      1.87198  -0.00765753     0.713699     -1.57681
  -0.0536086     0.555943   0.00949889      1.87198     -3.14925    -0.713699      1.56478
  -0.0745156      0.55622     0.049396      1.87198   -0.0398045     0.714327     -1.53953
  -0.0745156      0.55622     0.049396      1.87198      -3.1814    -0.714327      1.60206
   -0.713509      1.05086      1.56367      1.87198     -1.07211       1.4169    -0.419738
   -0.713509      1.05086      1.56367      1.87198      -4.2137      -1.4169      2.72185
   -0.713589      1.06163      1.57149      1.87198     -1.08083      1.42627    -0.414672
   -0.713589      1.06163      1.57149      1.87198     -4.22242     -1.42627      2.72692
    0.616323      1.06325     -1.57264      1.87198      1.08215      1.42767     -2.75746
    0.616323      1.06325     -1.57264      1.87198     -2.05945     -1.42767     0.384134
    0.616269      1.05221     -1.56467      1.87198       1.0732      1.41808     -2.75228
    0.616269      1.05221     -1.56467      1.87198     -2.06839     -1.41808     0.389313
  -0.0201964     0.556279   -0.0542607      1.87198    0.0437208     0.714462     -1.63638
  -0.0201964     0.556279   -0.0542607      1.87198     -3.09787    -0.714462      1.50521
  -0.0410998     0.555957   -0.0143683      1.87198    0.0115831      0.71373     -1.59912
  -0.0410998     0.555957   -0.0143683      1.87198     -3.13001     -0.71373      1.54247
  -0.0614941     0.556003    0.0245451      1.87198   -0.0197854     0.713836     -1.56275
  -0.0614941     0.556003    0.0245451      1.87198     -3.16138    -0.713836      1.57885
   -0.713563      1.05503      1.56674      1.87198     -1.07548      1.42055    -0.417764
   -0.713563      1.05503      1.56674      1.87198     -4.21707     -1.42055      2.72383
   -0.713565      1.06607      1.57462      1.87198     -1.08443      1.43007    -0.412619
   -0.713565      1.06607      1.57462      1.87198     -4.22602     -1.43007      2.72897
    0.616259      1.06985     -1.57724      1.87198       1.0875      1.43329     -2.76049
    0.616259      1.06985     -1.57724      1.87198     -2.05409     -1.43329     0.381099
    0.616326      1.05881     -1.56948      1.87198      1.07855      1.42384     -2.75539
    0.616326      1.05881     -1.56948      1.87198     -2.06304     -1.42384       0.3862
  -0.0280736     0.556113   -0.0392254      1.87198     0.031614     0.714087     -1.62235
  -0.0280736     0.556113   -0.0392254      1.87198     -3.10998    -0.714087      1.51925
  -0.0489863     0.555933  0.000679329      1.87198 -0.000547541     0.713675     -1.58505
  -0.0489863     0.555933  0.000679329      1.87198     -3.14214    -0.713675      1.55654
  -0.0698983     0.556126    0.0405833      1.87198   -0.0327075     0.714116     -1.54776
  -0.0698983     0.556126    0.0405833      1.87198      -3.1743    -0.714116      1.59383
   -0.713588      1.05919      1.56975      1.87198     -1.07885      1.42416    -0.415809
   -0.713588      1.05919      1.56975      1.87198     -4.22045     -1.42416      2.72578
   -0.713513      1.07023       1.5775      1.87198     -1.08781      1.43361    -0.410713
   -0.713513      1.07023       1.5775      1.87198      -4.2294     -1.43361      2.73088
     0.61631      1.06541     -1.57416      1.87198       1.0839      1.42952     -2.75846
     0.61631      1.06541     -1.57416      1.87198     -2.05769     -1.42952     0.383135
    0.616299      1.05465     -1.56646      1.87198      1.07517      1.42022     -2.75344
    0.616299      1.05465     -1.56646      1.87198     -2.06642     -1.42022     0.388157
  -0.0364782     0.555996   -0.0231867      1.87198    0.0186909     0.713819     -1.60736
  -0.0364782     0.555996   -0.0231867      1.87198      -3.1229    -0.713819      1.53423
  -0.0568727     0.555962    0.0157268      1.87198   -0.0126779     0.713741     -1.57099
  -0.0568727     0.555962    0.0157268      1.87198     -3.15427    -0.713741       1.5706
   -0.077775     0.556296    0.0556178      1.87198   -0.0448129     0.714502     -1.53373
   -0.077775     0.556296    0.0556178      1.87198     -3.18641    -0.714502      1.60787
   -0.713535      1.05259      1.56495      1.87198      -1.0735      1.41841    -0.418919
   -0.713535      1.05259      1.56495      1.87198      -4.2151     -1.41841      2.72267
   -0.713582      1.06363      1.57291      1.87198     -1.08245      1.42799    -0.413745
   -0.713582      1.06363      1.57291      1.87198     -4.22404     -1.42799      2.72785
    0.616329      1.06125     -1.57123      1.87198      1.08053      1.42595     -2.75653
    0.616329      1.06125     -1.57123      1.87198     -2.06107     -1.42595     0.385062
    0.616237      1.05021     -1.56319      1.87198      1.07158      1.41633     -2.75133
    0.616237      1.05021     -1.56319      1.87198     -2.07001     -1.41633     0.390265
  -0.0239778     0.556193   -0.0470425      1.87198    0.0379097     0.714267     -1.62965
  -0.0239778     0.556193   -0.0470425      1.87198     -3.10368    -0.714267      1.51195
  -0.0443639     0.555941  -0.00814015      1.87198   0.00656244     0.713693      -1.5933
  -0.0443639     0.555941  -0.00814015      1.87198     -3.13503    -0.713693       1.5483
  -0.0652792     0.556051    0.0317681      1.87198    -0.025606     0.713945       -1.556
  -0.0652792     0.556051    0.0317681      1.87198      -3.1672    -0.713945      1.58559
   -0.713578      1.05702      1.56819      1.87198      -1.0771      1.42229    -0.416823
   -0.713578      1.05702      1.56819      1.87198     -4.21869     -1.42229      2.72477
   -0.713547      1.06779      1.57582      1.87198     -1.08583      1.43154    -0.411828
   -0.713547      1.06779      1.57582      1.87198     -4.22742     -1.43154      2.72976
    0.616282      1.06813     -1.57605      1.87198       1.0861      1.43183     -2.75971
    0.616282      1.06813     -1.57605      1.87198     -2.05549     -1.43183     0.381887
    0.616318      1.05709     -1.56824      1.87198      1.07715      1.42235     -2.75459
    0.616318      1.05709     -1.56824      1.87198     -2.06444     -1.42235     0.387007
  -0.0318578     0.556053   -0.0320037      1.87198     0.025796     0.713949      -1.6156
  -0.0318578     0.556053   -0.0320037      1.87198      -3.1158    -0.713949      1.52599
   -0.052773      0.55594   0.00790459      1.87198  -0.00637229     0.713692      -1.5783
   -0.052773      0.55594   0.00790459      1.87198     -3.14796    -0.713692      1.56329
  -0.0731593      0.55619    0.0468071      1.87198   -0.0377199     0.714261     -1.54195
  -0.0731593      0.55619    0.0468071      1.87198     -3.17931    -0.714261      1.59964
   -0.713497      1.05015      1.56314      1.87198     -1.07153      1.41627     -0.42008
   -0.713497      1.05015      1.56314      1.87198     -4.21312     -1.41627      2.72151
   -0.713589      1.06119      1.57118      1.87198     -1.08047      1.42589    -0.414877
   -0.713589      1.06119      1.57118      1.87198     -4.22207     -1.42589      2.72672
    0.616321      1.06369     -1.57295      1.87198       1.0825      1.42804     -2.75766
    0.616321      1.06369     -1.57295      1.87198     -2.05909     -1.42804      0.38393
    0.616279      1.05293      -1.5652      1.87198      1.07378      1.41871     -2.75262
    0.616279      1.05293      -1.5652      1.87198     -2.06781     -1.41871     0.388972
  -0.0193621     0.556299   -0.0558532      1.87198    0.0450026     0.714509     -1.63787
  -0.0193621     0.556299   -0.0558532      1.87198     -3.09659    -0.714509      1.50372
  -0.0402643     0.555963   -0.0159624      1.87198    0.0128681     0.713743     -1.60061
  -0.0402643     0.555963   -0.0159624      1.87198     -3.12872    -0.713743      1.54098
  -0.0606587     0.555995     0.022951      1.87198   -0.0185007     0.713816     -1.56424
  -0.0606587     0.555995     0.022951      1.87198     -3.16009    -0.713816      1.57736
   -0.713559      1.05459      1.56642      1.87198     -1.07512      1.42016    -0.417972
   -0.713559      1.05459      1.56642      1.87198     -4.21671     -1.42016      2.72362
   -0.713569      1.06562      1.57431      1.87198     -1.08407       1.4297    -0.412822
   -0.713569      1.06562      1.57431      1.87198     -4.22567      -1.4297      2.72877
    0.616252      1.07029     -1.57754      1.87198      1.08786      1.43366     -2.76069
    0.616252      1.07029     -1.57754      1.87198     -2.05373     -1.43366     0.380898
    0.616328      1.05953        -1.57      1.87198      1.07913      1.42446     -2.75573
    0.616328      1.05953        -1.57      1.87198     -2.06246     -1.42446     0.385866
  -0.0272387     0.556128   -0.0408188      1.87198    0.0328974     0.714121     -1.62383
  -0.0272387     0.556128   -0.0408188      1.87198      -3.1087    -0.714121      1.51776
  -0.0481506     0.555933 -0.000915084      1.87198  0.000737836     0.713675     -1.58654
  -0.0481506     0.555933 -0.000915084      1.87198     -3.14085    -0.713675      1.55505
  -0.0685414     0.556102    0.0379935      1.87198   -0.0306215     0.714061     -1.55018
  -0.0685414     0.556102    0.0379935      1.87198     -3.17221    -0.714061      1.59141
   -0.713586      1.05875      1.56943      1.87198      -1.0785      1.42378    -0.416015
   -0.713586      1.05875      1.56943      1.87198     -4.22009     -1.42378      2.72558
    -0.71352      1.06979      1.57719      1.87198     -1.08745      1.43324    -0.410914
    -0.71352      1.06979      1.57719      1.87198     -4.22904     -1.43324      2.73068
    0.616306      1.06586     -1.57447      1.87198      1.08426      1.42989     -2.75866
    0.616306      1.06586     -1.57447      1.87198     -2.05733     -1.42989     0.382931
    0.616303      1.05509     -1.56679      1.87198      1.07553       1.4206     -2.75364
    0.616303      1.05509     -1.56679      1.87198     -2.06606      -1.4206     0.387949
  -0.0356429     0.556005   -0.0247807      1.87198    0.0199755     0.713839     -1.60885
  -0.0356429     0.556005   -0.0247807      1.87198     -3.12162    -0.713839      1.53274
  -0.0560371     0.555956    0.0141325      1.87198   -0.0113928     0.713728     -1.57248
  -0.0560371     0.555956    0.0141325      1.87198     -3.15299    -0.713728      1.56911
  -0.0769408     0.556276    0.0540252      1.87198   -0.0435311     0.714456     -1.53521
  -0.0769408     0.556276    0.0540252      1.87198     -3.18512    -0.714456      1.60638
   -0.713529      1.05215      1.56462      1.87198     -1.07315      1.41803    -0.419128
   -0.713529      1.05215      1.56462      1.87198     -4.21474     -1.41803      2.72246
   -0.713585      1.06291       1.5724      1.87198     -1.08187      1.42737    -0.414077
   -0.713585      1.06291       1.5724      1.87198     -4.22346     -1.42737      2.72752
    0.616328      1.06197     -1.57174      1.87198      1.08111      1.42656     -2.75686
    0.616328      1.06197     -1.57174      1.87198     -2.06049     -1.42656     0.384729
     0.61625      1.05093     -1.56372      1.87198      1.07216      1.41696     -2.75167
     0.61625      1.05093     -1.56372      1.87198     -2.06943     -1.41696     0.389923
  -0.0226214     0.556222   -0.0496315      1.87198    0.0399943     0.714334     -1.63206
  -0.0226214     0.556222   -0.0496315      1.87198      -3.1016    -0.714334      1.50953
  -0.0435283     0.555944  -0.00973459      1.87198   0.00784777       0.7137     -1.59479
  -0.0435283     0.555944  -0.00973459      1.87198     -3.13374      -0.7137       1.5468
  -0.0639218     0.556033    0.0291777      1.87198   -0.0235187     0.713903     -1.55842
  -0.0639218     0.556033    0.0291777      1.87198     -3.16511    -0.713903      1.58317
   -0.713574      1.05631      1.56767      1.87198     -1.07652      1.42166     -0.41716
   -0.713574      1.05631      1.56767      1.87198     -4.21811     -1.42166      2.72443
   -0.713552      1.06735      1.57551      1.87198     -1.08547      1.43117     -0.41203
   -0.713552      1.06735      1.57551      1.87198     -4.22706     -1.43117      2.72956
    0.616277      1.06857     -1.57636      1.87198      1.08646      1.43221     -2.75991
    0.616277      1.06857     -1.57636      1.87198     -2.05513     -1.43221     0.381685
    0.616321      1.05753     -1.56856      1.87198      1.07751      1.42273     -2.75479
    0.616321      1.05753     -1.56856      1.87198     -2.06408     -1.42273     0.386801
  -0.0310226     0.556065   -0.0335975      1.87198    0.0270801     0.713977     -1.61709
  -0.0310226     0.556065   -0.0335975      1.87198     -3.11451    -0.713977       1.5245
   -0.051415     0.555936   0.00531328      1.87198   -0.0042833     0.713683     -1.58072
   -0.051415     0.555936   0.00531328      1.87198     -3.14588    -0.713683      1.56087
  -0.0723246     0.556173    0.0452139      1.87198    -0.036437     0.714222     -1.54344
  -0.0723246     0.556173    0.0452139      1.87198     -3.17803    -0.714222      1.59815
   -0.713489      1.04971      1.56281      1.87198     -1.07117      1.41588    -0.420291
   -0.713489      1.04971      1.56281      1.87198     -4.21276     -1.41588       2.7213
   -0.713589      1.06075      1.57087      1.87198     -1.08012      1.42551    -0.415082
   -0.713589      1.06075      1.57087      1.87198     -4.22171     -1.42551      2.72651
   -0.713491      1.07151      1.57837      1.87198     -1.08885      1.43469    -0.410129
   -0.713491      1.07151      1.57837      1.87198     -4.23044     -1.43469      2.73146
    0.616319      1.06413     -1.57326      1.87198      1.08286      1.42842     -2.75787
    0.616319      1.06413     -1.57326      1.87198     -2.05873     -1.42842     0.383726
    0.616285      1.05337     -1.56552      1.87198      1.07414       1.4191     -2.75283
    0.616285      1.05337     -1.56552      1.87198     -2.06746      -1.4191     0.388763
  -0.0389064     0.555973   -0.0185535      1.87198    0.0149566     0.713767     -1.60303
  -0.0389064     0.555973   -0.0185535      1.87198     -3.12664    -0.713767      1.53856
  -0.0598233     0.555986     0.021357      1.87198    -0.017216     0.713797     -1.56573
  -0.0598233     0.555986     0.021357      1.87198     -3.15881    -0.713797      1.57587
   -0.713554      1.05414      1.56609      1.87198     -1.07476      1.41978    -0.418181
   -0.713554      1.05414      1.56609      1.87198     -4.21636     -1.41978      2.72341
   -0.713574      1.06491      1.57381      1.87198     -1.08349      1.42908    -0.413153
   -0.713574      1.06491      1.57381      1.87198     -4.22508     -1.42908      2.72844
     0.61624      1.07101     -1.57803      1.87198      1.08844      1.43427     -2.76102
     0.61624      1.07101     -1.57803      1.87198     -2.05315     -1.43427     0.380572
    0.616329      1.05997     -1.57031      1.87198      1.07949      1.42484     -2.75593
    0.616329      1.05997     -1.57031      1.87198     -2.06211     -1.42484     0.385659
    0.616219      1.04921     -1.56244      1.87198      1.07076      1.41544     -2.75085
    0.616219      1.04921     -1.56244      1.87198     -2.07083     -1.41544     0.390745
  -0.0264038     0.556144   -0.0424121      1.87198    0.0341808     0.714156     -1.62532
  -0.0264038     0.556144   -0.0424121      1.87198     -3.10741    -0.714156      1.51627
  -0.0467925     0.555934  -0.00350628      1.87198   0.00282679     0.713678     -1.58897
  -0.0467925     0.555934  -0.00350628      1.87198     -3.13877    -0.713678      1.55263
  -0.0677064     0.556088       0.0364      1.87198   -0.0293377     0.714029     -1.55167
  -0.0677064     0.556088       0.0364      1.87198     -3.17093    -0.714029      1.58992
   -0.713584      1.05803      1.56892      1.87198     -1.07791      1.42316    -0.416351
   -0.713584      1.05803      1.56892      1.87198     -4.21951     -1.42316      2.72524
   -0.713526      1.06935      1.57689      1.87198     -1.08709      1.43286    -0.411115
   -0.713526      1.06935      1.57689      1.87198     -4.22868     -1.43286      2.73048
      0.6163      1.06657     -1.57497      1.87198      1.08484      1.43051     -2.75899
      0.6163      1.06657     -1.57497      1.87198     -2.05675     -1.43051     0.382602
    0.616309      1.05581     -1.56731      1.87198      1.07611      1.42123     -2.75398
    0.616309      1.05581     -1.56731      1.87198     -2.06548     -1.42123     0.387611
  -0.0342853     0.556021   -0.0273713      1.87198    0.0220633     0.713876     -1.61127
  -0.0342853     0.556021   -0.0273713      1.87198     -3.11953    -0.713876      1.53032
  -0.0552016     0.555951    0.0125383      1.87198   -0.0101077     0.713717     -1.57397
  -0.0552016     0.555951    0.0125383      1.87198      -3.1517    -0.713717      1.56762
  -0.0755847     0.556244    0.0514367      1.87198   -0.0414474     0.714383     -1.53763
  -0.0755847     0.556244    0.0514367      1.87198     -3.18304    -0.714383      1.60396
   -0.713518      1.05143      1.56409      1.87198     -1.07256       1.4174     -0.41947
   -0.713518      1.05143      1.56409      1.87198     -4.21416      -1.4174      2.72212
   -0.713587      1.06247      1.57209      1.87198     -1.08151      1.42699    -0.414281
   -0.713587      1.06247      1.57209      1.87198      -4.2231     -1.42699      2.72731
    0.616326      1.06241     -1.57205      1.87198      1.08146      1.42694     -2.75707
    0.616326      1.06241     -1.57205      1.87198     -2.06013     -1.42694     0.384524
    0.616257      1.05137     -1.56405      1.87198      1.07252      1.41735     -2.75188
    0.616257      1.05137     -1.56405      1.87198     -2.06908     -1.41735     0.389712
   -0.021787     0.556241   -0.0512244      1.87198    0.0412767     0.714377     -1.63355
   -0.021787     0.556241   -0.0512244      1.87198     -3.10032    -0.714377      1.50804
  -0.0421703      0.55595   -0.0123257      1.87198   0.00993652     0.713716     -1.59721
  -0.0421703      0.55595   -0.0123257      1.87198     -3.13166    -0.713716      1.54438
  -0.0630865     0.556022    0.0275839      1.87198   -0.0222343     0.713878     -1.55991
  -0.0630865     0.556022    0.0275839      1.87198     -3.16383    -0.713878      1.58168
    -0.71357      1.05587      1.56735      1.87198     -1.07616      1.42128    -0.417368
    -0.71357      1.05587      1.56735      1.87198     -4.21775     -1.42128      2.72423
    -0.71356      1.06663      1.57501      1.87198     -1.08489      1.43056    -0.412359
    -0.71356      1.06663      1.57501      1.87198     -4.22648     -1.43056      2.72923
    0.616271      1.06901     -1.57666      1.87198      1.08682      1.43258     -2.76011
    0.616271      1.06901     -1.57666      1.87198     -2.05477     -1.43258     0.381483
    0.616323      1.05797     -1.56888      1.87198      1.07787      1.42311       -2.755
    0.616323      1.05797     -1.56888      1.87198     -2.06373     -1.42311     0.386594
  -0.0296654     0.556087   -0.0361875      1.87198    0.0291668     0.714025     -1.61951
  -0.0296654     0.556087   -0.0361875      1.87198     -3.11243    -0.714025      1.52209
  -0.0505793     0.555934   0.00371895      1.87198    -0.002998     0.713679     -1.58221
  -0.0505793     0.555934   0.00371895      1.87198     -3.14459    -0.713679      1.55938
  -0.0714898     0.556156    0.0436207      1.87198    -0.035154     0.714184     -1.54493
  -0.0714898     0.556156    0.0436207      1.87198     -3.17675    -0.714184      1.59667
    -0.71348      1.04927      1.56248      1.87198     -1.07081      1.41549    -0.420502
    -0.71348      1.04927      1.56248      1.87198      -4.2124     -1.41549      2.72109
   -0.713589       1.0603      1.57055      1.87198     -1.07976      1.42513    -0.415288
   -0.713589       1.0603      1.57055      1.87198     -4.22135     -1.42513      2.72631
   -0.713499      1.07107      1.57807      1.87198     -1.08849      1.43432    -0.410329
   -0.713499      1.07107      1.57807      1.87198     -4.23008     -1.43432      2.73126
    0.616314      1.06485     -1.57377      1.87198      1.08344      1.42903      -2.7582
    0.616314      1.06485     -1.57377      1.87198     -2.05815     -1.42903     0.383395
     0.61629      1.05381     -1.56585      1.87198      1.07449      1.41948     -2.75304
     0.61629      1.05381     -1.56585      1.87198      -2.0671     -1.41948     0.388555
  -0.0380709      0.55598   -0.0201477      1.87198    0.0162415     0.713784     -1.60452
  -0.0380709      0.55598   -0.0201477      1.87198     -3.12535    -0.713784      1.53707
  -0.0584655     0.555974    0.0187661      1.87198   -0.0151277     0.713769     -1.56815
  -0.0584655     0.555974    0.0187661      1.87198     -3.15672    -0.713769      1.57344
   -0.713546      1.05343      1.56557      1.87198     -1.07418      1.41915     -0.41852
   -0.713546      1.05343      1.56557      1.87198     -4.21578     -1.41915      2.72307
   -0.713579      1.06419      1.57331      1.87198     -1.08291      1.42847    -0.413484
   -0.713579      1.06419      1.57331      1.87198      -4.2245     -1.42847      2.72811
    0.616232      1.07145     -1.57833      1.87198       1.0888      1.43464     -2.76122
    0.616232      1.07145     -1.57833      1.87198     -2.05279     -1.43464     0.380371
    0.616329      1.06069     -1.57082      1.87198      1.08007      1.42546     -2.75627
    0.616329      1.06069     -1.57082      1.87198     -2.06152     -1.42546     0.385325
    0.616227      1.04965     -1.56277      1.87198      1.07112      1.41583     -2.75106
    0.616227      1.04965     -1.56277      1.87198     -2.07047     -1.41583     0.390535
  -0.0250471     0.556171   -0.0450016      1.87198    0.0362662     0.714217     -1.62774
  -0.0250471     0.556171   -0.0450016      1.87198     -3.10533    -0.714217      1.51385
  -0.0459569     0.555936  -0.00510066      1.87198   0.00411213     0.713682     -1.59046
  -0.0459569     0.555936  -0.00510066      1.87198     -3.13748    -0.713682      1.55114
  -0.0663492     0.556067      0.03381      1.87198   -0.0272511     0.713981     -1.55409
  -0.0663492     0.556067      0.03381      1.87198     -3.16884    -0.713981       1.5875
   -0.713582      1.05759       1.5686      1.87198     -1.07756      1.42278    -0.416558
   -0.713582      1.05759       1.5686      1.87198     -4.21915     -1.42278      2.72503
   -0.713536      1.06863       1.5764      1.87198     -1.08651      1.43225    -0.411443
   -0.713536      1.06863       1.5764      1.87198      -4.2281     -1.43225      2.73015
    0.616292      1.06729     -1.57547      1.87198      1.08542      1.43112     -2.75932
    0.616292      1.06729     -1.57547      1.87198     -2.05617     -1.43112     0.382273
    0.616313      1.05625     -1.56763      1.87198      1.07647      1.42161     -2.75419
    0.616313      1.05625     -1.56763      1.87198     -2.06512     -1.42161     0.387403
    -0.03345     0.556031   -0.0289654      1.87198    0.0233478     0.713899     -1.61276
    -0.03345     0.556031   -0.0289654      1.87198     -3.11824    -0.713899      1.52883
  -0.0538436     0.555944   0.00994715      1.87198  -0.00801889     0.713701     -1.57639
  -0.0538436     0.555944   0.00994715      1.87198     -3.14961    -0.713701       1.5652
  -0.0747503     0.556225    0.0498439      1.87198    -0.040165     0.714339     -1.53912
  -0.0747503     0.556225    0.0498439      1.87198     -3.18176    -0.714339      1.60248
   -0.713511      1.05099      1.56376      1.87198     -1.07221      1.41701     -0.41968
   -0.713511      1.05099      1.56376      1.87198      -4.2138     -1.41701      2.72191
   -0.713588      1.06203      1.57178      1.87198     -1.08115      1.42661    -0.414486
   -0.713588      1.06203      1.57178      1.87198     -4.22275     -1.42661      2.72711
    0.616325      1.06285     -1.57236      1.87198      1.08182      1.42732     -2.75727
    0.616325      1.06285     -1.57236      1.87198     -2.05977     -1.42732     0.384319
    0.616263      1.05181     -1.56437      1.87198      1.07287      1.41773     -2.75209
    0.616263      1.05181     -1.56437      1.87198     -2.06872     -1.41773     0.389503
  -0.0204309     0.556273   -0.0538129      1.87198    0.0433604      0.71445     -1.63597
  -0.0204309     0.556273   -0.0538129      1.87198     -3.09823     -0.71445      1.50563
  -0.0413347     0.555955     -0.01392      1.87198    0.0112217     0.713727      -1.5987
  -0.0413347     0.555955     -0.01392      1.87198     -3.13037    -0.713727      1.54289
  -0.0622512     0.556012    0.0259899      1.87198   -0.0209498     0.713856      -1.5614
  -0.0622512     0.556012    0.0259899      1.87198     -3.16254    -0.713856       1.5802
   -0.713564      1.05515      1.56683      1.87198     -1.07558      1.42066    -0.417706
   -0.713564      1.05515      1.56683      1.87198     -4.21717     -1.42066      2.72389
   -0.713564      1.06619      1.57471      1.87198     -1.08453      1.43018    -0.412562
   -0.713564      1.06619      1.57471      1.87198     -4.22612     -1.43018      2.72903