  -0.330019    0.862571 -0.00819078     2.24803    0.198056   0.0316229    -2.08541
  -0.345368    0.862655   0.0303374     2.24803    -0.63733   0.0387293    -1.24077
  -0.992391     1.50533     1.57062     2.24803    -1.51986     1.52965   -0.297516
  -0.992332     1.51728     1.57148     2.24803    -1.52865      1.5378   -0.297079
  -0.320213     0.86267  -0.0328054     2.24803    0.674786   0.0398896    -2.56806
  -0.335955    0.862569    0.006708     2.24803   -0.162911   0.0314168    -1.72086
  -0.351694    0.862775    0.046215     2.24803   -0.842686   0.0470329    -1.03159
  -0.992338     1.49818     1.56992     2.24803    -1.51471     1.52463   -0.297735
  -0.992389     1.51013       1.571     2.24803    -1.52337     1.53296   -0.297351
  -0.326541    0.862593  -0.0169227     2.24803      0.3927    0.033592    -2.28215
   -0.34189     0.86261   0.0216067     2.24803   -0.486125   0.0351309    -1.39407
  -0.992379     1.50268     1.57037     2.24803    -1.51795     1.52781     -0.2976
  -0.992361     1.51464     1.57132     2.24803    -1.52669     1.53602   -0.297183
  -0.316736    0.862734  -0.0415331     2.24803    0.790344   0.0443997    -2.68571
  -0.332476    0.862565 -0.00202364     2.24803   0.0495582    0.031033    -1.93543
  -0.348217    0.862703    0.037488     2.24803   -0.739895   0.0422388    -1.13648
  -0.992302     1.49553     1.56964     2.24803    -1.51283     1.52276   -0.297809
  -0.992394     1.50749      1.5708     2.24803    -1.52143     1.53114   -0.297443
  -0.992306     1.51915     1.57158     2.24803    -1.53004     1.53905   -0.297003
  -0.323062    0.862629  -0.0256541     2.24803    0.559935   0.0366931    -2.45149
  -0.338412    0.862581   0.0128751     2.24803   -0.305443   0.0325226    -1.57685
  -0.992361     1.50034     1.57015     2.24803    -1.51626     1.52616   -0.297672
  -0.992381       1.512     1.57114     2.24803    -1.52474     1.53423   -0.297283
  -0.328997    0.862576  -0.0107567     2.24803    0.257641   0.0320685    -2.14561
   -0.34474    0.862646   0.0287593     2.24803   -0.612193   0.0380177    -1.26628
   -0.99239     1.50485     1.57057     2.24803    -1.51951     1.52932   -0.297531
  -0.992341     1.51651     1.57143     2.24803    -1.52807     1.53728    -0.29711
  -0.319585    0.862681  -0.0343834     2.24803    0.697577   0.0406623    -2.59123
  -0.334933    0.862566  0.00414205     2.24803   -0.101159   0.0311557    -1.78323
  -0.350673    0.862752   0.0436508     2.24803   -0.814779   0.0455753    -1.06012
  -0.992332      1.4977     1.56987     2.24803    -1.51437      1.5243   -0.297749
  -0.992392     1.50936     1.57095     2.24803     -1.5228     1.53243   -0.297379
  -0.325519    0.862602  -0.0194884     2.24803    0.444926   0.0343969      -2.335
  -0.341261    0.862604   0.0200288     2.24803   -0.455596   0.0345785    -1.42498
  -0.992376     1.50221     1.57033     2.24803     -1.5176     1.52747   -0.297615
  -0.992365     1.51416     1.57129     2.24803    -1.52634      1.5357   -0.297202
  -0.316107    0.862748  -0.0431116     2.24803    0.808682   0.0452747    -2.70443
  -0.331847    0.862566 -0.00360224     2.24803   0.0880558   0.0311175    -1.97431
  -0.347196    0.862685   0.0349237     2.24803   -0.705175   0.0409312    -1.17182
  -0.992294     1.49506     1.56958     2.24803    -1.51249     1.52242   -0.297822
  -0.992394     1.50671     1.57073     2.24803    -1.52087     1.53061    -0.29747
  -0.992313     1.51867     1.57155     2.24803    -1.52969     1.53873   -0.297023
  -0.322041    0.862643  -0.0282194     2.24803     0.60338   0.0377786    -2.49555
  -0.337783    0.862577    0.011297     2.24803   -0.269955    0.032178    -1.61272
  -0.992353     1.49956     1.57007     2.24803     -1.5157     1.52562   -0.297695
  -0.992383     1.51152     1.57111     2.24803    -1.52439     1.53391   -0.297301
  -0.328369     0.86258  -0.0123345     2.24803    0.293379   0.0323995    -2.18173
  -0.344111    0.862637   0.0271809     2.24803   -0.586099   0.0373309    -1.29276
  -0.992388     1.50437     1.57053     2.24803    -1.51917     1.52898   -0.297547
  -0.992346     1.51603      1.5714     2.24803    -1.52772     1.53696   -0.297129
  -0.318956    0.862692  -0.0359616     2.24803      0.7195   0.0414551    -2.61353
  -0.334304    0.862565  0.00256428     2.24803    -0.06276    0.031058    -1.82201
  -0.350044    0.862739   0.0420731     2.24803   -0.796696   0.0446968    -1.07858
  -0.992322     1.49692     1.56979     2.24803    -1.51381     1.52374   -0.297771
  -0.992393     1.50888     1.57091     2.24803    -1.52245      1.5321   -0.297395
  -0.992283     1.52054     1.57164     2.24803    -1.53108     1.53997   -0.296944
   -0.32489    0.862608  -0.0210666     2.24803     0.47579   0.0349386    -2.36624
  -0.340632    0.862598   0.0184499     2.24803   -0.424082    0.034059    -1.45687
  -0.992373     1.50173     1.57028     2.24803    -1.51726     1.52714    -0.29763
  -0.992371     1.51339     1.57123     2.24803    -1.52576     1.53517   -0.297231
  -0.315479    0.862761   -0.044689     2.24803    0.826295   0.0461615    -2.72242
  -0.330825    0.862568 -0.00616854     2.24803    0.150024   0.0313522    -2.03689
  -0.346567    0.862674   0.0333452     2.24803   -0.682677   0.0401518     -1.1947
  -0.992281     1.49428     1.56949     2.24803    -1.51193     1.52186   -0.297842
  -0.992393     1.50624     1.57069     2.24803    -1.52052     1.53028   -0.297486
  -0.992319     1.51819     1.57153     2.24803    -1.52933     1.53841   -0.297042
  -0.321412    0.862652   -0.029797     2.24803    0.628832   0.0384822    -2.52138
  -0.337154    0.862574  0.00971764     2.24803   -0.233711   0.0318746    -1.64934
  -0.992348     1.49909     1.57002     2.24803    -1.51536     1.52528   -0.297709
  -0.992386     1.51104     1.57107     2.24803    -1.52404     1.53358   -0.297318
   -0.32774    0.862584  -0.0139138     2.24803    0.328375   0.0327727    -2.21711
  -0.343089    0.862624   0.0246158     2.24803   -0.541618   0.0362715    -1.33785
  -0.992386     1.50389     1.57049     2.24803    -1.51882     1.52865   -0.297562
  -0.992355     1.51525     1.57136     2.24803    -1.52714     1.53644    -0.29716
  -0.318327    0.862703  -0.0375398     2.24803    0.740578   0.0422656    -2.63499
  -0.333675    0.862565 0.000985891     2.24803  -0.0241554   0.0310042    -1.86099
  -0.349416    0.862726   0.0404954     2.24803   -0.777883   0.0438361    -1.09777
  -0.992315     1.49644     1.56974     2.24803    -1.51347     1.52341   -0.297784
  -0.992394      1.5081     1.57085     2.24803    -1.52188     1.53156   -0.297422
  -0.992291     1.52006     1.57162     2.24803    -1.53073     1.53965   -0.296965
  -0.324261    0.862615  -0.0226453     2.24803    0.505686   0.0355124    -2.39652
   -0.33961    0.862589   0.0158842     2.24803   -0.370857   0.0332943    -1.51071
  -0.992369     1.50125     1.57024     2.24803    -1.51691      1.5268   -0.297645
  -0.992375     1.51291      1.5712     2.24803    -1.52541     1.53485   -0.297249
  -0.330196     0.86257 -0.00774708     2.24803    0.187591   0.0315569    -2.07484
  -0.345545    0.862658   0.0307808     2.24803   -0.644227   0.0389335    -1.23376
  -0.992273      1.4938     1.56944     2.24803     -1.5116     1.52152   -0.297855
  -0.992392     1.50576     1.57065     2.24803    -1.52017     1.52995   -0.297501
  -0.992326     1.51772      1.5715     2.24803    -1.52897     1.53809   -0.297062
  -0.320783    0.862661   -0.031375     2.24803    0.653354   0.0392097    -2.54628
  -0.336132     0.86257  0.00715253     2.24803   -0.173494   0.0314737    -1.71017
   -0.99234     1.49831     1.56994     2.24803     -1.5148     1.52473   -0.297731
  -0.992389     1.51027     1.57102     2.24803    -1.52347     1.53305   -0.297346
  -0.326718    0.862591  -0.0164797     2.24803    0.383433    0.033464    -2.27278
  -0.342067    0.862612   0.0220511     2.24803   -0.494544   0.0352935    -1.38554
   -0.99238     1.50282     1.57039     2.24803    -1.51804      1.5279   -0.297596
  -0.992359     1.51477     1.57133     2.24803    -1.52679     1.53611   -0.297178
  -0.317306    0.862723   -0.040103     2.24803    0.773088    0.043622    -2.66811
  -0.332653    0.862565  -0.0015806     2.24803   0.0387215   0.0310177    -1.92449
  -0.348394    0.862706   0.0379305     2.24803   -0.745667   0.0424696     -1.1306
  -0.992304     1.49567     1.56965     2.24803    -1.51292     1.52285   -0.297805
  -0.992394     1.50762     1.57081     2.24803    -1.52153     1.53124   -0.297439
  -0.992299     1.51958      1.5716     2.24803    -1.53037     1.53934   -0.296985
  -0.323239    0.862627  -0.0252107     2.24803    0.552167   0.0365106    -2.44361
  -0.338982    0.862585    0.014306     2.24803   -0.336935   0.0328726    -1.54501
   -0.99236     1.50018     1.57013     2.24803    -1.51614     1.52605   -0.297677
   -0.99238     1.51213     1.57115     2.24803    -1.52484     1.53432   -0.297278
  -0.329174    0.862575   -0.010313     2.24803    0.247461   0.0319847    -2.13533
  -0.344916    0.862648   0.0292028     2.24803   -0.619355   0.0382133    -1.25901