  -0.059705     1.06594 -0.00984913     1.85338    0.039082    0.222458    -1.65495
 -0.0644322     1.06594  0.00748856     1.85338  -0.0297213    0.222382    -1.58419
 -0.0569344     1.06596  -0.0200098     1.85338   0.0792632    0.223017    -1.69629
 -0.0694724     1.06598   0.0259723     1.85338   -0.102722    0.223522    -1.50909
 -0.0616616     1.06594 -0.00267299     1.85338   0.0106123    0.222291    -1.62567
 -0.0667019     1.06595   0.0158129     1.85338  -0.0626912     0.22274    -1.55027
 -0.0588909     1.06595  -0.0128345     1.85338   0.0509085    0.222583    -1.66712
 -0.0639313     1.06594  0.00565164     1.85338  -0.0224337    0.222337    -1.59168
 -0.0564336     1.06597  -0.0218464     1.85338   0.0865011    0.223159    -1.70373
 -0.0686584     1.06597   0.0229874     1.85338  -0.0909915    0.223253    -1.52116
 -0.0611607     1.06594 -0.00451018     1.85338   0.0179047    0.222316    -1.63317
 -0.0662011     1.06595   0.0139759     1.85338  -0.0554254    0.222639    -1.55775
 -0.0583901     1.06595  -0.0146713     1.85338   0.0581774    0.222676     -1.6746
 -0.0634305     1.06594  0.00381464     1.85338  -0.0151433    0.222305    -1.59918
 -0.0556196     1.06597  -0.0248312     1.85338   0.0982419    0.223415    -1.71581
 -0.0681576     1.06596   0.0211509     1.85338  -0.0837606    0.223104     -1.5286
 -0.0606598     1.06594 -0.00634718     1.85338   0.0251943    0.222353    -1.64067
  -0.065387     1.06594   0.0109905     1.85338  -0.0436041    0.222501    -1.56991
 -0.0578892     1.06595  -0.0165082     1.85338     0.06544    0.222782    -1.68207
 -0.0626164     1.06594 0.000828974     1.85338  -0.0032908     0.22228    -1.61137
 -0.0551188     1.06598  -0.0266674     1.85338     0.10545    0.223589    -1.72323
 -0.0673436     1.06596   0.0181659     1.85338  -0.0719873    0.222888    -1.54071
 -0.0598458     1.06594  -0.0093326     1.85338   0.0370344    0.222439    -1.65285
 -0.0648862     1.06594  0.00915361     1.85338  -0.0363241    0.222433    -1.57739
 -0.0570752     1.06596  -0.0194932     1.85338   0.0772259     0.22298    -1.69419
 -0.0696132     1.06598   0.0264885     1.85338   -0.104748    0.223572    -1.50701
 -0.0621156     1.06594 -0.00100806     1.85338  0.00400259    0.222281    -1.61887
 -0.0668427     1.06595   0.0163293     1.85338  -0.0647321    0.222771    -1.54817