    -0.68593      1.46637      1.57133      2.01704      -1.4763      1.52628    -0.188665
    -0.68593      1.46637      1.57133      2.01704      -4.6179     -1.52628      2.95293
  -0.0456286     0.855043   -0.0236889      2.01704    0.0670068     0.270226     -1.64345
  -0.0456286     0.855043   -0.0236889      2.01704     -3.07459    -0.270226      1.49814
  -0.0604765      0.85501    0.0146555      2.01704   -0.0414977     0.269817     -1.52856
  -0.0604765      0.85501    0.0146555      2.01704     -3.18309    -0.269817      1.61303
   -0.685933       1.4595      1.57032      2.01704     -1.47053      1.52242    -0.189046
   -0.685933       1.4595      1.57032      2.01704     -4.61212     -1.52242      2.95255
  -0.0513698     0.854997  -0.00886263      2.01704    0.0251057     0.269656     -1.59908
  -0.0513698     0.854997  -0.00886263      2.01704     -3.11649    -0.269656      1.54251
   -0.685939      1.46383      1.57098      2.01704     -1.47416      1.52487    -0.188809
   -0.685939      1.46383      1.57098      2.01704     -4.61576     -1.52487      2.95278
  -0.0574918     0.854994   0.00694764      2.01704   -0.0196823      0.26962     -1.55166
  -0.0574918     0.854994   0.00694764      2.01704     -3.16127     -0.26962      1.58993
   -0.685918      1.45696      1.56991      2.01704      -1.4684      1.52096     -0.18918
   -0.685918      1.45696      1.56991      2.01704        -4.61     -1.52096      2.95241
   -0.685917      1.46845      1.57162      2.01704     -1.47806      1.52743    -0.188545
   -0.685917      1.46845      1.57162      2.01704     -4.61966     -1.52743      2.95305
  -0.0480048     0.855019   -0.0175527      2.01704    0.0496879     0.269927     -1.62511
  -0.0480048     0.855019   -0.0175527      2.01704      -3.0919    -0.269927      1.51648
   -0.063233     0.855035    0.0217743      2.01704   -0.0616066     0.270123     -1.50726
   -0.063233     0.855035    0.0217743      2.01704      -3.2032    -0.270123      1.63433
   -0.685939      1.46129       1.5706      2.01704     -1.47203      1.52344    -0.188949
   -0.685939      1.46129       1.5706      2.01704     -4.61362     -1.52344      2.95264
  -0.0541266     0.854989  -0.00174304      2.01704   0.00493901     0.269567     -1.57773
  -0.0541266     0.854989  -0.00174304      2.01704     -3.13665    -0.269567      1.56386
   -0.685933      1.46591      1.57127      2.01704     -1.47592      1.52602    -0.188691
   -0.685933      1.46591      1.57127      2.01704     -4.61751     -1.52602       2.9529
  -0.0598681     0.855006    0.0130846      2.01704   -0.0370544     0.269766     -1.53326
  -0.0598681     0.855006    0.0130846      2.01704     -3.17865    -0.269766      1.60833
   -0.685931      1.45904      1.57025      2.01704     -1.47014      1.52216     -0.18907
   -0.685931      1.45904      1.57025      2.01704     -4.61173     -1.52216      2.95252
  -0.0507615        0.855   -0.0104336      2.01704    0.0295531     0.269692     -1.60379
  -0.0507615        0.855   -0.0104336      2.01704     -3.11204    -0.269692       1.5378
    -0.68594      1.46337      1.57091      2.01704     -1.47378      1.52461    -0.188834
    -0.68594      1.46337      1.57091      2.01704     -4.61537     -1.52461      2.95276
   -0.056503     0.854991   0.00439427      2.01704   -0.0124497     0.269586     -1.55932
   -0.056503     0.854991   0.00439427      2.01704     -3.15404    -0.269586      1.58228
   -0.685914       1.4565      1.56984      2.01704     -1.46802       1.5207    -0.189204
   -0.685914       1.4565      1.56984      2.01704     -4.60961      -1.5207      2.95239
   -0.685922      1.46771      1.57152      2.01704     -1.47743      1.52702    -0.188588
   -0.685922      1.46771      1.57152      2.01704     -4.61903     -1.52702        2.953
  -0.0473965     0.855024   -0.0191236      2.01704    0.0541253     0.269995     -1.62981
  -0.0473965     0.855024   -0.0191236      2.01704     -3.08747    -0.269995      1.51178
  -0.0626247     0.855028    0.0202034      2.01704   -0.0571736     0.270045     -1.51196
  -0.0626247     0.855028    0.0202034      2.01704     -3.19877    -0.270045      1.62963
   -0.685938      1.46084      1.57053      2.01704     -1.47164      1.52318    -0.188974
   -0.685938      1.46084      1.57053      2.01704     -4.61324     -1.52318      2.95262
  -0.0535182      0.85499  -0.00331422      2.01704   0.00939052     0.269576     -1.58244
  -0.0535182      0.85499  -0.00331422      2.01704      -3.1322    -0.269576      1.55915
   -0.685935      1.46546      1.57121      2.01704     -1.47553      1.52577    -0.188718
   -0.685935      1.46546      1.57121      2.01704     -4.61712     -1.52577      2.95288
  -0.0592598     0.855002    0.0115137      2.01704   -0.0326094      0.26972     -1.53797
  -0.0592598     0.855002    0.0115137      2.01704      -3.1742     -0.26972      1.60362
   -0.685929      1.45858      1.57017      2.01704     -1.46976      1.52189    -0.189095
   -0.685929      1.45858      1.57017      2.01704     -4.61135     -1.52189       2.9525
   -0.685905      1.46979      1.57179      2.01704      -1.4792      1.52816    -0.188467
   -0.685905      1.46979      1.57179      2.01704     -4.62079     -1.52816      2.95313
  -0.0501531     0.855003   -0.0120047      2.01704    0.0339996     0.269733      -1.6085
  -0.0501531     0.855003   -0.0120047      2.01704     -3.10759    -0.269733      1.53309
    -0.68594      1.46292      1.57084      2.01704     -1.47339      1.52435     -0.18886
    -0.68594      1.46292      1.57084      2.01704     -4.61498     -1.52435      2.95273
  -0.0558947      0.85499   0.00282308      2.01704  -0.00799842     0.269573     -1.56403
  -0.0558947      0.85499   0.00282308      2.01704     -3.14959    -0.269573      1.57756
   -0.685907      1.45576      1.56971      2.01704      -1.4674      1.52026    -0.189243
   -0.685907      1.45576      1.56971      2.01704     -4.60899     -1.52026      2.95235
   -0.685925      1.46725      1.57145      2.01704     -1.47704      1.52676    -0.188615
   -0.685925      1.46725      1.57145      2.01704     -4.61864     -1.52676      2.95298
  -0.0467882      0.85503   -0.0206944      2.01704    0.0585602     0.270069     -1.63451
  -0.0467882      0.85503   -0.0206944      2.01704     -3.08303    -0.270069      1.50708
  -0.0616361     0.855019    0.0176505      2.01704   -0.0499634     0.269931     -1.51959
  -0.0616361     0.855019    0.0176505      2.01704     -3.19156    -0.269931        1.622
   -0.685937      1.46038      1.57046      2.01704     -1.47126      1.52291    -0.188999
   -0.685937      1.46038      1.57046      2.01704     -4.61285     -1.52291      2.95259
  -0.0525295     0.854993  -0.00586748      2.01704    0.0166235     0.269604      -1.5901
  -0.0525295     0.854993  -0.00586748      2.01704     -3.12497    -0.269604      1.55149
   -0.685936        1.465      1.57114      2.01704     -1.47514      1.52551    -0.188743
   -0.685936        1.465      1.57114      2.01704     -4.61673     -1.52551      2.95285
  -0.0582711     0.854997    0.0089604      2.01704   -0.0253819     0.269658     -1.54562
  -0.0582711     0.854997    0.0089604      2.01704     -3.16697    -0.269658      1.59597
   -0.685924      1.45784      1.57005      2.01704     -1.46914      1.52146    -0.189134
   -0.685924      1.45784      1.57005      2.01704     -4.61073     -1.52146      2.95246
   -0.685911      1.46904      1.57169      2.01704     -1.47856      1.52775    -0.188511
   -0.685911      1.46904      1.57169      2.01704     -4.62016     -1.52775      2.95308
  -0.0491645     0.855009   -0.0145579      2.01704    0.0412224     0.269814     -1.61615
  -0.0491645     0.855009   -0.0145579      2.01704     -3.10037    -0.269814      1.52544
  -0.0643926     0.855048    0.0247686      2.01704   -0.0700493     0.270288     -1.49832
  -0.0643926     0.855048    0.0247686      2.01704     -3.21164    -0.270288      1.64327
    -0.68594      1.46217      1.57073      2.01704     -1.47276      1.52393    -0.188901
    -0.68594      1.46217      1.57073      2.01704     -4.61436     -1.52393      2.95269
   -0.054906     0.854989  0.000269756      2.01704 -0.000764003     0.269563     -1.57169
   -0.054906     0.854989  0.000269756      2.01704     -3.14236    -0.269563       1.5699
   -0.685903       1.4553      1.56963      2.01704     -1.46702         1.52    -0.189267
   -0.685903       1.4553      1.56963      2.01704     -4.60861        -1.52      2.95233
   -0.685928      1.46679      1.57139      2.01704     -1.47666      1.52651    -0.188641
   -0.685928      1.46679      1.57139      2.01704     -4.61825     -1.52651      2.95295
  -0.0457996     0.855041   -0.0232473      2.01704    0.0657618     0.270201     -1.64214
  -0.0457996     0.855041   -0.0232473      2.01704     -3.07583    -0.270201      1.49946
  -0.0610278     0.855014    0.0160795      2.01704   -0.0455237     0.269869      -1.5243
  -0.0610278     0.855014    0.0160795      2.01704     -3.18712    -0.269869       1.6173
   -0.685934      1.45963      1.57034      2.01704     -1.47063      1.52249    -0.189039
   -0.685934      1.45963      1.57034      2.01704     -4.61223     -1.52249      2.95255
  -0.0519212     0.854995   -0.0074385      2.01704    0.0210731     0.269629     -1.59481
  -0.0519212     0.854995   -0.0074385      2.01704     -3.12052    -0.269629      1.54678
   -0.685939      1.46396      1.57099      2.01704     -1.47427      1.52494    -0.188802
   -0.685939      1.46396      1.57099      2.01704     -4.61586     -1.52494      2.95279
  -0.0576628     0.854994   0.00738925      2.01704   -0.0209329     0.269628     -1.55034
  -0.0576628     0.854994   0.00738925      2.01704     -3.16253    -0.269628      1.59126
   -0.685919      1.45709      1.56993      2.01704     -1.46851      1.52103    -0.189174
   -0.685919      1.45709      1.56993      2.01704     -4.61011     -1.52103      2.95242
   -0.685915      1.46858      1.57163      2.01704     -1.47817       1.5275    -0.188538
   -0.685915      1.46858      1.57163      2.01704     -4.61977      -1.5275      2.95305
  -0.0485562     0.855014   -0.0161287      2.01704    0.0456634      0.26987     -1.62085
  -0.0485562     0.855014   -0.0161287      2.01704     -3.09593     -0.26987      1.52074
   -0.063404     0.855036    0.0222159      2.01704   -0.0628524     0.270146     -1.50594
   -0.063404     0.855036    0.0222159      2.01704     -3.20445    -0.270146      1.63565
   -0.685939      1.46142      1.57062      2.01704     -1.47214      1.52351    -0.188942
   -0.685939      1.46142      1.57062      2.01704     -4.61373     -1.52351      2.95265
  -0.0542976     0.854989  -0.00130136      2.01704   0.00368757     0.269565      -1.5764
  -0.0542976     0.854989  -0.00130136      2.01704     -3.13791    -0.269565      1.56519
   -0.685931      1.46633      1.57133      2.01704     -1.47627      1.52626    -0.188668
   -0.685931      1.46633      1.57133      2.01704     -4.61786     -1.52626      2.95292