    -0.69904       1.2391      1.56859      2.03362     -1.27274        1.423   -0.0535858
    -0.69904       1.2391      1.56859      2.03362     -4.41434       -1.423     -3.19518
   -0.699026      1.25063      1.57363      2.03362     -1.28122      1.43225   -0.0507489
   -0.699026      1.25063      1.57363      2.03362     -4.42281     -1.43225     -3.19234
  -0.0363913     0.677517   -0.0113326      2.03362    0.0170218      0.43054     -1.42626
  -0.0363913     0.677517   -0.0113326      2.03362     -3.12457     -0.43054      1.71533
  -0.0547924     0.677589     0.027324      2.03362   -0.0410188     0.430883      -1.3618
  -0.0547924     0.677589     0.027324      2.03362     -3.18261    -0.430883      1.77979
   -0.699057      1.24345      1.57054      2.03362     -1.27593      1.42652   -0.0525112
   -0.699057      1.24345      1.57054      2.03362     -4.41752     -1.42652      -3.1941
  -0.0253893      0.67764   -0.0344459      2.03362    0.0516911     0.431128     -1.46477
  -0.0253893      0.67764   -0.0344459      2.03362      -3.0899    -0.431128      1.67683
  -0.0437891     0.677504   0.00420836      2.03362  -0.00632135     0.430478     -1.40033
  -0.0437891     0.677504   0.00420836      2.03362     -3.14791    -0.430478      1.74126
   -0.699017      1.23655      1.56743      2.03362     -1.27088      1.42092   -0.0542185
   -0.699017      1.23655      1.56743      2.03362     -4.41248     -1.42092     -3.19581
   -0.699046      1.24809      1.57255      2.03362     -1.27934      1.43023   -0.0513723
   -0.699046      1.24809      1.57255      2.03362     -4.42093     -1.43023     -3.19297
  -0.0327848     0.677544    -0.018909      2.03362     0.028396     0.430667     -1.43889
  -0.0327848     0.677544    -0.018909      2.03362      -3.1132    -0.430667       1.7027
  -0.0507269     0.677543    0.0187829      2.03362   -0.0282063     0.430664     -1.37603
  -0.0507269     0.677543    0.0187829      2.03362      -3.1698    -0.430664      1.76556
   -0.699052      1.24119      1.56953      2.03362     -1.27427      1.42469    -0.053069
   -0.699052      1.24119      1.56953      2.03362     -4.41586     -1.42469     -3.19466
   -0.699007      1.25243      1.57439      2.03362     -1.28255      1.43367   -0.0503101
   -0.699007      1.25243      1.57439      2.03362     -4.42414     -1.43367      -3.1919
  -0.0397225     0.677504   -0.0043344      2.03362   0.00651108     0.430479     -1.41459
  -0.0397225     0.677504   -0.0043344      2.03362     -3.13508    -0.430479      1.72701
  -0.0581224     0.677639    0.0343199      2.03362   -0.0515021     0.431123     -1.35015
  -0.0581224     0.677639    0.0343199      2.03362     -3.19309    -0.431123      1.79144
   -0.699056      1.24554      1.57145      2.03362     -1.27746      1.42819   -0.0519976
   -0.699056      1.24554      1.57145      2.03362     -4.41905     -1.42819     -3.19359
  -0.0287192      0.67759   -0.0274499      2.03362    0.0412079     0.430887     -1.45312
  -0.0287192      0.67759   -0.0274499      2.03362     -3.10038    -0.430887      1.68847
  -0.0466607     0.677514    0.0102409      2.03362   -0.0153819     0.430527     -1.39027
  -0.0466607     0.677514    0.0102409      2.03362     -3.15697    -0.430527      1.75132
   -0.699036      1.23864      1.56838      2.03362     -1.27241      1.42262      -0.0537
   -0.699036      1.23864      1.56838      2.03362       -4.414     -1.42262     -3.19529
   -0.699033      1.24989      1.57332      2.03362     -1.28067      1.43165   -0.0509322
   -0.699033      1.24989      1.57332      2.03362     -4.42226     -1.43165     -3.19252
  -0.0356562     0.677521   -0.0128769      2.03362    0.0193407     0.430561     -1.42883
  -0.0356562     0.677521   -0.0128769      2.03362     -3.12225    -0.430561      1.71276
  -0.0540575     0.677579      0.02578      2.03362   -0.0387036     0.430838     -1.36437
  -0.0540575     0.677579      0.02578      2.03362      -3.1803    -0.430838      1.77722
   -0.699057      1.24299      1.57033      2.03362     -1.27559      1.42615   -0.0526247
   -0.699057      1.24299      1.57033      2.03362     -4.41718     -1.42615     -3.19422
  -0.0246545     0.677653   -0.0359895      2.03362    0.0540026     0.431188     -1.46733
  -0.0246545     0.677653   -0.0359895      2.03362     -3.08759    -0.431188      1.67426
  -0.0425943     0.677503   0.00169837      2.03362  -0.00255103      0.43047     -1.40452
  -0.0425943     0.677503   0.00169837      2.03362     -3.14414     -0.43047      1.73707
  -0.0609923     0.677692    0.0403495      2.03362   -0.0605272     0.431373     -1.34013
  -0.0609923     0.677692    0.0403495      2.03362     -3.20212    -0.431373      1.80146
   -0.699012      1.23609      1.56722      2.03362     -1.27055      1.42054   -0.0543333
   -0.699012      1.23609      1.56722      2.03362     -4.41214     -1.42054     -3.19593
    -0.69905      1.24734      1.57223      2.03362     -1.27878      1.42963   -0.0515558
    -0.69905      1.24734      1.57223      2.03362     -4.42038     -1.42963     -3.19315
  -0.0315902     0.677555   -0.0214186      2.03362    0.0321619     0.430723     -1.44307
  -0.0315902     0.677555   -0.0214186      2.03362     -3.10943    -0.430723      1.69852
  -0.0499918     0.677537    0.0172388      2.03362   -0.0258887     0.430634      -1.3786
  -0.0499918     0.677537    0.0172388      2.03362     -3.16748    -0.430634      1.76299
   -0.699048      1.24044       1.5692      2.03362     -1.27372      1.42409   -0.0532541
   -0.699048      1.24044       1.5692      2.03362     -4.41532     -1.42409     -3.19485
   -0.699012      1.25197      1.57419      2.03362     -1.28221       1.4333   -0.0504226
   -0.699012      1.25197      1.57419      2.03362      -4.4238      -1.4333     -3.19202
  -0.0389874     0.677506   -0.0058787      2.03362   0.00883072     0.430488     -1.41716
  -0.0389874     0.677506   -0.0058787      2.03362     -3.13276    -0.430488      1.72443
  -0.0569282      0.67762    0.0318109      2.03362   -0.0477437     0.431031     -1.35433
  -0.0569282      0.67762    0.0318109      2.03362     -3.18934    -0.431031      1.78726
   -0.699057      1.24508      1.57125      2.03362     -1.27712      1.42782   -0.0521108
   -0.699057      1.24508      1.57125      2.03362     -4.41871     -1.42782      -3.1937
  -0.0279844       0.6776   -0.0289939      2.03362    0.0435225     0.430935     -1.45569
  -0.0279844       0.6776   -0.0289939      2.03362     -3.09807    -0.430935       1.6859
  -0.0459256     0.677511   0.00869661      2.03362   -0.0130627     0.430511     -1.39285
  -0.0459256     0.677511   0.00869661      2.03362     -3.15466    -0.430511      1.74874
    -0.69903      1.23789      1.56804      2.03362     -1.27186      1.42201   -0.0538856
    -0.69903      1.23789      1.56804      2.03362     -4.41345     -1.42201     -3.19548
   -0.699037      1.24943      1.57312      2.03362     -1.28032      1.43129   -0.0510445
   -0.699037      1.24943      1.57312      2.03362     -4.42192     -1.43129     -3.19264
  -0.0349211     0.677526   -0.0144211      2.03362    0.0216592     0.430584     -1.43141
  -0.0349211     0.677526   -0.0144211      2.03362     -3.11993    -0.430584      1.71018
   -0.052863     0.677565    0.0232707      2.03362     -0.03494     0.430769     -1.36855
   -0.052863     0.677565    0.0232707      2.03362     -3.17653    -0.430769      1.77304
   -0.699056      1.24253      1.57013      2.03362     -1.27525      1.42578   -0.0527383
   -0.699056      1.24253      1.57013      2.03362     -4.41684     -1.42578     -3.19433
  -0.0239199     0.677666    -0.037533      2.03362    0.0563131     0.431251      -1.4699
  -0.0239199     0.677666    -0.037533      2.03362     -3.08528    -0.431251      1.67169
  -0.0418591     0.677502  0.000154022      2.03362 -0.000231167     0.430469      -1.4071
  -0.0418591     0.677502  0.000154022      2.03362     -3.14182    -0.430469      1.73449
  -0.0602577     0.677677    0.0388061      2.03362   -0.0582179     0.431305     -1.34269
  -0.0602577     0.677677    0.0388061      2.03362     -3.19981    -0.431305       1.7989
   -0.699003      1.23534      1.56687      2.03362        -1.27      1.41993   -0.0545196
   -0.699003      1.23534      1.56687      2.03362      -4.4116     -1.41993     -3.19611
   -0.699052      1.24688      1.57203      2.03362     -1.27845      1.42926   -0.0516689
   -0.699052      1.24688      1.57203      2.03362     -4.42004     -1.42926     -3.19326
  -0.0308552     0.677563   -0.0229627      2.03362    0.0344784     0.430762     -1.44565
  -0.0308552     0.677563   -0.0229627      2.03362     -3.10711    -0.430762      1.69595
  -0.0487972     0.677527     0.014729      2.03362   -0.0221211     0.430589     -1.38279
  -0.0487972     0.677527     0.014729      2.03362     -3.16371    -0.430589       1.7588
   -0.699046      1.23998      1.56899      2.03362     -1.27339      1.42371   -0.0533681
   -0.699046      1.23998      1.56899      2.03362     -4.41498     -1.42371     -3.19496
   -0.699017      1.25151        1.574      2.03362     -1.28187      1.43294   -0.0505348
   -0.699017      1.25151        1.574      2.03362     -4.42346     -1.43294     -3.19213
  -0.0377927      0.67751  -0.00838859      2.03362    0.0126005     0.430508     -1.42135
  -0.0377927      0.67751  -0.00838859      2.03362     -3.12899    -0.430508      1.72024
  -0.0561934     0.677609    0.0302672      2.03362   -0.0454305     0.430977      -1.3569
  -0.0561934     0.677609    0.0302672      2.03362     -3.18702    -0.430977      1.78469
   -0.699057      1.24462      1.57105      2.03362     -1.27678      1.42745   -0.0522242
   -0.699057      1.24462      1.57105      2.03362     -4.41838     -1.42745     -3.19382
  -0.0267901     0.677618   -0.0315029      2.03362    0.0472827      0.43102     -1.45987
  -0.0267901     0.677618   -0.0315029      2.03362     -3.09431     -0.43102      1.68172
  -0.0451905     0.677508    0.0071524      2.03362   -0.0107434     0.430497     -1.39542
  -0.0451905     0.677508    0.0071524      2.03362     -3.15234    -0.430497      1.74617
   -0.699026      1.23743      1.56783      2.03362     -1.27152      1.42164   -0.0540001
   -0.699026      1.23743      1.56783      2.03362     -4.41312     -1.42164     -3.19559
   -0.699042      1.24868       1.5728      2.03362     -1.27977       1.4307   -0.0512279
   -0.699042      1.24868       1.5728      2.03362     -4.42136      -1.4307     -3.19282
  -0.0337264     0.677536   -0.0169308      2.03362    0.0254268     0.430628     -1.43559
  -0.0337264     0.677536   -0.0169308      2.03362     -3.11617    -0.430628        1.706
  -0.0521281     0.677557    0.0217266      2.03362   -0.0326235     0.430731     -1.37112
  -0.0521281     0.677557    0.0217266      2.03362     -3.17422    -0.430731      1.77047
   -0.699054      1.24178       1.5698      2.03362      -1.2747      1.42517   -0.0529232
   -0.699054      1.24178       1.5698      2.03362      -4.4163     -1.42517     -3.19452
   -0.698996      1.25331      1.57475      2.03362      -1.2832      1.43436   -0.0500962
   -0.698996      1.25331      1.57475      2.03362     -4.42479     -1.43436     -3.19169
  -0.0227259     0.677688   -0.0400416      2.03362    0.0600669     0.431359     -1.47407
  -0.0227259     0.677688   -0.0400416      2.03362     -3.08153    -0.431359      1.66752
   -0.041124     0.677502   -0.0013904      2.03362   0.00208881     0.430469     -1.40968
   -0.041124     0.677502   -0.0013904      2.03362      -3.1395    -0.430469      1.73192
  -0.0590637     0.677655    0.0362975      2.03362   -0.0544632       0.4312     -1.34686
  -0.0590637     0.677655    0.0362975      2.03362     -3.19606      -0.4312      1.79473
   -0.698997      1.23488      1.56666      2.03362     -1.26967      1.41955   -0.0546346
   -0.698997      1.23488      1.56666      2.03362     -4.41126     -1.41955     -3.19623
   -0.699054      1.24613      1.57171      2.03362     -1.27789      1.42867   -0.0518526
   -0.699054      1.24613      1.57171      2.03362     -4.41949     -1.42867     -3.19345
  -0.0296608     0.677577    -0.025472      2.03362    0.0382422     0.430829     -1.44983
  -0.0296608     0.677577    -0.025472      2.03362     -3.10335    -0.430829      1.69177
  -0.0480621     0.677522    0.0131849      2.03362   -0.0198027     0.430565     -1.38536
  -0.0480621     0.677522    0.0131849      2.03362      -3.1614    -0.430565      1.75623
   -0.699041      1.23923      1.56865      2.03362     -1.27284      1.42311   -0.0535536
   -0.699041      1.23923      1.56865      2.03362     -4.41443     -1.42311     -3.19515
   -0.699025      1.25076      1.57369      2.03362     -1.28131      1.43235   -0.0507176
   -0.699025      1.25076      1.57369      2.03362     -4.42291     -1.43235     -3.19231
  -0.0370576     0.677514  -0.00993285      2.03362    0.0149197     0.430523     -1.42392
  -0.0370576     0.677514  -0.00993285      2.03362     -3.12667    -0.430523      1.71767
  -0.0554585     0.677598    0.0287234      2.03362   -0.0431166     0.430927     -1.35947
  -0.0554585     0.677598    0.0287234      2.03362     -3.18471    -0.430927      1.78212
   -0.699058      1.24387      1.57072      2.03362     -1.27623      1.42685   -0.0524083
   -0.699058      1.24387      1.57072      2.03362     -4.41783     -1.42685       -3.194
  -0.0260553     0.677629   -0.0330468      2.03362    0.0495955     0.431075     -1.46244
  -0.0260553     0.677629   -0.0330468      2.03362       -3.092    -0.431075      1.67915
  -0.0439957     0.677505   0.00464249      2.03362  -0.00697346      0.43048     -1.39961
  -0.0439957     0.677505   0.00464249      2.03362     -3.14857     -0.43048      1.74198
   -0.699021      1.23697      1.56762      2.03362     -1.27119      1.42126   -0.0541148
   -0.699021      1.23697      1.56762      2.03362     -4.41278     -1.42126     -3.19571
   -0.699045      1.24822      1.57261      2.03362     -1.27943      1.43033   -0.0513405
   -0.699045      1.24822      1.57261      2.03362     -4.42102     -1.43033     -3.19293
  -0.0329914     0.677542   -0.0184749      2.03362    0.0277444     0.430658     -1.43817
  -0.0329914     0.677542   -0.0184749      2.03362     -3.11385    -0.430658      1.70342
  -0.0509335     0.677545     0.019217      2.03362   -0.0288577     0.430674     -1.37531
  -0.0509335     0.677545     0.019217      2.03362     -3.17045    -0.430674      1.76629
   -0.699052      1.24132      1.56959      2.03362     -1.27437       1.4248   -0.0530371
   -0.699052      1.24132      1.56959      2.03362     -4.41596      -1.4248     -3.19463
   -0.699002      1.25285      1.57456      2.03362     -1.28286      1.43399   -0.0502086
   -0.699002      1.25285      1.57456      2.03362     -4.42445     -1.43399      -3.1918
  -0.0399292     0.677504   -0.0039002      2.03362   0.00585887     0.430477     -1.41386
  -0.0399292     0.677504   -0.0039002      2.03362     -3.13573    -0.430477      1.72773
  -0.0583289     0.677643    0.0347538      2.03362   -0.0521519     0.431139     -1.34943
  -0.0583289     0.677643    0.0347538      2.03362     -3.19374    -0.431139      1.79216
    -0.69899      1.23442      1.56644      2.03362     -1.26933      1.41917   -0.0547494
    -0.69899      1.23442      1.56644      2.03362     -4.41093     -1.41917     -3.19634
   -0.699055      1.24595      1.57163      2.03362     -1.27777      1.42853    -0.051895
   -0.699055      1.24595      1.57163      2.03362     -4.41936     -1.42853     -3.19349
  -0.0289258     0.677587   -0.0270159      2.03362    0.0405573     0.430874      -1.4524
  -0.0289258     0.677587   -0.0270159      2.03362     -3.10104    -0.430874      1.68919
   -0.047327     0.677518    0.0116406      2.03362   -0.0174838     0.430544     -1.38794
   -0.047327     0.677518    0.0116406      2.03362     -3.15908    -0.430544      1.75365
   -0.699037      1.23877      1.56844      2.03362      -1.2725      1.42273    -0.053668
   -0.699037      1.23877      1.56844      2.03362     -4.41409     -1.42273     -3.19526
   -0.699029       1.2503      1.57349      2.03362     -1.28097      1.43198   -0.0508301
   -0.699029       1.2503      1.57349      2.03362     -4.42257     -1.43198     -3.19242