  -0.0761073      1.02188   -0.0132887      2.01401     0.107002     0.106347     -1.64636
  -0.0761073      1.02188   -0.0132887      2.01401     -3.03459    -0.106347      1.49524
  -0.0815183      1.02187   0.00431155      2.01401   -0.0348416     0.105783     -1.50154
  -0.0815183      1.02187   0.00431155      2.01401     -3.17643    -0.105783      1.64006
  -0.0785439      1.02187  -0.00536315      2.01401    0.0433313     0.105819     -1.58135
  -0.0785439      1.02187  -0.00536315      2.01401     -3.09826    -0.105819      1.56025
  -0.0836188      1.02188    0.0111438      2.01401   -0.0898369      0.10616     -1.44538
  -0.0836188      1.02188    0.0111438      2.01401     -3.23143     -0.10616      1.69621
  -0.0755696      1.02188   -0.0150374      2.01401     0.120946     0.106523      -1.6606
  -0.0755696      1.02188   -0.0150374      2.01401     -3.02065    -0.106523        1.481
  -0.0806444      1.02187   0.00146861      2.01401   -0.0118718     0.105723     -1.52499
  -0.0806444      1.02187   0.00146861      2.01401     -3.15346    -0.105723      1.61661
    -0.07767      1.02187  -0.00820559      2.01401    0.0662375     0.105958     -1.60473
    -0.07767      1.02187  -0.00820559      2.01401     -3.07536    -0.105958      1.53686
  -0.0830811      1.02187   0.00939443      2.01401   -0.0757962     0.106031     -1.45972
  -0.0830811      1.02187   0.00939443      2.01401     -3.21739    -0.106031      1.68187
  -0.0750319      1.02189   -0.0167864      2.01401     0.134843     0.106721     -1.67479
  -0.0750319      1.02189   -0.0167864      2.01401     -3.00675    -0.106721       1.4668
  -0.0801067      1.02187 -0.000279993      2.01401   0.00226446     0.105717     -1.53942
  -0.0801067      1.02187 -0.000279993      2.01401     -3.13933    -0.105717      1.60217
  -0.0851815      1.02189    0.0162262      2.01401    -0.130396     0.106655     -1.40397
  -0.0851815      1.02189    0.0162262      2.01401     -3.27199    -0.106655      1.73763
  -0.0771323      1.02188  -0.00995447      2.01401    0.0802963     0.106071     -1.61909
  -0.0771323      1.02188  -0.00995447      2.01401      -3.0613    -0.106071      1.52251
  -0.0822072      1.02187   0.00655206      2.01401    -0.052918     0.105869     -1.48308
  -0.0822072      1.02187   0.00655206      2.01401     -3.19451    -0.105869      1.65851
  -0.0744943      1.02189   -0.0185351      2.01401     0.148683     0.106941     -1.68893
  -0.0744943      1.02189   -0.0185351      2.01401     -2.99291    -0.106941      1.45267
   -0.079569      1.02187   -0.0020289      2.01401    0.0164022     0.105731     -1.55385
   -0.079569      1.02187   -0.0020289      2.01401     -3.12519    -0.105731      1.58774
  -0.0846438      1.02188    0.0144775      2.01401    -0.116485     0.106465     -1.41817
  -0.0846438      1.02188    0.0144775      2.01401     -3.25808    -0.106465      1.72342
  -0.0765946      1.02188   -0.0117035      2.01401     0.094323     0.106205     -1.63341
  -0.0765946      1.02188   -0.0117035      2.01401     -3.04727    -0.106205      1.50818
  -0.0816695      1.02187   0.00480329      2.01401   -0.0388114     0.105799     -1.49748
  -0.0816695      1.02187   0.00480329      2.01401      -3.1804    -0.105799      1.64411
  -0.0786951      1.02187  -0.00487154      2.01401    0.0393639     0.105801      -1.5773
  -0.0786951      1.02187  -0.00487154      2.01401     -3.10223    -0.105801       1.5643
  -0.0837699      1.02188    0.0116352      2.01401   -0.0937745       0.1062     -1.44136
  -0.0837699      1.02188    0.0116352      2.01401     -3.23537      -0.1062      1.70023