   -0.375869      0.83926   -0.0219564      2.00693     0.056045     0.295963     -1.79694
   -0.375869      0.83926   -0.0219564      2.00693     -3.08555    -0.295963      1.34465
   -0.390889     0.839239    0.0161744      2.00693   -0.0413081     0.295729     -1.69336
   -0.390889     0.839239    0.0161744      2.00693      -3.1829    -0.295729      1.44823
    -1.01508      1.43434      1.56954      2.00693      -1.4475      1.51217    -0.364656
    -1.01508      1.43434      1.56954      2.00693     -4.58909     -1.51217      2.77694
     -1.0151       1.4458      1.57162      2.00693     -1.45706      1.51885    -0.363872
     -1.0151       1.4458      1.57162      2.00693     -4.59865     -1.51885      2.77772
   -0.381677     0.839218  -0.00721195      2.00693    0.0184287     0.295507     -1.75692
   -0.381677     0.839218  -0.00721195      2.00693     -3.12316    -0.295507      1.38467
    -1.01511      1.43895      1.57042      2.00693     -1.45133      1.51489    -0.364348
    -1.01511      1.43895      1.57042      2.00693     -4.59292     -1.51489      2.77725
    -0.38787      0.83922   0.00850987      2.00693   -0.0217436     0.295529     -1.71418
    -0.38787      0.83922   0.00850987      2.00693     -3.16334    -0.295529      1.42742
    -1.01511      1.44327      1.57119      2.00693     -1.45493       1.5174     -0.36405
    -1.01511      1.44327      1.57119      2.00693     -4.59653      -1.5174      2.77754
   -0.378273     0.839238    -0.015854      2.00693    0.0404915     0.295718     -1.78039
   -0.378273     0.839238    -0.015854      2.00693      -3.1011    -0.295718       1.3612
   -0.393677     0.839266    0.0232521      2.00693   -0.0593432     0.296025     -1.67417
   -0.393677     0.839266    0.0232521      2.00693     -3.20094    -0.296025      1.46742
     -1.0151      1.43642      1.56994      2.00693     -1.44922       1.5134    -0.364518
     -1.0151      1.43642      1.56994      2.00693     -4.59081      -1.5134      2.77707
    -1.01508      1.44759      1.57191      2.00693     -1.45856      1.51986    -0.363745
    -1.01508      1.44759      1.57191      2.00693     -4.60015     -1.51986      2.77785
   -0.384465     0.839213 -0.000132531      2.00693  0.000338989     0.295452     -1.73767
   -0.384465     0.839213 -0.000132531      2.00693     -3.14125    -0.295452      1.40392
    -1.01511      1.44074      1.57074      2.00693     -1.45282      1.51593    -0.364226
    -1.01511      1.44074      1.57074      2.00693     -4.59441     -1.51593      2.77737
   -0.375254     0.839267   -0.0235183      2.00693    0.0600214     0.296038     -1.80118
   -0.375254     0.839267   -0.0235183      2.00693     -3.08157    -0.296038      1.34042
   -0.390273     0.839234    0.0146122      2.00693   -0.0373228     0.295678      -1.6976
   -0.390273     0.839234    0.0146122      2.00693     -3.17892    -0.295678      1.44399
    -1.01508      1.43388      1.56945      2.00693     -1.44712      1.51189    -0.364686
    -1.01508      1.43388      1.56945      2.00693     -4.58871     -1.51189      2.77691
     -1.0151      1.44535      1.57154      2.00693     -1.45667      1.51859    -0.363905
     -1.0151      1.44535      1.57154      2.00693     -4.59826     -1.51859      2.77769
   -0.381061     0.839221  -0.00877455      2.00693    0.0224202     0.295534     -1.76117
   -0.381061     0.839221  -0.00877455      2.00693     -3.11917    -0.295534      1.38043
    -1.01511       1.4382      1.57028      2.00693     -1.45071      1.51445    -0.364398
    -1.01511       1.4382      1.57028      2.00693      -4.5923     -1.51445      2.77719
   -0.386869     0.839217   0.00597128      2.00693   -0.0152585      0.29549     -1.72108
   -0.386869     0.839217   0.00597128      2.00693     -3.15685     -0.29549      1.42052
    -1.01511      1.44281      1.57111      2.00693     -1.45455      1.51713    -0.364082
    -1.01511      1.44281      1.57111      2.00693     -4.59614     -1.51713      2.77751
   -0.377657     0.839243   -0.0174161      2.00693    0.0444754     0.295773     -1.78463
   -0.377657     0.839243   -0.0174161      2.00693     -3.09712    -0.295773      1.35696
   -0.392677     0.839255    0.0207142      2.00693   -0.0528807     0.295906     -1.68105
   -0.392677     0.839255    0.0207142      2.00693     -3.19447    -0.295906      1.46055
    -1.01509      1.43567       1.5698      2.00693      -1.4486      1.51296    -0.364568
    -1.01509      1.43567       1.5698      2.00693      -4.5902     -1.51296      2.77702
    -1.01509      1.44713      1.57183      2.00693     -1.45818       1.5196    -0.363778
    -1.01509      1.44713      1.57183      2.00693     -4.59977      -1.5196      2.77782
   -0.383465     0.839214  -0.00267237      2.00693   0.00682967      0.29546     -1.74458
   -0.383465     0.839214  -0.00267237      2.00693     -3.13476     -0.29546      1.39701
    -1.01511      1.44028      1.57066      2.00693     -1.45243      1.51567    -0.364257
    -1.01511      1.44028      1.57066      2.00693     -4.59403     -1.51567      2.77734
   -0.374254      0.83928    -0.026057      2.00693    0.0664799     0.296171     -1.80805
   -0.374254      0.83928    -0.026057      2.00693     -3.07511    -0.296171      1.33354
   -0.389658      0.83923    0.0130495      2.00693   -0.0333349     0.295632     -1.70184
   -0.389658      0.83923    0.0130495      2.00693     -3.17493    -0.295632      1.43975
    -1.01511       1.4446      1.57142      2.00693     -1.45605      1.51816    -0.363957
    -1.01511       1.4446      1.57142      2.00693     -4.59764     -1.51816      2.77764
   -0.380061     0.839226   -0.0113138      2.00693    0.0289047     0.295587     -1.76807
   -0.380061     0.839226   -0.0113138      2.00693     -3.11269    -0.295587      1.37353
    -1.01511      1.43775      1.57019      2.00693     -1.45033      1.51418    -0.364429
    -1.01511      1.43775      1.57019      2.00693     -4.59192     -1.51418      2.77716
   -0.386254     0.839215   0.00440818      2.00693   -0.0112647     0.295472     -1.72533
   -0.386254     0.839215   0.00440818      2.00693     -3.15286    -0.295472      1.41627
    -1.01511      1.44207      1.57098      2.00693     -1.45393       1.5167    -0.364134
    -1.01511      1.44207      1.57098      2.00693     -4.59552      -1.5167      2.77746
   -0.377042     0.839248   -0.0189786      2.00693    0.0484588     0.295834     -1.78887
   -0.377042     0.839248   -0.0189786      2.00693     -3.09313    -0.295834      1.35272
   -0.392062     0.839249    0.0191526      2.00693   -0.0489016     0.295841     -1.68528
   -0.392062     0.839249    0.0191526      2.00693     -3.19049    -0.295841      1.45631
    -1.01509      1.43521      1.56971      2.00693     -1.44822      1.51269    -0.364598
    -1.01509      1.43521      1.56971      2.00693     -4.58982     -1.51269      2.77699
    -1.01509      1.44668      1.57176      2.00693     -1.45779      1.51934     -0.36381
    -1.01509      1.44668      1.57176      2.00693     -4.59938     -1.51934      2.77778
    -0.38285     0.839215  -0.00423414      2.00693    0.0108205     0.295471     -1.74882
    -0.38285     0.839215  -0.00423414      2.00693     -3.13077    -0.295471      1.39277
    -1.01511      1.43982      1.57058      2.00693     -1.45205       1.5154    -0.364288
    -1.01511      1.43982      1.57058      2.00693     -4.59365      -1.5154       2.7773
   -0.388658     0.839224     0.010511      2.00693   -0.0268542     0.295569     -1.70874
   -0.388658     0.839224     0.010511      2.00693     -3.16845    -0.295569      1.43285
    -1.01511      1.44386      1.57129      2.00693     -1.45542      1.51773    -0.364009
    -1.01511      1.44386      1.57129      2.00693     -4.59702     -1.51773      2.77758
   -0.379446     0.839229   -0.0128756      2.00693    0.0328915     0.295628     -1.77231
   -0.379446     0.839229   -0.0128756      2.00693      -3.1087    -0.295628      1.36929
   -0.394465     0.839275    0.0252543      2.00693   -0.0644379     0.296127     -1.66875
   -0.394465     0.839275    0.0252543      2.00693     -3.20603    -0.296127      1.47285
     -1.0151      1.43729      1.57011      2.00693     -1.44995      1.51391     -0.36446
     -1.0151      1.43729      1.57011      2.00693     -4.59154     -1.51391      2.77713
    -1.01508      1.44847      1.57205      2.00693      -1.4593      1.52035    -0.363682
    -1.01508      1.44847      1.57205      2.00693     -4.60089     -1.52035      2.77791
   -0.385639     0.839214    0.0028455      2.00693  -0.00727149     0.295461     -1.72958
   -0.385639     0.839214    0.0028455      2.00693     -3.14886    -0.295461      1.41202
    -1.01511      1.44161       1.5709      2.00693     -1.45354      1.51644    -0.364165
    -1.01511      1.44161       1.5709      2.00693     -4.59514     -1.51644      2.77743
   -0.376427     0.839254   -0.0205405      2.00693    0.0524389     0.295899     -1.79311
   -0.376427     0.839254   -0.0205405      2.00693     -3.08915    -0.295899      1.34849
   -0.391447     0.839243      0.01759      2.00693   -0.0449182      0.29578     -1.68952
   -0.391447     0.839243      0.01759      2.00693     -3.18651     -0.29578      1.45207
    -1.01509      1.43476      1.56962      2.00693     -1.44784      1.51241    -0.364629
    -1.01509      1.43476      1.56962      2.00693     -4.58944     -1.51241      2.77696
     -1.0151      1.44622      1.57168      2.00693     -1.45741      1.51908    -0.363843
     -1.0151      1.44622      1.57168      2.00693       -4.599     -1.51908      2.77775
   -0.382235     0.839216  -0.00579628      2.00693     0.014812     0.295488     -1.75307
   -0.382235     0.839216  -0.00579628      2.00693     -3.12678    -0.295488      1.38852
    -1.01511      1.43936      1.57049      2.00693     -1.45167      1.51513    -0.364319
    -1.01511      1.43936      1.57049      2.00693     -4.59326     -1.51513      2.77727
   -0.388427     0.839223   0.00992551      2.00693   -0.0253591     0.295556     -1.71033
   -0.388427     0.839223   0.00992551      2.00693     -3.16695    -0.295556      1.43126
    -1.01511      1.44369      1.57126      2.00693     -1.45528      1.51764    -0.364021
    -1.01511      1.44369      1.57126      2.00693     -4.59687     -1.51764      2.77757
   -0.378831     0.839233    -0.014438      2.00693    0.0368789     0.295673     -1.77655
   -0.378831     0.839233    -0.014438      2.00693     -3.10471    -0.295673      1.36504
   -0.394235     0.839273    0.0246689      2.00693   -0.0629487     0.296097     -1.67033
   -0.394235     0.839273    0.0246689      2.00693     -3.20454    -0.296097      1.47126
     -1.0151      1.43654      1.56996      2.00693     -1.44933      1.51348     -0.36451
     -1.0151      1.43654      1.56996      2.00693     -4.59092     -1.51348      2.77708
    -1.01508      1.44829      1.57202      2.00693     -1.45915      1.52025    -0.363694
    -1.01508      1.44829      1.57202      2.00693     -4.60074     -1.52025       2.7779
   -0.384254     0.839213 -0.000670254      2.00693   0.00171319     0.295452     -1.73913
   -0.384254     0.839213 -0.000670254      2.00693     -3.13988    -0.295452      1.40246
    -1.01511      1.44087      1.57076      2.00693     -1.45292      1.51601    -0.364217
    -1.01511      1.44087      1.57076      2.00693     -4.59452     -1.51601      2.77738
   -0.375427     0.839265    -0.023079      2.00693    0.0589032     0.296016     -1.79999
   -0.375427     0.839265    -0.023079      2.00693     -3.08269    -0.296016      1.34161
   -0.390831     0.839238    0.0160277      2.00693    -0.040934     0.295724     -1.69376
   -0.390831     0.839238    0.0160277      2.00693     -3.18253    -0.295724      1.44783