   -0.299468      1.03559   0.00108576      1.49026  -0.00161686     0.615748     -1.84209
   -0.802288      1.53363      1.57079      1.49026     -1.53375      1.57377    -0.856468
   -0.292919      1.03562   -0.0255448      1.49026    0.0380253     0.616196     -1.88148
   -0.303597       1.0356    0.0178764      1.49026   -0.0266165     0.615967     -1.81725
   -0.802257        1.528      1.57035      1.49026      -1.5281      1.57379    -0.856438
   -0.802277      1.53718        1.571      1.49026     -1.53731      1.57371    -0.856461
   -0.297048      1.03559  -0.00875655      1.49026    0.0130404       0.6158     -1.85665
   -0.802283      1.53155      1.57064      1.49026     -1.53167      1.57379    -0.856463
   -0.802241      1.54097      1.57119      1.49026      -1.5411      1.57358    -0.856429
   -0.301177      1.03559   0.00803569      1.49026   -0.0119667     0.615791      -1.8318
   -0.802231      1.52592      1.57015      1.49026     -1.52601      1.57377    -0.856415
   -0.802285      1.53534       1.5709      1.49026     -1.53546      1.57375    -0.856467
   -0.294628      1.03561   -0.0185973      1.49026    0.0276896     0.615985     -1.87121
    -0.30558      1.03562    0.0259371      1.49026   -0.0386083      0.61621     -1.80533
   -0.802271      1.52947      1.57047      1.49026     -1.52958       1.5738    -0.856451
   -0.802264      1.53889      1.57109      1.49026     -1.53902      1.57366     -0.85645
   -0.298757      1.03559  -0.00180581      1.49026   0.00268949     0.615749     -1.84637
   -0.802287      1.53326      1.57076      1.49026     -1.53338      1.57378    -0.856468
   -0.292208      1.03563   -0.0284364      1.49026    0.0423246     0.616303     -1.88575
    -0.30316       1.0356    0.0160974      1.49026   -0.0239688     0.615925     -1.81988
    -0.80225      1.52739      1.57029      1.49026     -1.52749      1.57378    -0.856432
    -0.80228      1.53681      1.57098      1.49026     -1.53693      1.57372    -0.856463
   -0.296337      1.03559   -0.0116472      1.49026    0.0173444      0.61584     -1.86093
   -0.802281      1.53118      1.57061      1.49026     -1.53129      1.57379    -0.856461
   -0.802249      1.54036      1.57116      1.49026     -1.54049      1.57361    -0.856436
    -0.30074      1.03559   0.00625592      1.49026  -0.00931643     0.615774     -1.83444
   -0.802226      1.52554      1.57012      1.49026     -1.52563      1.57376     -0.85641
   -0.802287      1.53473      1.57086      1.49026     -1.53485      1.57376    -0.856468
   -0.294191      1.03561   -0.0203761      1.49026    0.0303365     0.616033     -1.87384
   -0.304869      1.03562    0.0230455      1.49026   -0.0343077     0.616112      -1.8096
   -0.802267      1.52909      1.57044      1.49026      -1.5292       1.5738    -0.856448
   -0.802269      1.53828      1.57106      1.49026     -1.53841      1.57368    -0.856454
    -0.29832      1.03559   -0.0035848      1.49026   0.00533887     0.615756       -1.849
   -0.802286      1.53265      1.57072      1.49026     -1.53276      1.57379    -0.856467
   -0.802226      1.54207      1.57123      1.49026     -1.54219      1.57354    -0.856416
   -0.302449       1.0356    0.0132057      1.49026   -0.0196643     0.615867     -1.82416
   -0.802246      1.52701      1.57026      1.49026     -1.52711      1.57378    -0.856428
   -0.802281      1.53643      1.57096      1.49026     -1.53656      1.57372    -0.856464
     -0.2959       1.0356   -0.0134273      1.49026    0.0199944     0.615871     -1.86356
    -0.80228       1.5308      1.57058      1.49026     -1.53091       1.5738     -0.85646
   -0.802253      1.53998      1.57114      1.49026     -1.54011      1.57362     -0.85644
   -0.300302      1.03559   0.00447705      1.49026  -0.00666736     0.615761     -1.83707
   -0.802287      1.53435      1.57083      1.49026     -1.53447      1.57376    -0.856468
   -0.293753      1.03561   -0.0221553      1.49026    0.0329836     0.616085     -1.87647
   -0.304431      1.03561    0.0212674      1.49026   -0.0316624     0.616058     -1.81223
   -0.802264      1.52872      1.57041      1.49026     -1.52882      1.57379    -0.856445
   -0.802272       1.5379      1.57104      1.49026     -1.53803      1.57369    -0.856457
   -0.297882      1.03559  -0.00536433      1.49026   0.00798897     0.615767     -1.85163
   -0.802286      1.53227      1.57069      1.49026     -1.53239      1.57379    -0.856466
   -0.802234      1.54145      1.57121      1.49026     -1.54158      1.57356    -0.856424
   -0.302011      1.03559    0.0114272      1.49026   -0.0170166     0.615837     -1.82679
   -0.802241      1.52664      1.57022      1.49026     -1.52673      1.57378    -0.856423
   -0.802283      1.53606      1.57094      1.49026     -1.53618      1.57373    -0.856465
   -0.295462       1.0356   -0.0152057      1.49026    0.0226418     0.615906     -1.86619
    -0.30614      1.03563    0.0282157      1.49026   -0.0419963     0.616295     -1.80196
   -0.802277      1.53042      1.57055      1.49026     -1.53053       1.5738    -0.856457
   -0.802257      1.53961      1.57113      1.49026     -1.53974      1.57363    -0.856443
   -0.299865      1.03559   0.00269824      1.49026  -0.00401828     0.615752      -1.8397
   -0.802288      1.53374      1.57079      1.49026     -1.53386      1.57377    -0.856468
   -0.293042      1.03562   -0.0250458      1.49026    0.0372831     0.616178     -1.88074
   -0.303994      1.03561    0.0194882      1.49026   -0.0290151     0.616008     -1.81486
   -0.802258      1.52811      1.57035      1.49026     -1.52821      1.57379    -0.856439
   -0.802275      1.53753      1.57102      1.49026     -1.53765       1.5737    -0.856459
   -0.297171      1.03559  -0.00825635      1.49026    0.0122955     0.615794     -1.85591
   -0.802283      1.53166      1.57064      1.49026     -1.53177      1.57379    -0.856464
    -0.80224      1.54108      1.57119      1.49026     -1.54121      1.57358    -0.856428
     -0.3013      1.03559   0.00853565      1.49026   -0.0127112     0.615797     -1.83106
   -0.802236      1.52626      1.57019      1.49026     -1.52635      1.57377    -0.856419
   -0.802286      1.53521      1.57089      1.49026     -1.53533      1.57375    -0.856467
   -0.295025       1.0356   -0.0169854      1.49026    0.0252908     0.615946     -1.86883
   -0.305429      1.03562    0.0253246      1.49026   -0.0376974     0.616188     -1.80624
   -0.802273      1.52981       1.5705      1.49026     -1.52992       1.5738    -0.856454
   -0.802261      1.53923      1.57111      1.49026     -1.53936      1.57365    -0.856447
   -0.299154      1.03559 -0.000193506      1.49026  0.000288323     0.615747     -1.84398