    -1.87082      1.47658      1.57053      2.17412     -1.49329      1.51717     -1.25949
    -1.87077      1.48813      1.57181      2.17412      -1.5021      1.52476     -1.25888
    -1.20611     0.846672    -0.028897      2.17412     0.177453     0.122918     -2.96209
    -1.22192     0.846599    0.0103871      2.17412    -0.064421     0.121148     -2.71178
    -1.87077       1.4695      1.56957      2.17412     -1.48798      1.51238     -1.25982
    -1.87082      1.48105      1.57107      2.17412     -1.49668      1.52014     -1.25926
    -1.21247     0.846605   -0.0131063      2.17412    0.0812161     0.121304     -2.86246
    -1.22789     0.846652     0.025197      2.17412     -0.15515     0.122434     -2.61788
    -1.87081      1.47396      1.57019      2.17412     -1.49132      1.51541     -1.25961
     -1.8708      1.48551      1.57155      2.17412     -1.50009      1.52307     -1.25902
    -1.21843     0.846589     0.001706      2.17412   -0.0105955      0.12089     -2.76747
    -1.23424     0.846756    0.0409836      2.17412    -0.248862     0.124943     -2.52078
    -1.87073      1.46688      1.56918      2.17412     -1.48604      1.51058     -1.25994
    -1.87083      1.47843      1.57076      2.17412     -1.49469      1.51841     -1.25939
    -1.87074      1.49028      1.57201      2.17412     -1.50376      1.52614     -1.25876
    -1.20897     0.846636   -0.0217873      2.17412     0.134449     0.122044     -2.91756
    -1.22479     0.846619    0.0174984      2.17412     -0.10823     0.121633     -2.66645
    -1.87079      1.47135      1.56983      2.17412     -1.48936      1.51364     -1.25974
    -1.87081      1.48319      1.57131      2.17412     -1.49831      1.52155     -1.25915
    -1.21493     0.846593  -0.00697601      2.17412    0.0433022     0.121003     -2.82323
    -1.23075     0.846693    0.0323071      2.17412    -0.197836     0.123422     -2.57366
    -1.87082      1.47581      1.57043      2.17412     -1.49271      1.51666     -1.25952
    -1.87077      1.48766      1.57176      2.17412     -1.50174      1.52446     -1.25891
    -1.20548     0.846681   -0.0304656      2.17412     0.186851     0.123143     -2.97182
    -1.22129     0.846596   0.00881755      2.17412   -0.0547096     0.121074     -2.72183
    -1.87076      1.46873      1.56945      2.17412     -1.48741      1.51185     -1.25986
    -1.87083      1.48057      1.57101      2.17412     -1.49632      1.51983     -1.25928
    -1.21144     0.846613   -0.0156569      2.17412    0.0969233     0.121484     -2.87872
    -1.22725     0.846644     0.023629      2.17412    -0.145646     0.122247     -2.62772
    -1.87081      1.47319      1.57008      2.17412     -1.49075      1.51489     -1.25965
     -1.8708      1.48504       1.5715      2.17412     -1.49973      1.52276     -1.25905
     -1.2178     0.846588  0.000135422      2.17412 -0.000840435     0.120883     -2.77756
    -1.23322     0.846736    0.0384349      2.17412    -0.234008     0.124461     -2.53618
    -1.87073      1.46641      1.56911      2.17412     -1.48569      1.51025     -1.25996
    -1.87083      1.47796       1.5707      2.17412     -1.49433      1.51809     -1.25942
    -1.87075      1.48951      1.57194      2.17412     -1.50316      1.52565      -1.2588
    -1.20834     0.846643   -0.0233558      2.17412     0.143989     0.122217     -2.92743
    -1.22376     0.846611    0.0149487      2.17412   -0.0925653     0.121431     -2.68266
    -1.87079      1.47087      1.56976      2.17412     -1.48901      1.51332     -1.25976
    -1.87082      1.48242      1.57122      2.17412     -1.49773      1.52105     -1.25919
     -1.2143     0.846596  -0.00854528      2.17412    0.0530251     0.121062     -2.83329
    -1.23012     0.846683    0.0307386      2.17412    -0.188481     0.123183     -2.58336
    -1.87082      1.47534      1.57037      2.17412     -1.49236      1.51634     -1.25955
    -1.87078      1.48719      1.57172      2.17412     -1.50137      1.52415     -1.25893
    -1.20484     0.846691   -0.0320349      2.17412     0.196217     0.123379     -2.98152
    -1.22027     0.846592   0.00626743      2.17412   -0.0389075     0.120979     -2.73818
    -1.23608     0.846796    0.0455421      2.17412    -0.275125     0.125878     -2.49354
    -1.87075      1.46825      1.56938      2.17412     -1.48706      1.51153     -1.25988
    -1.87083       1.4801      1.57096      2.17412     -1.49596      1.51952     -1.25931
    -1.87072      1.49165      1.57213      2.17412     -1.50483      1.52702     -1.25868
    -1.21081     0.846618    -0.017226      2.17412     0.106561      0.12161     -2.88869
    -1.22662     0.846637    0.0220592      2.17412    -0.136103     0.122073      -2.6376
     -1.8708      1.47272      1.57002      2.17412     -1.49039      1.51457     -1.25967
    -1.87081      1.48457      1.57145      2.17412     -1.49936      1.52245     -1.25907
    -1.21677     0.846589  -0.00241446      2.17412    0.0149967     0.120897     -2.79395
    -1.23258     0.846724    0.0368661      2.17412    -0.224807     0.124179     -2.54571
    -1.87071      1.46564      1.56899      2.17412     -1.48512      1.50972        -1.26
    -1.87083      1.47719       1.5706      2.17412     -1.49375      1.51758     -1.25946
    -1.87076      1.48903       1.5719      2.17412      -1.5028      1.52534     -1.25883
    -1.20731     0.846655   -0.0259057      2.17412     0.159437     0.122521     -2.94343
    -1.22313     0.846606    0.0133784      2.17412   -0.0828921     0.121322     -2.69267
    -1.87078       1.4701      1.56965      2.17412     -1.48843      1.51279      -1.2598
    -1.87082      1.48195      1.57117      2.17412     -1.49736      1.52074     -1.25921
    -1.21367     0.846598   -0.0101143      2.17412    0.0627357     0.121134     -2.84334
    -1.22909     0.846668    0.0281878      2.17412     -0.17319      0.12282     -2.59919
    -1.87082      1.47487      1.57031      2.17412       -1.492      1.51602     -1.25957
    -1.87079      1.48642      1.57164      2.17412     -1.50078      1.52365     -1.25897
    -1.20382     0.846708   -0.0345854      2.17412     0.211358     0.123788     -2.99721
    -1.21963      0.84659    0.0046978      2.17412   -0.0291702     0.120937     -2.74825
    -1.23545     0.846781    0.0439739      2.17412    -0.266135     0.125546     -2.50286
    -1.87075      1.46778      1.56931      2.17412     -1.48671       1.5112      -1.2599
    -1.87083      1.47933      1.57086      2.17412     -1.49537      1.51901     -1.25935
    -1.87073      1.49088      1.57207      2.17412     -1.50423      1.52653     -1.25872
    -1.21018     0.846623    -0.018796      2.17412     0.116182     0.121748     -2.89865
     -1.2256     0.846626     0.019509      2.17412    -0.120543     0.121815      -2.6537
     -1.8708      1.47225      1.56995      2.17412     -1.49004      1.51425      -1.2597
    -1.87081       1.4838      1.57137      2.17412     -1.49878      1.52195     -1.25912
    -1.21614      0.84659  -0.00398409      2.17412     0.024742     0.120922     -2.80403
    -1.23195     0.846713    0.0352972      2.17412    -0.215564     0.123907     -2.55529
    -1.87082      1.47671      1.57054      2.17412     -1.49339      1.51726     -1.25948
    -1.87076      1.48856      1.57185      2.17412     -1.50243      1.52504     -1.25886
    -1.20668     0.846664   -0.0274751      2.17412     0.168904     0.122724     -2.95323
     -1.2221       0.8466    0.0108278      2.17412   -0.0671457     0.121171     -2.70896
    -1.87077      1.46963      1.56959      2.17412     -1.48808      1.51247     -1.25982
    -1.87082      1.48148      1.57111      2.17412       -1.497      1.52042     -1.25924
    -1.21264     0.846604    -0.012665      2.17412    0.0784938     0.121276     -2.85965
    -1.22846     0.846659    0.0266194      2.17412    -0.163744     0.122612     -2.60898
    -1.87081       1.4741       1.5702      2.17412     -1.49142       1.5155     -1.25961
    -1.87079      1.48594      1.57159      2.17412     -1.50042      1.52335       -1.259
      -1.219     0.846589   0.00312769      2.17412    -0.019424     0.120907     -2.75834
    -1.23442      0.84676    0.0414245      2.17412    -0.251419      0.12503     -2.51812
    -1.87074      1.46701       1.5692      2.17412     -1.48614      1.51067     -1.25994
    -1.87083      1.47886      1.57081      2.17412     -1.49501      1.51869     -1.25937
    -1.87073      1.49071      1.57205      2.17412     -1.50409      1.52642     -1.25873
    -1.20954      0.84663    -0.020365      2.17412     0.125775     0.121898     -2.90858
    -1.22496      0.84662    0.0179394      2.17412    -0.110934     0.121671     -2.66365
    -1.87079      1.47148      1.56985      2.17412     -1.48946      1.51373     -1.25973
    -1.87081      1.48333      1.57132      2.17412     -1.49841      1.52164     -1.25914
    -1.21551     0.846591  -0.00555384      2.17412     0.034483     0.120959     -2.81411
    -1.23132     0.846702    0.0337292      2.17412    -0.206285     0.123647     -2.56491
    -1.87082      1.47654      1.57052      2.17412     -1.49326      1.51714     -1.25949
    -1.87077      1.48779      1.57178      2.17412     -1.50184      1.52454      -1.2589