   -0.550007     0.896017      1.54656      1.92705    -0.932699      1.33294    -0.252657
     0.89193     0.921509     -1.56958      1.92705     0.952731       1.3574     -2.50865
    0.187299     0.442538   -0.0279309      1.92705    0.0171414     0.772225     -1.39252
   -0.550437     0.906955      1.55668      1.92705    -0.941324      1.34353     -0.24482
    0.891794     0.910567     -1.55994      1.92705     0.944162      1.34699     -2.50105
    0.161744     0.442474    0.0148934      1.92705  -0.00914024     0.772129     -1.36054
   -0.550648     0.918177      1.56668      1.92705    -0.950126      1.35425    -0.236975
    0.891426     0.899347     -1.54968      1.92705      0.93533      1.33618     -2.49308
    0.135557     0.442848    0.0587893      1.92705   -0.0360755     0.772686     -1.32777
   -0.550631       0.9294      1.57631      1.92705    -0.958888      1.36481    -0.229314
    0.110107     0.443639     0.101493      1.92705   -0.0622648     0.773866      -1.2959
     -0.5504     0.940342      1.58535      1.92705      -0.9674      1.37496    -0.222016
   0.0841556     0.444888     0.145122      1.92705    -0.088995     0.775725     -1.26336
    0.255035     0.444772    -0.141633      1.92705     0.086859     0.775552     -1.47737
    0.891691     0.939442     -1.58462      1.92705     0.966701      1.37413     -2.52072
    0.229069     0.443558   -0.0979883      1.92705    0.0601163     0.773746     -1.44481
    0.891907     0.928221     -1.57532      1.92705     0.957969      1.36371     -2.51322
    0.203611     0.442801   -0.0552739      1.92705     0.033919     0.772617     -1.41293
     -0.5502     0.900246      1.55051      1.92705     -0.93604      1.33705    -0.249604
    0.891903     0.917278     -1.56589      1.92705     0.949422      1.35339     -2.50573
    0.177419     0.442463   -0.0113732      1.92705   0.00698007     0.772113     -1.38016
    -0.55055     0.911466      1.56074      1.92705    -0.944868      1.34786    -0.241643
    0.891674     0.906056     -1.55586      1.92705     0.940617      1.34266     -2.49787
     0.15121     0.442571    0.0325468      1.92705   -0.0199738     0.772273     -1.34736
   -0.550668     0.922409      1.57035      1.92705    -0.953434      1.35825    -0.234065
    0.125703     0.443104    0.0753172      1.92705   -0.0462139     0.773068     -1.31544
   -0.550567     0.933631      1.57985      1.92705    -0.962183      1.36875    -0.226472
    0.099653     0.444088     0.119057      1.92705   -0.0730292     0.774535      -1.2828
   -0.550245     0.944852      1.58898      1.92705    -0.970901       1.3791    -0.219054
    0.891457     0.946151     -1.59001      1.92705     0.971909      1.38029     -2.52512
    0.244618     0.444231    -0.124112      1.92705    0.0761272     0.774747      -1.4643
    0.891798     0.935212     -1.58115      1.92705     0.963413      1.37022     -2.51791
    0.219238     0.443216   -0.0814863      1.92705    0.0499977     0.773235      -1.4325
    0.891931     0.923989     -1.57171      1.92705     0.954668      1.35974     -2.51034
    0.193088     0.442612   -0.0376329      1.92705     0.023095     0.772335     -1.39976
   -0.550369     0.904756      1.55467      1.92705    -0.939594      1.34141    -0.246381
    0.891844     0.913046     -1.56215      1.92705     0.946108      1.34936     -2.50279
    0.167536     0.442451   0.00518751      1.92705  -0.00318357     0.772096     -1.36779
   -0.550621     0.915697       1.5645      1.92705    -0.948185      1.35189    -0.238692
    0.891527     0.901826     -1.55198      1.92705     0.937286      1.33858     -2.49485
    0.141338     0.442727    0.0490955      1.92705   -0.0301281     0.772506     -1.33501
   -0.550654      0.92692      1.57421      1.92705    -0.956955      1.36249    -0.230991
    0.115213     0.443446      0.09292      1.92705   -0.0570086     0.773579      -1.3023
   -0.550471     0.937862      1.58333      1.92705    -0.965473      1.37267    -0.223655
    0.089874     0.444574       0.1355      1.92705   -0.0831024     0.775258     -1.27053
    0.260747     0.445099    -0.151248      1.92705    0.0927459     0.776039     -1.48454
    0.891614     0.941922     -1.58663      1.92705     0.968627      1.37642     -2.52235
    0.234822     0.443789    -0.107649      1.92705    0.0660386     0.774088     -1.45202
    0.891878       0.9307      -1.5774      1.92705     0.959901      1.36602     -2.51489
    0.208736      0.44292   -0.0638696      1.92705    0.0391924     0.772793     -1.41935
   -0.550091     0.897767       1.5482      1.92705    -0.934083      1.33464     -0.25139
    0.891923     0.919758     -1.56806      1.92705     0.951362      1.35574     -2.50744
     0.18321     0.442499   -0.0210784      1.92705    0.0129361     0.772168      -1.3874
   -0.550493     0.908986      1.55851      1.92705    -0.942921      1.34548    -0.243386
    0.891745     0.908535     -1.55811      1.92705     0.942567      1.34505     -2.49962
       0.157     0.442509    0.0228439      1.92705   -0.0140194     0.772181     -1.35461
   -0.550662     0.920209      1.56845      1.92705    -0.951715      1.35617    -0.235574
    0.891347     0.897597     -1.54804      1.92705     0.933948      1.33448     -2.49181
    0.131476     0.442946    0.0656321      1.92705   -0.0402733     0.772833     -1.32266
   -0.550608     0.931152      1.57778      1.92705    -0.960252      1.36645    -0.228135
    0.105396     0.443833     0.109406      1.92705   -0.0671152     0.774154        -1.29
   -0.550335     0.942373      1.58699      1.92705    -0.968977      1.37683    -0.220678
   0.0801235     0.445122      0.15191      1.92705   -0.0931508     0.776074      -1.2583
    0.250348     0.444519    -0.133748      1.92705    0.0820298     0.775177     -1.47149
    0.891739     0.937691     -1.58319      1.92705     0.965341      1.37252     -2.51956
    0.225002     0.443409   -0.0911608      1.92705    0.0559303     0.773523     -1.43972
    0.891921     0.926469     -1.57383      1.92705     0.956603      1.36207     -2.51203
    0.198873     0.442707   -0.0473313      1.92705    0.0290459     0.772477       -1.407
   -0.550281     0.902277      1.55239      1.92705    -0.937642      1.33902    -0.248149
    0.891879     0.915246      -1.5641      1.92705     0.947831      1.35146     -2.50432
    0.173329     0.442451  -0.00451873      1.92705   0.00277335     0.772094     -1.37504
   -0.550583     0.913217       1.5623      1.92705    -0.946241      1.34953    -0.240419
    0.891617     0.904305     -1.55426      1.92705     0.939239      1.34098     -2.49662
    0.147123     0.442627    0.0393974      1.92705   -0.0241775     0.772358     -1.34225
   -0.550666      0.92444       1.5721      1.92705     -0.95502      1.36016    -0.232677
    0.120977     0.443249    0.0832469      1.92705   -0.0510772     0.773285     -1.30952
   -0.550531     0.935383       1.5813      1.92705    -0.963545      1.37038    -0.225303
   0.0956022     0.444282     0.125866      1.92705   -0.0772012     0.774823     -1.27772
   -0.550175     0.946602      1.59037      1.92705    -0.972259       1.3807    -0.217911
    0.891526     0.944401     -1.58862      1.92705     0.970551      1.37869     -2.52398
    0.240566      0.44404    -0.117302      1.92705    0.0719541     0.774463     -1.45922
    0.891839      0.93318     -1.57947      1.92705     0.961832      1.36833     -2.51655
    0.214511     0.443073   -0.0735556      1.92705    0.0451337     0.773023     -1.42658
    0.891932     0.922238     -1.57021      1.92705       0.9533      1.35809     -2.50914
       0.189     0.442558    -0.030782      1.92705     0.018891     0.772254     -1.39465
   -0.550424     0.906507      1.55627      1.92705    -0.940972       1.3431    -0.245138
    0.891804     0.911015     -1.56034      1.92705     0.944514      1.34742     -2.50137
    0.162791     0.442468    0.0131387      1.92705  -0.00806337     0.772121     -1.36185
   -0.550644     0.917729      1.56629      1.92705    -0.949775      1.35382    -0.237285
    0.891445     0.899795     -1.55009      1.92705     0.935684      1.33661      -2.4934
    0.137255      0.44281    0.0559415      1.92705   -0.0343284      0.77263      -1.3299
   -0.550639     0.928672       1.5757      1.92705     -0.95832      1.36413    -0.229806
    0.111148     0.443599    0.0997468      1.92705   -0.0611941     0.773805      -1.2972
   -0.550414     0.939893      1.58499      1.92705    -0.967052      1.37455    -0.222311
   0.0851886     0.444829     0.143383      1.92705   -0.0879304     0.775638     -1.26465
    0.256069     0.444829    -0.143372      1.92705    0.0879239     0.775638     -1.47867
    0.891678     0.939891     -1.58498      1.92705     0.967049      1.37455     -2.52101
     0.23076     0.443624    -0.100828      1.92705    0.0618569     0.773843     -1.44693
      0.8919     0.928949     -1.57593      1.92705     0.958537      1.36439     -2.51371
    0.204656     0.442824   -0.0570258      1.92705    0.0349939     0.772651     -1.41424
   -0.550181     0.899798       1.5501      1.92705    -0.935686      1.33662    -0.249926
    0.891908     0.917726     -1.56628      1.92705     0.949773      1.35382     -2.50604
    0.178466     0.442468   -0.0131277      1.92705   0.00805683     0.772121     -1.38147
   -0.550534     0.910737      1.56009      1.92705    -0.944296      1.34716    -0.242155
    0.891696     0.906784     -1.55652      1.92705      0.94119      1.34336     -2.49839
    0.152911      0.44255    0.0296963      1.92705   -0.0182245     0.772243     -1.34949
   -0.550667      0.92196      1.56997      1.92705    -0.953084      1.35782    -0.234372
    0.126746     0.443074    0.0735668      1.92705   -0.0451403     0.773023     -1.31674
   -0.550575     0.933183      1.57948      1.92705    -0.961834      1.36834    -0.226772
     0.10134     0.444011     0.116222      1.92705   -0.0712923      0.77442     -1.28491
   -0.550272     0.944123       1.5884      1.92705    -0.970336      1.37844     -0.21953
    0.891427      0.94688     -1.59059      1.92705     0.972474      1.38096      -2.5256
    0.246303     0.444313    -0.126945      1.92705    0.0778623      0.77487     -1.46641
    0.891788      0.93566     -1.58153      1.92705     0.963761      1.37064     -2.51821
     0.22028     0.443249   -0.0832357      1.92705    0.0510706     0.773284      -1.4338
    0.891929     0.924718     -1.57234      1.92705     0.955237      1.36042     -2.51084
    0.194788     0.442638   -0.0404827      1.92705    0.0248437     0.772373     -1.40189
   -0.550344     0.904028        1.554      1.92705    -0.939021      1.34071      -0.2469
    0.891852     0.913495     -1.56255      1.92705     0.946459      1.34979      -2.5031
    0.168583      0.44245    0.0034326      1.92705  -0.00210655     0.772093      -1.3691
   -0.550615     0.915249      1.56411      1.92705    -0.947833      1.35146    -0.239004
    0.891544     0.902274     -1.55239      1.92705     0.937639      1.33901     -2.49518
    0.142384     0.442707    0.0473424      1.92705   -0.0290525     0.772477     -1.33632
   -0.550659     0.926192      1.57359      1.92705    -0.956387      1.36181    -0.231486
    0.116906     0.443386    0.0900785      1.92705   -0.0552664     0.773489     -1.30442
   -0.550482     0.937414      1.58297      1.92705    -0.965125      1.37226    -0.223952
   0.0909088      0.44452     0.133759      1.92705   -0.0820362     0.775177     -1.27183
    0.891598      0.94237     -1.58699      1.92705     0.968975      1.37683     -2.52265
    0.235861     0.443833    -0.109395      1.92705    0.0671085     0.774154     -1.45332
    0.891868     0.931429     -1.57801      1.92705     0.960469       1.3667     -2.51538
    0.210434     0.442963   -0.0667159      1.92705    0.0409383     0.772857     -1.42147
    -0.55007     0.897319      1.54778      1.92705    -0.933729      1.33421    -0.251713
    0.891925     0.920206     -1.56845      1.92705     0.951713      1.35617     -2.50775
    0.184257     0.442509   -0.0228325      1.92705    0.0140127     0.772181     -1.38871
   -0.550474     0.908258      1.55786      1.92705    -0.942349      1.34478      -0.2439
    0.891756     0.908984     -1.55851      1.92705     0.942919      1.34548     -2.49994
    0.158701     0.442494    0.0199926      1.92705   -0.0122696      0.77216     -1.35674
   -0.550658      0.91948      1.56782      1.92705    -0.951145      1.35548    -0.236076
    0.891367     0.898045     -1.54846      1.92705     0.934302      1.33491     -2.49214
    0.132521      0.44292    0.0638807      1.92705   -0.0391989     0.772793     -1.32397
   -0.550614     0.930703      1.57741      1.92705    -0.959903      1.36603    -0.228436
    0.106435     0.443789     0.107661      1.92705   -0.0660452     0.774089      -1.2913
   -0.550359     0.941644      1.58641      1.92705    -0.968411      1.37616    -0.221157
   0.0811552     0.445061     0.150173      1.92705   -0.0920875     0.775983     -1.25959
     0.25203     0.444608    -0.136577      1.92705    0.0837623     0.775309      -1.4736
    0.891727      0.93814     -1.58356      1.92705     0.965689      1.37293     -2.51986
    0.226044     0.443446   -0.0929089      1.92705    0.0570021     0.773578     -1.44102
    0.891918     0.926917     -1.57421      1.92705     0.956953      1.36249     -2.51233
    0.199919     0.442726   -0.0490844      1.92705    0.0301215     0.772506     -1.40831
   -0.550253     0.901549      1.55172      1.92705    -0.937067      1.33831     -0.24867
    0.891888     0.915975     -1.56475      1.92705     0.948402      1.35215     -2.50483
    0.174376     0.442453  -0.00627337      1.92705   0.00385021     0.772098     -1.37635
   -0.550575     0.912769      1.56191      1.92705     -0.94589       1.3491    -0.240732
    0.891632     0.904753     -1.55467      1.92705     0.939592      1.34141     -2.49694
    0.148169     0.442612    0.0376438      1.92705   -0.0231015     0.772335     -1.34356
   -0.550667     0.923992      1.57172      1.92705     -0.95467      1.35974    -0.232983
    0.122019     0.443216    0.0814972      1.92705   -0.0500042     0.773235     -1.31082
    -0.55054     0.934934      1.58093      1.92705    -0.963197      1.36996    -0.225602
   0.0966388     0.444231     0.124123      1.92705   -0.0761335     0.774748     -1.27902
   -0.550194     0.946154      1.59002      1.92705    -0.971912      1.38029    -0.218203
    0.891509     0.944849     -1.58898      1.92705     0.970899       1.3791     -2.52427
    0.242253     0.444118    -0.120136      1.92705    0.0736907     0.774579     -1.46133
    0.891825     0.933909     -1.58008      1.92705     0.962399      1.36901     -2.51704
    0.216207     0.443123   -0.0764005      1.92705    0.0468786     0.773096      -1.4287
    0.891932     0.922686     -1.57059      1.92705     0.953651      1.35851     -2.50945
    0.190047     0.442571   -0.0325357      1.92705    0.0199672     0.772273     -1.39596
   -0.550411     0.906059      1.55586      1.92705    -0.940619      1.34267    -0.245456
    0.891813     0.911463     -1.56074      1.92705     0.944866      1.34785     -2.50168
    0.164493      0.44246    0.0102869      1.92705  -0.00631315     0.772109     -1.36398
   -0.550637        0.917      1.56565      1.92705    -0.949205      1.35313    -0.237789
    0.891475     0.900523     -1.55077      1.92705     0.936259      1.33732     -2.49392
      0.1383     0.442787    0.0541895      1.92705   -0.0332535     0.772597     -1.33121
   -0.550643     0.928223      1.57532      1.92705    -0.957971      1.36371    -0.230109
    0.112188     0.443559    0.0979996      1.92705   -0.0601229     0.773746     -1.29851
   -0.550435     0.939165      1.58439      1.92705    -0.966486      1.37388    -0.222793
   0.0868682     0.444736     0.140557      1.92705   -0.0861996     0.775499     -1.26676
    0.257747     0.444924    -0.146198      1.92705    0.0896539     0.775779     -1.48077
    0.891655     0.940619     -1.58558      1.92705     0.967615      1.37522     -2.52149
      0.2318     0.443665    -0.102575      1.92705    0.0629278     0.773904     -1.44823
    0.891895     0.929398     -1.57631      1.92705     0.958886      1.36481     -2.51401
    0.205701     0.442847   -0.0587781      1.92705    0.0360688     0.772686     -1.41555
   -0.550162      0.89935      1.54968      1.92705    -0.935333      1.33618    -0.250248
    0.891912     0.918174     -1.56668      1.92705     0.950124      1.35424     -2.50635
    0.179513     0.442474   -0.0148824      1.92705   0.00913366     0.772129     -1.38278
   -0.550524     0.910289      1.55969      1.92705    -0.943944      1.34673     -0.24247
    0.891709     0.907233     -1.55693      1.92705     0.941543       1.3438      -2.4987
    0.153958     0.442538    0.0279422      1.92705   -0.0171481     0.772225      -1.3508
   -0.550667     0.921512      1.56958      1.92705    -0.952733       1.3574    -0.234679
    0.891271     0.896015     -1.54655      1.92705     0.932697      1.33294     -2.49067
    0.128442     0.443026    0.0707215      1.92705   -0.0433951     0.772952     -1.31887
   -0.550588     0.932455      1.57887      1.92705    -0.961267      1.36766     -0.22726
    0.102378     0.443964     0.114478      1.92705   -0.0702231      0.77435     -1.28621
   -0.550289     0.943675      1.58804      1.92705    -0.969988      1.37803    -0.219824
    0.891409     0.947328     -1.59095      1.92705     0.972822      1.38137     -2.52589
    0.247339     0.444365    -0.128687      1.92705    0.0789295     0.774947     -1.46771
    0.891778     0.936108     -1.58189      1.92705      0.96411      1.37105     -2.51851
    0.221974     0.443305   -0.0860787      1.92705     0.052814     0.773368     -1.43592
    0.891927     0.925166     -1.57272      1.92705     0.955587      1.36084     -2.51114
    0.195834     0.442654    -0.042236      1.92705    0.0259196     0.772398      -1.4032
   -0.550329     0.903579      1.55359      1.92705    -0.938668      1.34028    -0.247219
    0.891859     0.913943     -1.56295      1.92705      0.94681      1.35022     -2.50341
    0.170285     0.442448  0.000580937      1.92705 -0.000356426     0.772091     -1.37123
   -0.550605      0.91452      1.56346      1.92705    -0.947263      1.35077    -0.239511
    0.891571     0.903002     -1.55306      1.92705     0.938213      1.33972      -2.4957
    0.144083     0.442677    0.0444933      1.92705   -0.0273044     0.772432     -1.33844
   -0.550661     0.925743      1.57321      1.92705    -0.956037      1.36138    -0.231791
    0.117948      0.44335    0.0883299      1.92705   -0.0541942     0.773435     -1.30572
   -0.550494     0.936966       1.5826      1.92705    -0.964777      1.37184     -0.22425
   0.0925914     0.444433     0.130929      1.92705   -0.0803028     0.775048     -1.27394
    -0.55012     0.947905       1.5914      1.92705    -0.973269      1.38189    -0.217064
    0.891583     0.942818     -1.58735      1.92705     0.969323      1.37724     -2.52294
    0.237549     0.443905    -0.112231      1.92705    0.0688469     0.774262     -1.45544
    0.891861     0.931877     -1.57839      1.92705     0.960818      1.36712     -2.51568
    0.211478      0.44299   -0.0684672      1.92705    0.0420126     0.772898     -1.42278
   -0.550049     0.896871      1.54736      1.92705    -0.933375      1.33377    -0.252038
    0.891927     0.920654     -1.56884      1.92705     0.952063      1.35659     -2.50806
    0.185958     0.442524   -0.0256838      1.92705    0.0157624     0.772204     -1.39084
   -0.550462      0.90781      1.55745      1.92705    -0.941996      1.34435    -0.244217
    0.891774     0.909712     -1.55917      1.92705     0.943491      1.34618     -2.50045
    0.159748     0.442487     0.018238      1.92705   -0.0111928     0.772148     -1.35805
   -0.550655     0.919032      1.56743      1.92705    -0.950795      1.35506    -0.236385
    0.891388     0.898493     -1.54888      1.92705     0.934656      1.33535     -2.49246
    0.133565     0.442894     0.062129      1.92705   -0.0381243     0.772756     -1.32528
    -0.55062     0.930255      1.57703      1.92705    -0.959554      1.36561    -0.228738
    0.108125     0.443719     0.104823      1.92705   -0.0643058     0.773985     -1.29342
   -0.550374     0.941196      1.58604      1.92705    -0.968063      1.37575    -0.221453
   0.0821872     0.445001     0.148435      1.92705   -0.0910235     0.775893     -1.26089
    0.253064     0.444664    -0.138317      1.92705    0.0848281     0.775391      -1.4749
    0.891715     0.938588     -1.58393      1.92705     0.966037      1.37334     -2.52015
    0.227736     0.443508   -0.0957495      1.92705    0.0587437     0.773671     -1.44314
    0.891912     0.927646     -1.57483      1.92705     0.957521      1.36317     -2.51283
    0.201618      0.44276    -0.051933      1.92705    0.0318693     0.772555     -1.41044
   -0.550235       0.9011      1.55131      1.92705    -0.936714      1.33788    -0.248991
    0.891894     0.916423     -1.56514      1.92705     0.948753      1.35258     -2.50514
    0.175423     0.442456  -0.00802805      1.92705   0.00492708     0.772102     -1.37766
   -0.550567     0.912321      1.56151      1.92705    -0.945538      1.34867    -0.241045
    0.891647     0.905201     -1.55508      1.92705     0.939945      1.34184     -2.49726
     0.14987     0.442588    0.0347937      1.92705   -0.0213526     0.772299     -1.34569
   -0.550668     0.923544      1.57133      1.92705     -0.95432      1.35932    -0.233289
    0.123714     0.443163    0.0786536      1.92705   -0.0482602     0.773156     -1.31295
    -0.55055     0.934486      1.58056      1.92705    -0.962848      1.36955    -0.225901
   0.0976756     0.444181     0.122381      1.92705   -0.0750658     0.774674     -1.28032
   -0.550212     0.945706      1.58966      1.92705    -0.971564      1.37988    -0.218496
     0.89148     0.945577     -1.58956      1.92705     0.971464      1.37977     -2.52475
     0.24329     0.444167     -0.12188      1.92705    0.0747591     0.774652     -1.46264
    0.891816     0.934357     -1.58045      1.92705     0.962748      1.36943     -2.51734
     0.21725     0.443154   -0.0781505      1.92705    0.0479519     0.773143     -1.43001
    0.891932     0.923134     -1.57098      1.92705     0.954001      1.35893     -2.50976
    0.191747     0.442593   -0.0353862      1.92705    0.0217164     0.772307     -1.39808
   -0.550397      0.90561      1.55545      1.92705    -0.940267      1.34224    -0.245773
    0.891828     0.912192     -1.56139      1.92705     0.945437      1.34855     -2.50219
     0.16554     0.442457   0.00853267      1.92705  -0.00523656     0.772104     -1.36529
   -0.550632     0.916552      1.56525      1.92705    -0.948854       1.3527    -0.238099
    0.891493     0.900972     -1.55119      1.92705     0.936612      1.33775     -2.49424
    0.139345     0.442766    0.0524368      1.92705   -0.0321782     0.772564     -1.33251
    -0.55065     0.927495       1.5747      1.92705    -0.957403      1.36303    -0.230602
     0.11388     0.443495    0.0951589      1.92705   -0.0583814     0.773651     -1.30063
   -0.550448     0.938717      1.58403      1.92705    -0.966138      1.37346    -0.223089
   0.0879021      0.44468     0.138817      1.92705   -0.0851343     0.775416     -1.26806
     0.25878     0.444984    -0.147936      1.92705     0.090718     0.775868     -1.48207
    0.891641     0.941067     -1.58594      1.92705     0.967963      1.37563     -2.52179
     0.23284     0.443707    -0.104321      1.92705    0.0639982     0.773967     -1.44954
    0.891889     0.929846     -1.57669      1.92705     0.959235      1.36523     -2.51431
    0.207398     0.442887   -0.0616256      1.92705    0.0378157     0.772745     -1.41767
   -0.550142     0.898902      1.54926      1.92705    -0.934979      1.33575    -0.250571
    0.891917     0.918903     -1.56731      1.92705     0.950694      1.35493     -2.50685
    0.181215     0.442484   -0.0177337      1.92705    0.0108835     0.772145      -1.3849
   -0.550514     0.909841      1.55928      1.92705    -0.943592       1.3463    -0.242785
    0.891722     0.907681     -1.55733      1.92705     0.941895      1.34423     -2.49902
    0.155004     0.442528    0.0261881      1.92705   -0.0160717     0.772209     -1.35211
   -0.550664     0.920783      1.56895      1.92705    -0.952164      1.35671    -0.235179
    0.891306     0.896743     -1.54724      1.92705     0.933273      1.33365      -2.4912
    0.129486     0.442998    0.0689705      1.92705   -0.0423212      0.77291     -1.32017
   -0.550595     0.932006       1.5785      1.92705    -0.960918      1.36724    -0.227561
    0.103416     0.443919     0.112733      1.92705   -0.0691542     0.774282     -1.28751
   -0.550315     0.942947      1.58745      1.92705    -0.969423      1.37736    -0.220301
    0.891389     0.947776      -1.5913      1.92705     0.973169      1.38178     -2.52618
    0.249022     0.444451    -0.131517      1.92705    0.0806635     0.775074     -1.46982
     0.89176     0.936837     -1.58249      1.92705     0.964676      1.37173     -2.51899
    0.223016      0.44334   -0.0878272      1.92705    0.0538862      0.77342     -1.43723
    0.891925     0.925614      -1.5731      1.92705     0.955937      1.36126     -2.51145
     0.19688     0.442672   -0.0439893      1.92705    0.0269953     0.772424     -1.40451
   -0.550302     0.902851      1.55292      1.92705    -0.938094      1.33957    -0.247738
    0.891866     0.914391     -1.56335      1.92705     0.947162      1.35065     -2.50373
    0.171332     0.442448  -0.00117385      1.92705  0.000720526     0.772091     -1.37254
   -0.550598     0.914072      1.56306      1.92705    -0.946911      1.35034    -0.239823
    0.891588     0.903451     -1.55347      1.92705     0.938566      1.34015     -2.49602
    0.145129     0.442659    0.0427402      1.92705   -0.0262287     0.772406     -1.33975
   -0.550664     0.925015      1.57259      1.92705    -0.955469       1.3607    -0.232286
    0.119641     0.443293    0.0854878      1.92705   -0.0524514      0.77335     -1.30784
   -0.550511     0.936237        1.582      1.92705     -0.96421      1.37117    -0.224734
    0.093627      0.44438     0.129187      1.92705    -0.079236     0.774969     -1.27524
   -0.550139     0.947456      1.59105      1.92705    -0.972922      1.38148    -0.217355
    0.891557     0.943546     -1.58793      1.92705     0.969888      1.37791     -2.52342
    0.238588     0.443951    -0.113976      1.92705    0.0699162      0.77433     -1.45674
    0.891853     0.932326     -1.57876      1.92705     0.961167      1.36754     -2.51598
    0.212522     0.443018    -0.070218      1.92705    0.0430865      0.77294     -1.42409
   -0.550013     0.896143      1.54668      1.92705    -0.932799      1.33306    -0.252565
     0.89193     0.921383     -1.56947      1.92705     0.952633      1.35728     -2.50856
    0.187005     0.442535   -0.0274379      1.92705    0.0168389     0.772221     -1.39215
   -0.550449     0.907361      1.55704      1.92705    -0.941644      1.34392    -0.244533
    0.891785      0.91016     -1.55957      1.92705     0.943843      1.34661     -2.50077
    0.160795      0.44248    0.0164837      1.92705   -0.0101162     0.772138     -1.35936
   -0.550649     0.918303      1.56679      1.92705    -0.950225      1.35436    -0.236888
     0.89142     0.899221     -1.54956      1.92705     0.935231      1.33606     -2.49299
    0.135263     0.442854    0.0592819      1.92705   -0.0363778     0.772696      -1.3274
   -0.550629     0.929526      1.57642      1.92705    -0.958987      1.36493    -0.229229
    0.109165     0.443677     0.103076      1.92705   -0.0632353     0.773922     -1.29472
   -0.550388     0.940748      1.58568      1.92705    -0.967715      1.37534    -0.221748
   0.0832195     0.444941     0.146698      1.92705   -0.0899598     0.775805     -1.26218
    0.254098      0.44472    -0.140057      1.92705    0.0858936     0.775475     -1.47619
    0.891702     0.939036     -1.58429      1.92705     0.966386      1.37376     -2.52045
    0.228776     0.443547   -0.0974971      1.92705    0.0598151     0.773729     -1.44444
    0.891908     0.928095     -1.57521      1.92705     0.957871      1.36359     -2.51313
    0.202663     0.442781   -0.0536854      1.92705    0.0329445     0.772587     -1.41174
   -0.550205     0.900372      1.55063      1.92705    -0.936139      1.33717    -0.249514
    0.891899     0.916871     -1.56553      1.92705     0.949104      1.35301     -2.50545
    0.177125     0.442462   -0.0108799      1.92705   0.00667731     0.772111     -1.37979
   -0.550552     0.911592      1.56085      1.92705    -0.944967      1.34798    -0.241556
     0.89167      0.90593     -1.55574      1.92705     0.940518      1.34254     -2.49778
    0.150916     0.442574    0.0330398      1.92705   -0.0202763     0.772279       -1.347
   -0.550668     0.922815       1.5707      1.92705    -0.953751      1.35863    -0.233787
    0.124757     0.443132    0.0769034      1.92705   -0.0471868      0.77311     -1.31425
   -0.550564     0.933758      1.57995      1.92705    -0.962281      1.36887    -0.226388
   0.0993613     0.444102     0.119547      1.92705   -0.0733296     0.774555     -1.28243
   -0.550229     0.945258       1.5893      1.92705    -0.971216      1.37948    -0.218788
    0.891463     0.946025     -1.58991      1.92705     0.971812      1.38018     -2.52504
    0.244327     0.444217    -0.123622      1.92705    0.0758269     0.774726     -1.46394
    0.891807     0.934806     -1.58082      1.92705     0.963096      1.36984     -2.51764
    0.218293     0.443186   -0.0799005      1.92705    0.0490252     0.773191     -1.43131
    0.891931     0.923863     -1.57161      1.92705      0.95457      1.35962     -2.51026
     0.19214     0.442598   -0.0360435      1.92705    0.0221197     0.772315     -1.39857
   -0.550373     0.904882      1.55479      1.92705    -0.939693      1.34153    -0.246291
    0.891837      0.91264     -1.56179      1.92705     0.945789      1.34898      -2.5025
    0.166587     0.442454   0.00677778      1.92705  -0.00415955     0.772099      -1.3666
   -0.550627     0.916103      1.56486      1.92705    -0.948503      1.35228     -0.23841
    0.891511      0.90142      -1.5516      1.92705     0.936966      1.33819     -2.49456
    0.141044     0.442732    0.0495882      1.92705   -0.0304305     0.772514     -1.33464
   -0.550653     0.927046      1.57432      1.92705    -0.957053      1.36261    -0.230906
    0.114921     0.443457    0.0934114      1.92705     -0.05731     0.773594     -1.30193
    -0.55046     0.938268      1.58366      1.92705    -0.965789      1.37305    -0.223386
   0.0895831      0.44459     0.135989      1.92705   -0.0834021     0.775281     -1.27017
    0.259812     0.445044    -0.149673      1.92705    0.0917817     0.775957     -1.48336
    0.891627     0.941515      -1.5863      1.92705     0.968311      1.37604     -2.52208
     0.23388     0.443749    -0.106067      1.92705    0.0650684      0.77403     -1.45084
     0.89188     0.930574      -1.5773      1.92705     0.959803      1.36591      -2.5148
    0.208443     0.442912   -0.0633771      1.92705    0.0388902     0.772783     -1.41898
    -0.55011     0.898174      1.54858      1.92705    -0.934404      1.33504    -0.251096
     0.89192     0.919351      -1.5677      1.92705     0.951045      1.35536     -2.50716
    0.182916     0.442497   -0.0205851      1.92705    0.0126334     0.772164     -1.38703
   -0.550496     0.909112      1.55863      1.92705     -0.94302       1.3456    -0.243297
    0.891734     0.908129     -1.55774      1.92705     0.942247      1.34466     -2.49934
    0.156705     0.442511    0.0233369      1.92705    -0.014322     0.772185     -1.35424
   -0.550662     0.920335      1.56856      1.92705    -0.951813      1.35629    -0.235488
    0.891328     0.897191     -1.54766      1.92705     0.933627      1.33408     -2.49152
     0.13053      0.44297    0.0672195      1.92705   -0.0412471     0.772869     -1.32148
   -0.550602     0.931558      1.57812      1.92705    -0.960569      1.36682    -0.227862
    0.105104     0.443845     0.109897      1.92705   -0.0674158     0.774173     -1.28963
   -0.550331     0.942499      1.58709      1.92705    -0.969075      1.37695    -0.220596
    0.250057     0.444504    -0.133258      1.92705      0.08173     0.775154     -1.47112
    0.891756     0.937005     -1.58263      1.92705     0.964807      1.37188      -2.5191
    0.224058     0.443376   -0.0895759      1.92705    0.0549584     0.773473     -1.43853
    0.891921     0.926343     -1.57372      1.92705     0.956505      1.36195     -2.51194
    0.197926      0.44269   -0.0457425      1.92705    0.0280711     0.772451     -1.40582
   -0.550286     0.902403      1.55251      1.92705    -0.937741      1.33914    -0.248058
    0.891877      0.91512     -1.56399      1.92705     0.947733      1.35134     -2.50423
    0.173034      0.44245  -0.00402564      1.92705   0.00247073     0.772094     -1.37467
    -0.55059     0.913624      1.56267      1.92705     -0.94656      1.34992    -0.240136
    0.891603     0.903899     -1.55388      1.92705      0.93892      1.34058     -2.49634
    0.146829     0.442632    0.0398905      1.92705   -0.0244801     0.772365     -1.34188
   -0.550665     0.924847      1.57245      1.92705    -0.955337      1.36054    -0.232401
    0.120684     0.443259    0.0837388      1.92705   -0.0513789     0.773299     -1.30915
   -0.550515     0.936069      1.58186      1.92705    -0.964079      1.37102    -0.224846
    0.094663     0.444328     0.127445      1.92705   -0.0781689     0.774892     -1.27654
    -0.55017     0.946728      1.59047      1.92705    -0.972357      1.38082    -0.217829
    0.891541     0.943995     -1.58829      1.92705     0.970236      1.37832     -2.52371
    0.240275     0.444027    -0.116811      1.92705    0.0716536     0.774443     -1.45885
    0.891846     0.932774     -1.57913      1.92705     0.961516      1.36796     -2.51628
    0.214218     0.443065   -0.0730637      1.92705     0.044832      0.77301     -1.42621
   -0.550005     0.895975      1.54652      1.92705    -0.932666       1.3329    -0.252687
     0.89193     0.921551     -1.56961      1.92705     0.952764      1.35744     -2.50867
    0.188052     0.442547    -0.029192      1.92705    0.0179153     0.772237     -1.39346
   -0.550428     0.906633      1.55638      1.92705    -0.941071      1.34322    -0.245049
    0.891801     0.910889     -1.56023      1.92705     0.944415       1.3473     -2.50128
    0.161842     0.442473    0.0147291      1.92705  -0.00903938     0.772128     -1.36067
   -0.550645     0.917855       1.5664      1.92705    -0.949874      1.35394    -0.237197
    0.891439     0.899669     -1.54998      1.92705     0.935585      1.33649     -2.49331
    0.136961     0.442816    0.0564344      1.92705   -0.0346308     0.772639     -1.32953
   -0.550635     0.929078      1.57604      1.92705    -0.958637      1.36451    -0.229531
    0.110855      0.44361     0.100237      1.92705   -0.0614949     0.773822     -1.29684
   -0.550402       0.9403      1.58532      1.92705    -0.967367      1.37492    -0.222043
   0.0848981     0.444846     0.143872      1.92705   -0.0882298     0.775662     -1.26429