   -0.709528     0.764553   -0.0292444      1.85464    0.0405365      0.52297     -2.32865
   -0.725389     0.764473    0.0090248      1.85464   -0.0125162     0.522535     -2.27092
   -0.741245     0.764696    0.0472839      1.85464   -0.0654767     0.523745     -2.21328
    -1.33315      1.30299      1.56569      1.85464     -1.31457      1.49188     -1.05226
    -1.33328       1.3137       1.5699      1.85464      -1.3238       1.4987      -1.0506
    -1.33323      1.32468      1.57388      1.85464     -1.33334      1.50539      -1.0489
   -0.715904     0.764485   -0.0138628      1.85464    0.0192249     0.522597     -2.30546
   -0.731368     0.764522    0.0234528      1.85464   -0.0325153     0.522798     -2.24916
    -1.33322      1.30713      1.56736      1.85464     -1.31813      1.49455     -1.05162
    -1.33328      1.31811      1.57154      1.85464     -1.32762      1.50142     -1.04992
    -1.33316      1.32882      1.57529      1.85464     -1.33695      1.50783     -1.04826
   -0.706421     0.764605   -0.0367433      1.85464     0.050913     0.523247     -2.33994
   -0.721884     0.764465   0.00056684      1.85464 -0.000786026     0.522489     -2.28368
   -0.737742     0.764621    0.0388317      1.85464   -0.0538003     0.523336     -2.22599
    -1.33327      1.31127      1.56898      1.85464      -1.3217      1.49718     -1.05098
    -1.33326      1.32225      1.57303      1.85464     -1.33122      1.50394     -1.04928
   -0.712399     0.764516   -0.0223179      1.85464    0.0309434     0.522769     -2.31821
    -0.72826     0.764491    0.0159532      1.85464   -0.0221224     0.522632     -2.26047
    -1.33319      1.30471      1.56638      1.85464     -1.31604      1.49299       -1.052
    -1.33328      1.31569      1.57065      1.85464     -1.32552      1.49993     -1.05029
     -1.3332      1.32639      1.57447      1.85464     -1.33483      1.50641     -1.04864
   -0.702918     0.764676   -0.0451949      1.85464    0.0625929     0.523636     -2.35266
   -0.718379     0.764471  -0.00788963      1.85464    0.0109423     0.522524     -2.29645
   -0.734239      0.76456    0.0303784      1.85464    -0.042106     0.523008     -2.23872
    -1.33324      1.30885      1.56803      1.85464     -1.31961      1.49564     -1.05135
    -1.33327      1.31983      1.57217      1.85464     -1.32911      1.50247     -1.04965
   -0.708895     0.764563   -0.0307731      1.85464    0.0426527     0.523021     -2.33095
   -0.724755     0.764471   0.00749582      1.85464   -0.0103959      0.52252     -2.27323
   -0.740216     0.764673    0.0448006      1.85464    -0.062048     0.523616     -2.21702
    -1.33328      1.31326      1.56974      1.85464     -1.32342      1.49842     -1.05067
    -1.33323      1.32424      1.57373      1.85464     -1.33295      1.50513     -1.04897
    -0.71527     0.764489   -0.0153906      1.85464    0.0213428     0.522622     -2.30776
   -0.730735     0.764515    0.0219246      1.85464   -0.0303981     0.522759     -2.25146
    -1.33322       1.3067      1.56718      1.85464     -1.31775      1.49427     -1.05169
    -1.33328       1.3174      1.57128      1.85464     -1.32701      1.50099     -1.05003
    -1.33317      1.32838      1.57514      1.85464     -1.33657      1.50758     -1.04833
   -0.705392     0.764624   -0.0392267      1.85464    0.0543467     0.523353     -2.34368
    -0.72125     0.764465 -0.000962138      1.85464   0.00133462     0.522489     -2.28599
   -0.737109     0.764609    0.0373032      1.85464   -0.0516869     0.523271     -2.22829
    -1.33326      1.31083      1.56881      1.85464     -1.32132       1.4969     -1.05104
    -1.33326      1.32181      1.57288      1.85464     -1.33084      1.50367     -1.04935
   -0.711766     0.764524   -0.0238467      1.85464    0.0330614     0.522808     -2.32052
    -0.72723     0.764484    0.0134676      1.85464   -0.0186765     0.522591     -2.26422
   -0.743085     0.764742    0.0517236      1.85464   -0.0716022     0.523991     -2.20662
    -1.33318      1.30427      1.56621      1.85464     -1.31566      1.49271     -1.05207
    -1.33328      1.31497      1.57038      1.85464      -1.3249      1.49949      -1.0504
    -1.33321      1.32595      1.57432      1.85464     -1.33445      1.50615     -1.04871
   -0.702285     0.764691   -0.0467228      1.85464    0.0647025     0.523715     -2.35495
   -0.717745     0.764474  -0.00941843      1.85464    0.0130624     0.522539     -2.29875
   -0.733605     0.764551    0.0288509      1.85464   -0.0399914     0.522957     -2.24102
    -1.33324      1.30841      1.56786      1.85464     -1.31923      1.49536     -1.05142
    -1.33328      1.31939      1.57201      1.85464     -1.32873       1.5022     -1.04972
   -0.708262     0.764573   -0.0323013      1.85464    0.0447677     0.523075     -2.33325
   -0.724121     0.764469    0.0059669      1.85464  -0.00827553     0.522509     -2.27553
   -0.739583     0.764659    0.0432724      1.85464   -0.0599372     0.523541     -2.21931
    -1.33328      1.31282      1.56957      1.85464     -1.32304      1.49815     -1.05074
    -1.33324      1.32353      1.57348      1.85464     -1.33233       1.5047     -1.04908
    -0.71424     0.764498   -0.0178756      1.85464    0.0247874     0.522668     -2.31151
   -0.730101     0.764508    0.0203958      1.85464   -0.0282797     0.522723     -2.25377
    -1.33321      1.30598       1.5669      1.85464     -1.31714      1.49381      -1.0518
    -1.33328      1.31696      1.57112      1.85464     -1.32662      1.50072      -1.0501
    -1.33318      1.32794      1.57499      1.85464     -1.33619      1.50732      -1.0484
   -0.704758     0.764637   -0.0407547      1.85464    0.0564587     0.523422     -2.34598
   -0.720617     0.764466  -0.00249028      1.85464   0.00345409     0.522492      -2.2883
    -0.73608      0.76459     0.034821      1.85464   -0.0482537      0.52317     -2.23203
    -1.33326      1.31012      1.56853      1.85464     -1.32071      1.49645     -1.05116
    -1.33327       1.3211      1.57262      1.85464     -1.33022      1.50324     -1.04946
   -0.710736     0.764537   -0.0263309      1.85464    0.0365022     0.522879     -2.32426
   -0.726597      0.76448    0.0119388      1.85464   -0.0165568     0.522569     -2.26652
   -0.742056     0.764716    0.0492414      1.85464   -0.0681782     0.523851     -2.21034
    -1.33317      1.30383      1.56603      1.85464     -1.31529      1.49242     -1.05213
    -1.33328      1.31453      1.57022      1.85464     -1.32452      1.49922     -1.05047
    -1.33322      1.32551      1.57417      1.85464     -1.33407      1.50589     -1.04877
   -0.701256     0.764716   -0.0492058      1.85464    0.0681294     0.523849     -2.35868
   -0.717111     0.764477   -0.0109486      1.85464    0.0151842     0.522556     -2.30106
   -0.732576     0.764537    0.0263678      1.85464    -0.036553      0.52288     -2.24476
    -1.33323      1.30797      1.56769      1.85464     -1.31885      1.49508     -1.05149
    -1.33328      1.31895      1.57185      1.85464     -1.32835      1.50193     -1.04979
   -0.707628     0.764583   -0.0338295      1.85464    0.0468823     0.523132     -2.33556
   -0.723092     0.764466   0.00348133      1.85464  -0.00482829     0.522496     -2.27928
   -0.738949     0.764645    0.0417454      1.85464   -0.0578274     0.523468     -2.22161
    -1.33327      1.31211       1.5693      1.85464     -1.32242       1.4977     -1.05085
    -1.33325      1.32309      1.57333      1.85464     -1.33195      1.50444     -1.04915
   -0.713607     0.764504   -0.0194039      1.85464    0.0269056     0.522701     -2.31382
   -0.729468     0.764502    0.0188664      1.85464   -0.0261602     0.522689     -2.25607
     -1.3332      1.30554      1.56672      1.85464     -1.31676      1.49353     -1.05187
    -1.33328      1.31652      1.57096      1.85464     -1.32624      1.50045     -1.05016
    -1.33319      1.32723      1.57475      1.85464     -1.33556       1.5069     -1.04851
   -0.704125      0.76465   -0.0422825      1.85464    0.0585699     0.523493     -2.34828
   -0.719587     0.764467   -0.0049758      1.85464   0.00690131     0.522503     -2.29205
   -0.735446      0.76458    0.0332917      1.85464   -0.0461379     0.523112     -2.23433
    -1.33325      1.30968      1.56836      1.85464     -1.32033      1.49617     -1.05122
    -1.33327      1.32066      1.57247      1.85464     -1.32984      1.50298     -1.04952
   -0.710103     0.764545   -0.0278603      1.85464    0.0386201     0.522925     -2.32657
   -0.725963     0.764476    0.0104099      1.85464   -0.0144369      0.52255     -2.26883
   -0.741423     0.764701    0.0477133      1.85464   -0.0660694     0.523767     -2.21264
    -1.33316      1.30312      1.56574      1.85464     -1.31468      1.49196     -1.05225
    -1.33328       1.3141      1.57005      1.85464     -1.32414      1.49894     -1.05054
    -1.33322      1.32507      1.57402      1.85464     -1.33368      1.50563     -1.04884
   -0.700623     0.764731   -0.0507326      1.85464    0.0702357     0.523934     -2.36097
   -0.716082     0.764484   -0.0134324      1.85464    0.0186281      0.52259     -2.30481
   -0.731942     0.764529    0.0248377      1.85464   -0.0344338     0.522836     -2.24707
    -1.33323      1.30726       1.5674      1.85464     -1.31824      1.49463      -1.0516
    -1.33328      1.31796      1.57149      1.85464     -1.32749      1.50133     -1.04994
   -0.706599     0.764601   -0.0363131      1.85464    0.0503179      0.52323      -2.3393
   -0.722458     0.764465   0.00195312      1.85464  -0.00270875     0.522491     -2.28159
   -0.738316     0.764632     0.040217      1.85464   -0.0557153     0.523398     -2.22391
    -1.33327      1.31167      1.56913      1.85464     -1.32204      1.49743     -1.05091
    -1.33325      1.32237      1.57308      1.85464     -1.33133      1.50401     -1.04926
   -0.712973      0.76451   -0.0209343      1.85464    0.0290263     0.522735     -2.31612
   -0.728438     0.764493    0.0163829      1.85464   -0.0227181      0.52264     -2.25982
    -1.33319      1.30511      1.56654      1.85464     -1.31638      1.49325     -1.05194
    -1.33328      1.31608       1.5708      1.85464     -1.32586      1.50017     -1.05023
     -1.3332      1.32651      1.57451      1.85464     -1.33494      1.50648     -1.04862
   -0.703492     0.764664   -0.0438102      1.85464    0.0606805     0.523567     -2.35057
   -0.719349     0.764468  -0.00554878      1.85464   0.00769597     0.522506     -2.29291
   -0.734417     0.764563    0.0308087      1.85464   -0.0427017     0.523022     -2.23807
    -1.33325      1.30924      1.56819      1.85464     -1.31995      1.49589     -1.05129
    -1.33327      1.32022      1.57231      1.85464     -1.32946      1.50271     -1.04959