    -1.91506      1.47166      1.56951      2.00972     -1.48155      1.52756     -1.37256
    -1.91512      1.48313      1.57104      2.00972      -1.4913       1.5338     -1.37208
    -1.28333     0.871112  -0.00740421      2.00972    0.0219673     0.260833     -2.77454
    -1.29795     0.871198    0.0311787      2.00972   -0.0922228     0.261976       -2.654
    -1.91511      1.47627      1.57017      2.00972     -1.48545      1.53011     -1.37238
     -1.9151      1.48745      1.57153      2.00972     -1.49501      1.53607     -1.37188
    -1.27399     0.871203   -0.0320538      2.00972    0.0947947     0.262045     -2.85143
    -1.28898     0.871112    0.0075165      2.00972   -0.0222997     0.260835     -2.72782
    -1.91503      1.46941      1.56917      2.00972     -1.47965       1.5263     -1.37264
    -1.91513      1.48059      1.57074      2.00972     -1.48913      1.53245     -1.37219
    -1.91504      1.49206      1.57199      2.00972       -1.499      1.53844     -1.37166
    -1.28002     0.871131   -0.0161487      2.00972    0.0478781      0.26109      -2.8019
    -1.29464     0.871154    0.0224358      2.00972   -0.0664644     0.261392      -2.6812
    -1.91509      1.47373      1.56981      2.00972      -1.4833      1.52872     -1.37248
    -1.91511      1.48492      1.57125      2.00972     -1.49283      1.53475       -1.372
    -1.27105     0.871255   -0.0398071      2.00972      0.11751     0.262737     -2.87542
    -1.28567     0.871107  -0.00122857      2.00972   0.00364593     0.260766     -2.75521
    -1.30066     0.871244    0.0383394      2.00972    -0.113219     0.262595     -2.63182
    -1.91512      1.47806      1.57041      2.00972     -1.48697      1.53108      -1.3723
    -1.91508      1.48953      1.57174      2.00972      -1.4968      1.53715     -1.37178
     -1.2767     0.871165    -0.024892      2.00972    0.0737132     0.261537     -2.82917
     -1.2917     0.871127    0.0146804      2.00972   -0.0435307     0.261033     -2.70541
    -1.91506       1.4712      1.56944      2.00972     -1.48116       1.5273     -1.37258
    -1.91512      1.48267      1.57099      2.00972     -1.49091      1.53356      -1.3721
    -1.28236     0.871116  -0.00997293      2.00972    0.0295839     0.260888     -2.78258
    -1.29735     0.871189    0.0295982      2.00972   -0.0875755     0.261857      -2.6589
     -1.9151      1.47552      1.57007      2.00972     -1.48482       1.5297     -1.37241
     -1.9151        1.487      1.57148      2.00972     -1.49462      1.53583      -1.3719
    -1.27339     0.871212   -0.0336348      2.00972    0.0994363     0.262174     -2.85634
    -1.28838      0.87111   0.00593543      2.00972   -0.0176102     0.260808     -2.73277
    -1.91512      1.48014      1.57068      2.00972     -1.48874      1.53221     -1.37221
    -1.91505      1.49161      1.57194      2.00972      -1.4986      1.53821     -1.37168
    -1.27942     0.871136   -0.0177293      2.00972     0.052555     0.261157     -2.80683
    -1.29404     0.871147    0.0208553      2.00972   -0.0617962     0.261307     -2.68612
    -1.91508      1.47328      1.56975      2.00972     -1.48291      1.52846      -1.3725
    -1.91512      1.48446       1.5712      2.00972     -1.49244      1.53451     -1.37202
    -1.28507     0.871108  -0.00280976      2.00972    0.0083377     0.260774     -2.76016
    -1.29969     0.871226    0.0357714      2.00972    -0.105701     0.262358     -2.63976
    -1.91512       1.4776      1.57035      2.00972     -1.48658      1.53083     -1.37232
    -1.91508      1.48879      1.57167      2.00972     -1.49616      1.53676     -1.37182
    -1.27573     0.871177   -0.0274605      2.00972    0.0812834     0.261705     -2.83716
    -1.29072     0.871121    0.0121114      2.00972   -0.0359213     0.260947     -2.71344
    -1.91505      1.47074      1.56937      2.00972     -1.48077      1.52705     -1.37259
    -1.91512      1.48193       1.5709      2.00972     -1.49027      1.53316     -1.37214
    -1.28176     0.871119   -0.0115542      2.00972    0.0342708     0.260931     -2.78753
    -1.29638     0.871175    0.0270298      2.00972    -0.080014     0.261676     -2.66689
     -1.9151      1.47507         1.57      2.00972     -1.48443      1.52945     -1.37242
     -1.9151      1.48654      1.57143      2.00972     -1.49422       1.5356     -1.37193
    -1.27279     0.871223   -0.0352142      2.00972     0.104069     0.262309     -2.86123
    -1.28741     0.871108   0.00336635      2.00972  -0.00998848     0.260778     -2.74081
    -1.91512      1.47939      1.57058      2.00972      -1.4881       1.5318     -1.37225
    -1.91506      1.49086      1.57187      2.00972     -1.49796      1.53783     -1.37172
    -1.27845     0.871145    -0.020298      2.00972    0.0601501     0.261278     -2.81485
    -1.29344     0.871142    0.0192747      2.00972   -0.0571247     0.261228     -2.69106
    -1.91507      1.47253      1.56964      2.00972     -1.48228      1.52805     -1.37252
    -1.91512        1.484      1.57115      2.00972     -1.49205      1.53427     -1.37204
    -1.28447     0.871109  -0.00439048      2.00972    0.0130276     0.260788     -2.76511
    -1.29909     0.871216    0.0341909      2.00972    -0.101067     0.262221     -2.64466
    -1.91511      1.47714      1.57029      2.00972     -1.48619      1.53059     -1.37234
    -1.91509      1.48833      1.57162      2.00972     -1.49577      1.53653     -1.37184
    -1.27513     0.871186   -0.0290411      2.00972    0.0859367     0.261816     -2.84208
    -1.29013     0.871117    0.0105308      2.00972    -0.031237     0.260902     -2.71838
    -1.91504         1.47      1.56926      2.00972     -1.48015      1.52663     -1.37262
    -1.91513      1.48147      1.57084      2.00972     -1.48988      1.53292     -1.37216
    -1.91503      1.49265      1.57204      2.00972     -1.49951      1.53874     -1.37163
    -1.28078     0.871126   -0.0141234      2.00972    0.0418821     0.261013     -2.79557
    -1.29578     0.871167    0.0254493      2.00972   -0.0753559     0.261572     -2.67181
     -1.9151      1.47461      1.56994      2.00972     -1.48404       1.5292     -1.37244
    -1.91511      1.48579      1.57135      2.00972     -1.49358      1.53521     -1.37196
    -1.27182      0.87124   -0.0377829      2.00972     0.111591     0.262542     -2.86917
    -1.28681     0.871107   0.00178576      2.00972  -0.00529859     0.260768     -2.74576
     -1.3018     0.871266    0.0413511      2.00972    -0.122017     0.262892     -2.62253
    -1.91512      1.47893      1.57052      2.00972     -1.48771      1.53156     -1.37227
    -1.91506       1.4904      1.57183      2.00972     -1.49756       1.5376     -1.37174
    -1.27785     0.871152   -0.0218787      2.00972    0.0648201     0.261362     -2.81978
    -1.29247     0.871133    0.0167061      2.00972   -0.0495271     0.261113     -2.69908
    -1.91507      1.47207      1.56957      2.00972      -1.4819      1.52779     -1.37254
    -1.91512      1.48354      1.57109      2.00972     -1.49165      1.53402     -1.37206
     -1.2835     0.871111  -0.00695908      2.00972    0.0206472     0.260824     -2.77315
    -1.29849     0.871206    0.0326109      2.00972     -0.09643      0.26209     -2.64955
    -1.91511       1.4764      1.57019      2.00972     -1.48556      1.53018     -1.37237
    -1.91509      1.48787      1.57157      2.00972     -1.49537      1.53629     -1.37186
    -1.27453     0.871194   -0.0306208      2.00972    0.0905834     0.261933     -2.84699
    -1.28953     0.871114   0.00894976      2.00972   -0.0265498     0.260864     -2.72333
    -1.91503      1.46954      1.56919      2.00972     -1.47976      1.52637     -1.37264
    -1.91513      1.48072      1.57075      2.00972     -1.48924      1.53252     -1.37219
    -1.91504      1.49219        1.572      2.00972     -1.49911      1.53851     -1.37165
    -1.28019      0.87113   -0.0157043      2.00972    0.0465627     0.261072     -2.80051
    -1.29518      0.87116    0.0238683      2.00972   -0.0706928     0.261475     -2.67673
    -1.91509      1.47386      1.56983      2.00972     -1.48341      1.52879     -1.37247
    -1.91511      1.48533       1.5713      2.00972     -1.49319      1.53497     -1.37198
    -1.27122     0.871252   -0.0393621      2.00972     0.116209     0.262693     -2.87405
    -1.28621     0.871107  0.000204206      2.00972 -0.000605618     0.260764     -2.75072
    -1.30083     0.871247    0.0387828      2.00972    -0.114515     0.262637     -2.63045
    -1.91512      1.47847      1.57047      2.00972     -1.48732      1.53131     -1.37228
    -1.91507      1.48995      1.57178      2.00972     -1.49716      1.53736     -1.37176
    -1.27725     0.871158   -0.0234604      2.00972    0.0694897     0.261451     -2.82471
    -1.29224     0.871131    0.0161132      2.00972   -0.0477723     0.261088     -2.70093
    -1.91506      1.47133      1.56946      2.00972     -1.48127      1.52738     -1.37257
    -1.91512       1.4828      1.57101      2.00972     -1.49102      1.53363      -1.3721