  -0.245335     1.85458     1.57271     1.37165    -1.84961     1.51718    -0.41941
   -0.24532     1.86318     1.56787     1.37165    -1.85718     1.51099   -0.417589
  -0.245347     1.85791     1.57087     1.37165    -1.85255     1.51482   -0.418744
   0.238052      1.3586   0.0152361     1.37165  -0.0372338    0.411622    -1.27759
  -0.245317     1.85264     1.57377     1.37165    -1.84789     1.51855   -0.419779
  -0.245337     1.86123     1.56899     1.37165    -1.85547     1.51241    -0.41803
  -0.245343     1.85596     1.57196     1.37165    -1.85083     1.51621    -0.41914
   0.240045      1.3586 -0.00506589     1.37165   0.0123851    0.411377    -1.32535
  -0.245345      1.8595     1.56997     1.37165    -1.85395     1.51367   -0.418407
  -0.245331     1.85401     1.57303     1.37165    -1.84911     1.51759    -0.41952
  -0.245324     1.86283     1.56807     1.37165    -1.85687     1.51125    -0.41767
  -0.245347     1.85755     1.57107     1.37165    -1.85223     1.51507   -0.418817
   0.238412      1.3586   0.0115648     1.37165  -0.0282672    0.411505    -1.28622
  -0.245313     1.85228     1.57396     1.37165    -1.84758      1.5188   -0.419844
  -0.245339     1.86088     1.56919     1.37165    -1.85516     1.51267   -0.418108
  -0.245341     1.85561     1.57215     1.37165    -1.85052     1.51646    -0.41921
   0.240405      1.3586 -0.00873451     1.37165   0.0213519    0.411437    -1.33398
  -0.245347     1.85893      1.5703     1.37165    -1.85345     1.51408   -0.418529
  -0.245328     1.85366     1.57322     1.37165     -1.8488     1.51784   -0.419587
  -0.245327     1.86247     1.56827     1.37165    -1.85656      1.5115    -0.41775
  -0.245346     1.85698     1.57139     1.37165    -1.85173     1.51548   -0.418934
   0.238772      1.3586  0.00789639     1.37165  -0.0193032    0.411421    -1.29485
  -0.245341     1.86053     1.56939     1.37165    -1.85485     1.51293   -0.418185
  -0.245338     1.85503     1.57247     1.37165    -1.85001     1.51686   -0.419323
   0.240765      1.3586  -0.0124059     1.37165   0.0303223     0.41153    -1.34262
  -0.245313     1.86385     1.56748     1.37165    -1.85777     1.51049   -0.417433
  -0.245347     1.85858      1.5705     1.37165    -1.85314     1.51434   -0.418604
  -0.245324     1.85331     1.57341     1.37165    -1.84849     1.51808   -0.419654
  -0.245332      1.8619      1.5686     1.37165    -1.85606     1.51192    -0.41788
  -0.245345     1.85663     1.57159     1.37165    -1.85142     1.51573   -0.419005
   0.239358      1.3586  0.00193113     1.37165 -0.00472114    0.411351    -1.30888
  -0.245344     1.85995     1.56972     1.37165    -1.85435     1.51334    -0.41831
  -0.245336     1.85468     1.57266     1.37165     -1.8497     1.51711   -0.419391
   0.241125      1.3586  -0.0160724     1.37165   0.0392762    0.411654    -1.35123
  -0.245317      1.8635     1.56768     1.37165    -1.85746     1.51075   -0.417515
  -0.245347     1.85823     1.57069     1.37165    -1.85283     1.51459   -0.418677
   0.237725      1.3586   0.0185575     1.37165  -0.0453411    0.411756    -1.26979
  -0.245318     1.85273     1.57372     1.37165    -1.84798     1.51848   -0.419761
  -0.245335     1.86155     1.56881     1.37165    -1.85575     1.51218   -0.417959
  -0.245343     1.85606      1.5719     1.37165    -1.85092     1.51614   -0.419121
   0.239718      1.3586 -0.00173755     1.37165  0.00424828     0.41135    -1.31752
  -0.245345      1.8596     1.56992     1.37165    -1.85404      1.5136   -0.418386
  -0.245331     1.85411     1.57297     1.37165     -1.8492     1.51752   -0.419501
  -0.245323     1.86293     1.56801     1.37165    -1.85696     1.51117   -0.417647