  -0.737692      1.8122     1.57033      1.3063    -1.80399     1.50782    0.576046
  -0.277693     1.33924 -0.00596666      1.3063   0.0122012    0.496087   -0.289792
  -0.737675     1.80714      1.5728      1.3063     -1.7997     1.51143    0.575215
  -0.737673      1.8156      1.5686      1.3063    -1.80687     1.50533    0.576665
  -0.737693     1.81054     1.57115      1.3063    -1.80259     1.50901    0.575762
  -0.737655     1.80527     1.57369      1.3063    -1.79811     1.51274    0.574935
  -0.737687     1.81373     1.56955      1.3063    -1.80529      1.5067    0.576319
  -0.279267     1.33924   0.0095087      1.3063  -0.0194425     0.49614   -0.259986
  -0.737686     1.80867     1.57206      1.3063      -1.801     1.51035    0.575455
  -0.737659     1.81692     1.56792      1.3063    -1.80798     1.50436    0.576918
  -0.737693     1.81186     1.57049      1.3063    -1.80371     1.50806    0.575987
  -0.277345     1.33924 -0.00937825      1.3063   0.0191761    0.496138   -0.296362
  -0.737672      1.8068     1.57296      1.3063    -1.79941     1.51167    0.575163
  -0.737676     1.81526     1.56877      1.3063    -1.80658     1.50558    0.576601
  -0.737692     1.80999     1.57142      1.3063    -1.80212     1.50941     0.57567
  -0.737688     1.81339     1.56973      1.3063      -1.805     1.50695    0.576258
   -0.27892     1.33924   0.0060941      1.3063  -0.0124614    0.496088   -0.266562
  -0.737683     1.80812     1.57233      1.3063    -1.80054     1.51074    0.575368
  -0.737663     1.81658     1.56809      1.3063    -1.80769     1.50461    0.576852
  -0.737693     1.81152     1.57066      1.3063    -1.80342      1.5083    0.575929
  -0.276998     1.33924  -0.0127955      1.3063    0.026161    0.496211   -0.302941
  -0.737669     1.80646     1.57312      1.3063    -1.79913     1.51191    0.575112
   -0.73768     1.81471     1.56906      1.3063    -1.80612     1.50599    0.576499
  -0.280277     1.33924   0.0194305      1.3063  -0.0397153     0.49642   -0.240892
  -0.737691     1.80965     1.57158      1.3063    -1.80184     1.50965    0.575614
  -0.737691     1.81284        1.57      1.3063    -1.80454     1.50735    0.576159
  -0.278355     1.33924 0.000546187      1.3063 -0.00111675    0.496052   -0.277248
   -0.73768     1.80778     1.57249      1.3063    -1.80025     1.51098    0.575315
  -0.737669     1.81604     1.56838      1.3063    -1.80723     1.50501    0.576747
  -0.737693     1.81118     1.57083      1.3063    -1.80314     1.50855    0.575871
  -0.276433     1.33924  -0.0183408      1.3063   0.0374903     0.49638   -0.313612
  -0.737663     1.80591     1.57338      1.3063    -1.79866     1.51229     0.57503
  -0.737683     1.81438     1.56923      1.3063    -1.80583     1.50623    0.576436
  -0.279712     1.33924   0.0138837      1.3063  -0.0283843     0.49624   -0.251564
  -0.737688      1.8091     1.57185      1.3063    -1.80137     1.51004    0.575525
  -0.737692     1.81251     1.57017      1.3063    -1.80425     1.50759      0.5761
  -0.278008     1.33924 -0.00287002      1.3063  0.00586918     0.49606   -0.283828
  -0.737676     1.80723     1.57276      1.3063    -1.79978     1.51136     0.57523
  -0.737672      1.8157     1.56855      1.3063    -1.80695     1.50526    0.576683
  -0.737693     1.81063      1.5711      1.3063    -1.80267     1.50894    0.575778
  -0.737661     1.80578     1.57344      1.3063    -1.79855     1.51238    0.575011
  -0.737686     1.81383     1.56951      1.3063    -1.80537     1.50663    0.576336
  -0.279365     1.33924   0.0104707      1.3063  -0.0214089    0.496159   -0.258134
  -0.737687     1.80876     1.57202      1.3063    -1.80108     1.51028    0.575471
  -0.737655     1.81723     1.56776      1.3063    -1.80824     1.50413    0.576978
  -0.737693     1.81196     1.57045      1.3063    -1.80379     1.50799    0.576004
   -0.27766     1.33924 -0.00628334      1.3063   0.0128487    0.496091   -0.290402