  -0.659846     1.65216      1.5714     1.80412    -1.64983     1.59018   -0.325609
  -0.659841     1.66269     1.57002     1.80412    -1.66039     1.59127   -0.325696
 -0.0774498     1.05783   0.0155232     1.80412   -0.048958    0.280005    -1.49187
  -0.659864     1.65623     1.57091     1.80412     -1.6539     1.59064   -0.325666
 -0.0700418     1.05783  -0.0117445     1.80412   0.0370548    0.279853    -1.58052
  -0.659824     1.64978     1.57167     1.80412    -1.64745     1.58989   -0.325563
  -0.659856      1.6603     1.57037     1.80412    -1.65799     1.59105   -0.325693
 -0.0747124     1.05782  0.00544734     1.80412  -0.0171931    0.279693    -1.52461
  -0.659856     1.65385      1.5712     1.80412    -1.65151     1.59037   -0.325637
  -0.659821     1.66464     1.56973     1.80412    -1.66236     1.59143   -0.325689
 -0.0673045     1.05785  -0.0218191     1.80412    0.068757    0.280352    -1.61319
 -0.0793828     1.05785   0.0226375     1.80412  -0.0713258    0.280406    -1.46882
  -0.659864     1.65792     1.57069     1.80412    -1.65559     1.59081   -0.325681
 -0.0719749     1.05782 -0.00462884     1.80412   0.0146107    0.279681    -1.55739
   -0.65984     1.65146     1.57148     1.80412    -1.64913      1.5901   -0.325597
  -0.659844     1.66226     1.57009     1.80412    -1.65995     1.59123   -0.325696
 -0.0766455     1.05783   0.0125626     1.80412  -0.0396325    0.279882    -1.50148
  -0.659862     1.65553       1.571     1.80412     -1.6532     1.59056   -0.325659
 -0.0692376     1.05783  -0.0147045     1.80412   0.0463806    0.279969    -1.59013
  -0.659815     1.64908     1.57174     1.80412    -1.64675      1.5898   -0.325547
  -0.659858     1.65987     1.57043     1.80412    -1.65755     1.59101   -0.325692
 -0.0742175     1.05782  0.00362594     1.80412  -0.0114449    0.279669    -1.53053
  -0.659854     1.65342     1.57126     1.80412    -1.65108     1.59032    -0.32563
  -0.659829     1.66394     1.56984     1.80412    -1.66165     1.59137   -0.325692
 -0.0665003     1.05786   -0.024779     1.80412   0.0780454    0.280555    -1.62276
  -0.078888     1.05785   0.0208163     1.80412  -0.0656063    0.280289    -1.47471
  -0.659864     1.65749     1.57075     1.80412    -1.65516     1.59077   -0.325678
 -0.0714801     1.05782 -0.00645047     1.80412    0.020359    0.279711    -1.56331
  -0.659836     1.65103     1.57153     1.80412     -1.6487     1.59004   -0.325589
  -0.659847     1.66182     1.57015     1.80412    -1.65952     1.59119   -0.325696
 -0.0761507     1.05783   0.0107413     1.80412  -0.0338919     0.27982     -1.5074
  -0.659861      1.6551     1.57105     1.80412    -1.65277     1.59051   -0.325653
 -0.0687427     1.05784  -0.0165261     1.80412   0.0521157    0.280053    -1.59604
   -0.65981     1.64865     1.57179     1.80412    -1.64632     1.58974   -0.325537
  -0.659861     1.65917     1.57052     1.80412    -1.65685     1.59094   -0.325689
 -0.0734132     1.05782 0.000665352     1.80412 -0.00209995     0.27965    -1.54016
   -0.65985     1.65272     1.57134     1.80412    -1.65038     1.59024   -0.325619
  -0.659833     1.66351      1.5699     1.80412    -1.66122     1.59134   -0.325694
 -0.0660055     1.05786  -0.0265997     1.80412   0.0837516    0.280693    -1.62865
 -0.0783932     1.05784   0.0189953     1.80412  -0.0598827    0.280182    -1.48061
  -0.659864     1.65705      1.5708     1.80412    -1.65473     1.59072   -0.325674
 -0.0706758     1.05783 -0.00941081     1.80412   0.0296972     0.27978    -1.57293
  -0.659829     1.65033     1.57161     1.80412      -1.648     1.58996   -0.325575
   -0.65985     1.66139     1.57021     1.80412    -1.65909     1.59115   -0.325696
 -0.0756558     1.05782  0.00891982     1.80412  -0.0281481    0.279767    -1.51332
   -0.65986     1.65467     1.57111     1.80412    -1.65234     1.59047   -0.325648
  -0.659815     1.66519     1.56965     1.80412    -1.66291     1.59148   -0.325686
 -0.0682478     1.05784  -0.0183475     1.80412   0.0578461    0.280146    -1.60194
 -0.0803262     1.05786   0.0261091     1.80412   -0.082214    0.280655     -1.4576
  -0.659862     1.65874     1.57058     1.80412    -1.65642      1.5909   -0.325687
 -0.0729184     1.05782 -0.00115629     1.80412  0.00365026    0.279651    -1.54609
  -0.659847     1.65228     1.57139     1.80412    -1.64995     1.59019   -0.325612
   -0.65984     1.66281     1.57001     1.80412    -1.66051     1.59128   -0.325695
 -0.0775889     1.05784   0.0160353     1.80412  -0.0505701    0.280029    -1.49021
  -0.659864     1.65635     1.57089     1.80412    -1.65402     1.59065   -0.325668
 -0.0701809     1.05783  -0.0112323     1.80412   0.0354403    0.279836    -1.57885
  -0.659825      1.6499     1.57166     1.80412    -1.64757      1.5899   -0.325566
  -0.659854     1.66069     1.57031     1.80412    -1.65838     1.59108   -0.325695
 -0.0748515     1.05782  0.00595937     1.80412  -0.0188088    0.279702    -1.52294
  -0.659858     1.65424     1.57116     1.80412     -1.6519     1.59042   -0.325642
   -0.65982     1.66476     1.56971     1.80412    -1.66248     1.59144   -0.325689
 -0.0674436     1.05785  -0.0213072     1.80412    0.067149    0.280319    -1.61153
 -0.0798313     1.05785   0.0242883     1.80412  -0.0765057    0.280519    -1.46348
  -0.659863     1.65858      1.5706     1.80412    -1.65626     1.59088   -0.325686
 -0.0721141     1.05782 -0.00411681     1.80412   0.0129948    0.279674    -1.55572