    0.607861      1.07416     -1.57322        1.849      1.08988      1.44163      -2.7068
    0.607861      1.07416     -1.57322        1.849     -2.05171     -1.44163     0.434792
    0.607823       1.0632     -1.56539        1.849      1.08083      1.43232     -2.70186
    0.607823       1.0632     -1.56539        1.849     -2.06076     -1.43232      0.43973
  -0.0310202     0.567547   -0.0352421        1.849    0.0285497     0.725529     -1.57886
  -0.0310202     0.567547   -0.0352421        1.849     -3.11304    -0.725529      1.56273
  -0.0508969     0.567403   0.00335062        1.849  -0.00271483     0.725194      -1.5428
  -0.0508969     0.567403   0.00335062        1.849     -3.14431    -0.725194      1.59879
  -0.0712797     0.567617    0.0429275        1.849   -0.0347717     0.725693     -1.50582
  -0.0712797     0.567617    0.0429275        1.849     -3.17636    -0.725693      1.63577
   -0.706189      1.06533      1.56694        1.849     -1.08259      1.43415    -0.389028
   -0.706189      1.06533      1.56694        1.849     -4.22418     -1.43415      2.75256
   -0.706189      1.07602      1.57451        1.849     -1.09142      1.44319    -0.384236
   -0.706189      1.07602      1.57451        1.849     -4.23301     -1.44319      2.75736
    0.607787      1.08071     -1.57773        1.849       1.0953       1.4471     -2.70969
    0.607787      1.08071     -1.57773        1.849     -2.04629      -1.4471     0.431899
     0.60787      1.06976     -1.57011        1.849      1.08624      1.43792     -2.70483
     0.60787      1.06976     -1.57011        1.849     -2.05535     -1.43792     0.436762
  -0.0387045      0.56745   -0.0203213        1.849    0.0164648     0.725303     -1.56492
  -0.0387045      0.56745   -0.0203213        1.849     -3.12513    -0.725303      1.57667
  -0.0590931     0.567445    0.0192637        1.849   -0.0156079     0.725292     -1.52793
  -0.0590931     0.567445    0.0192637        1.849      -3.1572    -0.725292      1.61367
   -0.706212      1.06946      1.56991        1.849       -1.086      1.43767    -0.387161
   -0.706212      1.06946      1.56991        1.849     -4.22759     -1.43767      2.75443
   -0.706134      1.08042      1.57753        1.849     -1.09506      1.44685    -0.382294
   -0.706134      1.08042      1.57753        1.849     -4.23665     -1.44685       2.7593
    0.607844      1.07631     -1.57471        1.849      1.09166      1.44343     -2.70775
    0.607844      1.07631     -1.57471        1.849     -2.04993     -1.44343     0.433839
    0.607849      1.06562     -1.56715        1.849      1.08283       1.4344     -2.70296
    0.607849      1.06562     -1.56715        1.849     -2.05876      -1.4344     0.438628
  -0.0265184     0.567627   -0.0439846        1.849    0.0356275     0.725718     -1.58703
  -0.0265184     0.567627   -0.0439846        1.849     -3.10597    -0.725718      1.55457
  -0.0469006     0.567404   -0.0044083        1.849   0.00357207     0.725196     -1.55005
  -0.0469006     0.567404   -0.0044083        1.849     -3.13802    -0.725196      1.59154
  -0.0667776     0.567538    0.0341847        1.849   -0.0276933     0.725509     -1.51399
  -0.0667776     0.567538    0.0341847        1.849     -3.16929    -0.725509      1.62761
   -0.706162      1.06291      1.56518        1.849     -1.08059      1.43207    -0.390131
   -0.706162      1.06291      1.56518        1.849     -4.22218     -1.43207      2.75146
   -0.706205      1.07387      1.57301        1.849     -1.08964      1.44139     -0.38519
   -0.706205      1.07387      1.57301        1.849     -4.23123     -1.44139       2.7564
    0.607869      1.07218     -1.57183        1.849      1.08824      1.43996     -2.70592
    0.607869      1.07218     -1.57183        1.849     -2.05335     -1.43996     0.435676
    0.607794      1.06122     -1.56393        1.849       1.0792      1.43061     -2.70096
    0.607794      1.06122     -1.56393        1.849      -2.0624     -1.43061     0.440637
  -0.0342003       0.5675   -0.0290671        1.849     0.023549     0.725421     -1.57309
  -0.0342003       0.5675   -0.0290671        1.849     -3.11804    -0.725421       1.5685
   -0.054588     0.567414    0.0105168        1.849  -0.00852125     0.725221      -1.5361
   -0.054588     0.567414    0.0105168        1.849     -3.15011    -0.725221      1.60549
  -0.0749665     0.567695    0.0500879        1.849   -0.0405667     0.725875     -1.49914
  -0.0749665     0.567695    0.0500879        1.849     -3.18216    -0.725875      1.64246
   -0.706202      1.06704      1.56817        1.849       -1.084      1.43561    -0.388253
   -0.706202      1.06704      1.56817        1.849     -4.22559     -1.43561      2.75334
   -0.706169        1.078      1.57588        1.849     -1.09306      1.44484    -0.383359
   -0.706169        1.078      1.57588        1.849     -4.23465     -1.44484      2.75823
    0.607817      1.07873     -1.57638        1.849      1.09366      1.44545     -2.70882
    0.607817      1.07873     -1.57638        1.849     -2.04793     -1.44545      0.43277
    0.607865      1.06805     -1.56889        1.849      1.08483      1.43646     -2.70406
    0.607865      1.06805     -1.56889        1.849     -2.05676     -1.43646     0.437532
  -0.0220184     0.567726   -0.0527244        1.849    0.0427002     0.725949     -1.59519
  -0.0220184     0.567726   -0.0527244        1.849     -3.09889    -0.725949      1.54641
  -0.0423951     0.567422   -0.0131557        1.849    0.0106597     0.725238     -1.55823
  -0.0423951     0.567422   -0.0131557        1.849     -3.13093    -0.725238      1.58337
  -0.0622741     0.567477    0.0254401        1.849   -0.0206111     0.725367     -1.52216
  -0.0622741     0.567477    0.0254401        1.849      -3.1622    -0.725367      1.61944
   -0.706124      1.06049       1.5634        1.849     -1.07859      1.42998     -0.39124
   -0.706124      1.06049       1.5634        1.849     -4.22018     -1.42998      2.75035
   -0.706213      1.07145      1.57131        1.849     -1.08764      1.43935    -0.386271
   -0.706213      1.07145      1.57131        1.849     -4.22923     -1.43935      2.75532
    0.607858       1.0746     -1.57352        1.849      1.09025        1.442       -2.707
    0.607858       1.0746     -1.57352        1.849     -2.05135       -1.442     0.434598
    0.607828      1.06364     -1.56571        1.849      1.08119       1.4327     -2.70206
    0.607828      1.06364     -1.56571        1.849      -2.0604      -1.4327     0.439531
  -0.0296974     0.567568   -0.0378109        1.849    0.0306297     0.725581     -1.58126
  -0.0296974     0.567568   -0.0378109        1.849     -3.11096    -0.725581      1.56033
  -0.0500824     0.567402   0.00176916        1.849   -0.0014334     0.725191     -1.54428
  -0.0500824     0.567402   0.00176916        1.849     -3.14303    -0.725191      1.59732
  -0.0704659     0.567601    0.0413473        1.849   -0.0334924     0.725657      -1.5073
  -0.0704659     0.567601    0.0413473        1.849     -3.17509    -0.725657       1.6343
   -0.706182      1.06462      1.56642        1.849       -1.082      1.43354    -0.389351
   -0.706182      1.06462      1.56642        1.849      -4.2236     -1.43354      2.75224
   -0.706193      1.07558      1.57421        1.849     -1.09105      1.44282     -0.38443
   -0.706193      1.07558      1.57421        1.849     -4.23265     -1.44282      2.75716
     0.60778      1.08115     -1.57803        1.849      1.09566      1.44746     -2.70989
     0.60778      1.08115     -1.57803        1.849     -2.04593     -1.44746     0.431707
     0.60787      1.07019     -1.57043        1.849      1.08661      1.43829     -2.70503
     0.60787      1.07019     -1.57043        1.849     -2.05499     -1.43829     0.436565
    0.607764      1.05951     -1.56267        1.849      1.07778      1.42913     -2.70017
    0.607764      1.05951     -1.56267        1.849     -2.06381     -1.42913     0.441424
  -0.0378902     0.567457   -0.0219024        1.849    0.0177457     0.725321      -1.5664
  -0.0378902     0.567457   -0.0219024        1.849     -3.12385    -0.725321      1.57519
  -0.0577695     0.567434    0.0166939        1.849    -0.013526     0.725267     -1.53033
  -0.0577695     0.567434    0.0166939        1.849     -3.15512    -0.725267      1.61126
   -0.706211      1.06902       1.5696        1.849     -1.08564       1.4373    -0.387357
   -0.706211      1.06902       1.5696        1.849     -4.22723      -1.4373      2.75424
   -0.706145      1.07971      1.57705        1.849     -1.09447      1.44626    -0.382607
   -0.706145      1.07971      1.57705        1.849     -4.23606     -1.44626      2.75899
    0.607837      1.07702      -1.5752        1.849      1.09225      1.44403     -2.70807
    0.607837      1.07702      -1.5752        1.849     -2.04935     -1.44403     0.433524
    0.607852      1.06606     -1.56747        1.849      1.08319      1.43477     -2.70316
    0.607852      1.06606     -1.56747        1.849      -2.0584     -1.43477     0.438429
  -0.0257047     0.567644   -0.0455647        1.849    0.0369065     0.725757      -1.5885
  -0.0257047     0.567644   -0.0455647        1.849     -3.10469    -0.725757      1.55309
  -0.0455768     0.567407  -0.00697847        1.849    0.0056546     0.725204     -1.55245
  -0.0455768     0.567407  -0.00697847        1.849     -3.13594    -0.725204      1.58914
  -0.0659636     0.567526     0.032604        1.849   -0.0264133      0.72548     -1.51546
  -0.0659636     0.567526     0.032604        1.849     -3.16801     -0.72548      1.62613
   -0.706156      1.06247      1.56486        1.849     -1.08023      1.43169    -0.390331
   -0.706156      1.06247      1.56486        1.849     -4.22182     -1.43169      2.75126
   -0.706208      1.07316      1.57252        1.849     -1.08905      1.44079    -0.385507
   -0.706208      1.07316      1.57252        1.849     -4.23065     -1.44079      2.75609
    0.607867      1.07289     -1.57233        1.849      1.08883      1.44056     -2.70623
    0.607867      1.07289     -1.57233        1.849     -2.05276     -1.44056     0.435359
    0.607805      1.06193     -1.56446        1.849      1.07978      1.43123     -2.70128
    0.607805      1.06193     -1.56446        1.849     -2.06181     -1.43123     0.440312
  -0.0333862     0.567511   -0.0306478        1.849    0.0248293     0.725447     -1.57457
  -0.0333862     0.567511   -0.0306478        1.849     -3.11676    -0.725447      1.56702
  -0.0537735     0.567411   0.00893543        1.849     -0.00724     0.725213     -1.53758
  -0.0537735     0.567411   0.00893543        1.849     -3.14883    -0.725213      1.60401
  -0.0736444     0.567665    0.0475202        1.849   -0.0384888     0.725807     -1.50153
  -0.0736444     0.567665    0.0475202        1.849     -3.18008    -0.725807      1.64006
   -0.706199       1.0666      1.56786        1.849     -1.08364      1.43523    -0.388451
   -0.706199       1.0666      1.56786        1.849     -4.22523     -1.43523      2.75314
   -0.706174      1.07756      1.57558        1.849     -1.09269      1.44448    -0.383552
   -0.706174      1.07756      1.57558        1.849     -4.23429     -1.44448      2.75804
    0.607811      1.07917     -1.57668        1.849      1.09402      1.44581     -2.70902
    0.607811      1.07917     -1.57668        1.849     -2.04757     -1.44581     0.432577
    0.607866      1.06848     -1.56921        1.849      1.08519      1.43684     -2.70426
    0.607866      1.06848     -1.56921        1.849      -2.0564     -1.43684     0.437334
  -0.0212051     0.567746   -0.0543041        1.849    0.0439782     0.725995     -1.59666
  -0.0212051     0.567746   -0.0543041        1.849     -3.09761    -0.725995      1.54493
  -0.0415807     0.567427    -0.014737        1.849    0.0119408      0.72525      -1.5597
  -0.0415807     0.567427    -0.014737        1.849     -3.12965     -0.72525      1.58189
  -0.0614598     0.567468     0.023859        1.849   -0.0193304     0.725346     -1.52363
  -0.0614598     0.567468     0.023859        1.849     -3.16092    -0.725346      1.61796
   -0.706117      1.06005      1.56307        1.849     -1.07823       1.4296    -0.391441
   -0.706117      1.06005      1.56307        1.849     -4.21982      -1.4296      2.75015
   -0.706213      1.07101        1.571        1.849     -1.08728      1.43898    -0.386467
   -0.706213      1.07101        1.571        1.849     -4.22887     -1.43898      2.75513
   -0.706112      1.08169      1.57839        1.849     -1.09611      1.44791    -0.381737
   -0.706112      1.08169      1.57839        1.849      -4.2377     -1.44791      2.75986
    0.607855      1.07504     -1.57383        1.849      1.09061      1.44237     -2.70719
    0.607855      1.07504     -1.57383        1.849     -2.05099     -1.44237     0.434403
    0.607836      1.06435     -1.56623        1.849      1.08178      1.43331     -2.70239
    0.607836      1.06435     -1.56623        1.849     -2.05981     -1.43331     0.439206
  -0.0288835     0.567583   -0.0393914        1.849    0.0319092     0.725614     -1.58274
  -0.0288835     0.567583   -0.0393914        1.849     -3.10968    -0.725614      1.55886
  -0.0492679     0.567402   0.00018777        1.849 -0.000152031      0.72519     -1.54575
  -0.0492679     0.567402   0.00018777        1.849     -3.14174     -0.72519      1.59584
  -0.0691433     0.567577    0.0387787        1.849    -0.031413     0.725601      -1.5097
  -0.0691433     0.567577    0.0387787        1.849     -3.17301    -0.725601       1.6319
   -0.706177      1.06418       1.5661        1.849     -1.08164      1.43316    -0.389551
   -0.706177      1.06418       1.5661        1.849     -4.22323     -1.43316      2.75204
   -0.706197      1.07514       1.5739        1.849     -1.09069      1.44245    -0.384624
   -0.706197      1.07514       1.5739        1.849     -4.23229     -1.44245      2.75697
    0.607772      1.08159     -1.57832        1.849      1.09602      1.44782     -2.71008
    0.607772      1.08159     -1.57832        1.849     -2.04557     -1.44782     0.431515
    0.607871      1.07063     -1.57074        1.849      1.08697      1.43866     -2.70522
    0.607871      1.07063     -1.57074        1.849     -2.05463     -1.43866     0.436369
    0.607772      1.05995     -1.56299        1.849      1.07815      1.42951     -2.70037
    0.607772      1.05995     -1.56299        1.849     -2.06345     -1.42951     0.441222
  -0.0370759     0.567466   -0.0234836        1.849    0.0190265     0.725341     -1.56788
  -0.0370759     0.567466   -0.0234836        1.849     -3.12257    -0.725341      1.57372
  -0.0569551     0.567428    0.0151127        1.849   -0.0122449     0.725253     -1.53181
  -0.0569551     0.567428    0.0151127        1.849     -3.15384    -0.725253      1.60979
  -0.0773303     0.567751    0.0546793        1.849   -0.0442815     0.726006     -1.49485
  -0.0773303     0.567751    0.0546793        1.849     -3.18587    -0.726006      1.64674
   -0.706208      1.06831      1.56909        1.849     -1.08505      1.43669    -0.387679
   -0.706208      1.06831      1.56909        1.849     -4.22665     -1.43669      2.75391
   -0.706152      1.07927      1.57675        1.849     -1.09411       1.4459    -0.382799
   -0.706152      1.07927      1.57675        1.849      -4.2357      -1.4459      2.75879
    0.607833      1.07746      -1.5755        1.849      1.09261      1.44439     -2.70826
    0.607833      1.07746      -1.5755        1.849     -2.04898     -1.44439     0.433331
    0.607858      1.06677     -1.56798        1.849      1.08378      1.43538     -2.70349
    0.607858      1.06677     -1.56798        1.849     -2.05781     -1.43538     0.438107
  -0.0243825     0.567672   -0.0481328        1.849    0.0389848     0.725822      -1.5909
  -0.0243825     0.567672   -0.0481328        1.849     -3.10261    -0.725822      1.55069
  -0.0447623      0.56741   -0.0085598        1.849   0.00693588     0.725211     -1.55393
  -0.0447623      0.56741   -0.0085598        1.849     -3.13466    -0.725211      1.58766
  -0.0646405     0.567507    0.0300349        1.849   -0.0243326     0.725437     -1.51786
  -0.0646405     0.567507    0.0300349        1.849     -3.16593    -0.725437      1.62373
   -0.706145      1.06176      1.56433        1.849     -1.07964      1.43108    -0.390657
   -0.706145      1.06176      1.56433        1.849     -4.22123     -1.43108      2.75094
    -0.70621      1.07272      1.57221        1.849     -1.08869      1.44042    -0.385702
    -0.70621      1.07272      1.57221        1.849     -4.23028     -1.44042      2.75589
    0.607865      1.07333     -1.57264        1.849      1.08919      1.44093     -2.70643
    0.607865      1.07333     -1.57264        1.849      -2.0524     -1.44093     0.435163
    0.607812      1.06237     -1.56478        1.849      1.08014       1.4316     -2.70148
    0.607812      1.06237     -1.56478        1.849     -2.06145      -1.4316     0.440112
  -0.0325721     0.567523   -0.0322286        1.849    0.0261094     0.725474     -1.57605
  -0.0325721     0.567523   -0.0322286        1.849     -3.11548    -0.725474      1.56555
  -0.0524497     0.567406   0.00636531        1.849  -0.00515754     0.725202     -1.53998
  -0.0524497     0.567406   0.00636531        1.849     -3.14675    -0.725202      1.60161
  -0.0728308     0.567648      0.04594        1.849     -0.03721     0.725766     -1.50301
  -0.0728308     0.567648      0.04594        1.849      -3.1788    -0.725766      1.63858
   -0.706196      1.06617      1.56754        1.849     -1.08328      1.43486     -0.38865
   -0.706196      1.06617      1.56754        1.849     -4.22487     -1.43486      2.75294
   -0.706181      1.07685      1.57509        1.849     -1.09211      1.44388    -0.383867
   -0.706181      1.07685      1.57509        1.849      -4.2337     -1.44388      2.75773
      0.6078      1.07988     -1.57716        1.849      1.09461      1.44641     -2.70933
      0.6078      1.07988     -1.57716        1.849     -2.04698     -1.44641     0.432264
    0.607868      1.06892     -1.56952        1.849      1.08555      1.43721     -2.70446
    0.607868      1.06892     -1.56952        1.849     -2.05604     -1.43721     0.437137
   -0.040257     0.567437   -0.0173069        1.849    0.0140229     0.725272      -1.5621
   -0.040257     0.567437   -0.0173069        1.849     -3.12757    -0.725272      1.57949
  -0.0606456      0.56746     0.022278        1.849   -0.0180497     0.725326     -1.52511
  -0.0606456      0.56746     0.022278        1.849     -3.15964    -0.725326      1.61648
   -0.706109      1.05961      1.56275        1.849     -1.07787      1.42922    -0.391643
   -0.706109      1.05961      1.56275        1.849     -4.21946     -1.42922      2.74995
   -0.706213       1.0703       1.5705        1.849     -1.08669      1.43837    -0.386786
   -0.706213       1.0703       1.5705        1.849     -4.22828     -1.43837      2.75481
    -0.70612      1.08125       1.5781        1.849     -1.09575      1.44754    -0.381929
    -0.70612      1.08125       1.5781        1.849     -4.23734     -1.44754      2.75966
    0.607849      1.07575     -1.57432        1.849      1.09119      1.44296     -2.70751
    0.607849      1.07575     -1.57432        1.849      -2.0504     -1.44296     0.434087
    0.607841      1.06479     -1.56655        1.849      1.08214      1.43368     -2.70259
    0.607841      1.06479     -1.56655        1.849     -2.05945     -1.43368     0.439007
  -0.0280697     0.567598   -0.0409719        1.849    0.0331888     0.725649     -1.58421
  -0.0280697     0.567598   -0.0409719        1.849      -3.1084    -0.725649      1.55738
  -0.0479441     0.567402  -0.00238235        1.849   0.00193049     0.725192     -1.54816
  -0.0479441     0.567402  -0.00238235        1.849     -3.13966    -0.725192      1.59344
  -0.0683294     0.567563    0.0371981        1.849   -0.0301333     0.725568     -1.51117
  -0.0683294     0.567563    0.0371981        1.849     -3.17173    -0.725568      1.63042
   -0.706169      1.06347      1.56559        1.849     -1.08105      1.43255    -0.389875
   -0.706169      1.06347      1.56559        1.849     -4.22265     -1.43255      2.75172
     -0.7062       1.0747       1.5736        1.849     -1.09033      1.44209    -0.384818
     -0.7062       1.0747       1.5736        1.849     -4.23192     -1.44209      2.75677
     0.60787      1.07134     -1.57124        1.849      1.08755      1.43926     -2.70554
     0.60787      1.07134     -1.57124        1.849     -2.05404     -1.43926      0.43605
    0.607785      1.06066     -1.56352        1.849      1.07873      1.43013      -2.7007
    0.607785      1.06066     -1.56352        1.849     -2.06286     -1.43013     0.440895
  -0.0357525     0.567481    -0.026053        1.849    0.0211078     0.725376     -1.57028
  -0.0357525     0.567481    -0.026053        1.849     -3.12048    -0.725376      1.57132
  -0.0561407     0.567423    0.0135313        1.849   -0.0109637      0.72524     -1.53328
  -0.0561407     0.567423    0.0135313        1.849     -3.15256     -0.72524      1.60831
  -0.0760086     0.567719    0.0521119        1.849   -0.0422044     0.725931     -1.49725
  -0.0760086     0.567719    0.0521119        1.849      -3.1838    -0.725931      1.64435
   -0.706206      1.06788      1.56877        1.849     -1.08469      1.43632    -0.387876
   -0.706206      1.06788      1.56877        1.849     -4.22628     -1.43632      2.75372
   -0.706158      1.07883      1.57645        1.849     -1.09375      1.44554    -0.382991
   -0.706158      1.07883      1.57645        1.849     -4.23534     -1.44554       2.7586
    0.607824      1.07817     -1.57599        1.849       1.0932      1.44498     -2.70858
    0.607824      1.07817     -1.57599        1.849      -2.0484     -1.44498     0.433017
     0.60786      1.06721     -1.56829        1.849      1.08414      1.43575     -2.70368
     0.60786      1.06721     -1.56829        1.849     -2.05745     -1.43575     0.437909
   -0.023569      0.56769   -0.0497126        1.849    0.0402633     0.725865     -1.59237
   -0.023569      0.56769   -0.0497126        1.849     -3.10133    -0.725865      1.54922
  -0.0434385     0.567416   -0.0111299        1.849   0.00901828     0.725224     -1.55633
  -0.0434385     0.567416   -0.0111299        1.849     -3.13257    -0.725224      1.58526
  -0.0638263     0.567496     0.028454        1.849   -0.0230523     0.725411     -1.51934
  -0.0638263     0.567496     0.028454        1.849     -3.16464    -0.725411      1.62225
   -0.706138      1.06132      1.56401        1.849     -1.07928       1.4307    -0.390857
   -0.706138      1.06132      1.56401        1.849     -4.22087      -1.4307      2.75074
   -0.706212      1.07201      1.57171        1.849      -1.0881      1.43982     -0.38602
   -0.706212      1.07201      1.57171        1.849      -4.2297     -1.43982      2.75557
    0.607863      1.07376     -1.57294        1.849      1.08956       1.4413     -2.70662
    0.607863      1.07376     -1.57294        1.849     -2.05204      -1.4413     0.434969
    0.607818      1.06281      -1.5651        1.849      1.08051      1.43198     -2.70168
    0.607818      1.06281      -1.5651        1.849     -2.06109     -1.43198     0.439911
  -0.0312491     0.567543   -0.0347977        1.849    0.0281899     0.725521     -1.57845
  -0.0312491     0.567543   -0.0347977        1.849      -3.1134    -0.725521      1.56315
  -0.0516352     0.567404   0.00478396        1.849  -0.00387623     0.725197     -1.54146
  -0.0516352     0.567404   0.00478396        1.849     -3.14547    -0.725197      1.60013
  -0.0720172     0.567631      0.04436        1.849   -0.0359311     0.725727     -1.50448
  -0.0720172     0.567631      0.04436        1.849     -3.17752    -0.725727      1.63711
   -0.706192      1.06573      1.56723        1.849     -1.08292      1.43449    -0.388848
   -0.706192      1.06573      1.56723        1.849     -4.22451     -1.43449      2.75274
   -0.706186      1.07641      1.57478        1.849     -1.09174      1.44352     -0.38406
   -0.706186      1.07641      1.57478        1.849     -4.23334     -1.44352      2.75753
    0.607794      1.08032     -1.57746        1.849      1.09497      1.44677     -2.70952
    0.607794      1.08032     -1.57746        1.849     -2.04662     -1.44677     0.432072
     0.60787      1.06963     -1.57003        1.849      1.08614      1.43781     -2.70478
     0.60787      1.06963     -1.57003        1.849     -2.05545     -1.43781     0.436817
  -0.0394426     0.567443   -0.0188881        1.849    0.0153038     0.725288     -1.56358
  -0.0394426     0.567443   -0.0188881        1.849     -3.12629    -0.725288      1.57801
  -0.0593221     0.567447    0.0197083        1.849    -0.015968     0.725297     -1.52751
  -0.0593221     0.567447    0.0197083        1.849     -3.15756    -0.725297      1.61408
   -0.706212      1.06959      1.56999        1.849      -1.0861      1.43777    -0.387106
   -0.706212      1.06959      1.56999        1.849      -4.2277     -1.43777      2.75449
   -0.706132      1.08054      1.57762        1.849     -1.09516      1.44696     -0.38224
   -0.706132      1.08054      1.57762        1.849     -4.23675     -1.44696      2.75935
    0.607846      1.07619     -1.57463        1.849      1.09156      1.44333      -2.7077
    0.607846      1.07619     -1.57463        1.849     -2.05004     -1.44333     0.433893
    0.607848       1.0655     -1.56706        1.849      1.08273      1.43429     -2.70291
    0.607848       1.0655     -1.56706        1.849     -2.05886     -1.43429     0.438684
  -0.0267472     0.567623   -0.0435403        1.849    0.0352679     0.725708     -1.58661
  -0.0267472     0.567623   -0.0435403        1.849     -3.10632    -0.725708      1.55498
  -0.0471296     0.567403  -0.00396374        1.849   0.00321185     0.725195     -1.54963
  -0.0471296     0.567403  -0.00396374        1.849     -3.13838    -0.725195      1.59196
  -0.0670065     0.567542    0.0346292        1.849   -0.0280532     0.725518     -1.51357
  -0.0670065     0.567542    0.0346292        1.849     -3.16965    -0.725518      1.62802
   -0.706163      1.06303      1.56527        1.849     -1.08069      1.43217    -0.390075
   -0.706163      1.06303      1.56527        1.849     -4.22229     -1.43217      2.75152
   -0.706204      1.07399       1.5731        1.849     -1.08974      1.44149    -0.385135
   -0.706204      1.07399       1.5731        1.849     -4.23134     -1.44149      2.75646
    0.607869      1.07205     -1.57174        1.849      1.08814      1.43986     -2.70586
    0.607869      1.07205     -1.57174        1.849     -2.05345     -1.43986     0.435732
    0.607792       1.0611     -1.56384        1.849      1.07909       1.4305      -2.7009
    0.607792       1.0611     -1.56384        1.849      -2.0625      -1.4305     0.440694
  -0.0349383     0.567491    -0.027634        1.849    0.0223883     0.725399     -1.57175
  -0.0349383     0.567491    -0.027634        1.849      -3.1192    -0.725399      1.56984
   -0.054817     0.567416    0.0109614        1.849  -0.00888148     0.725223     -1.53569
   -0.054817     0.567416    0.0109614        1.849     -3.15047    -0.725223      1.60591
  -0.0751952       0.5677    0.0505321        1.849   -0.0409261     0.725887     -1.49872
  -0.0751952       0.5677    0.0505321        1.849     -3.18252    -0.725887      1.64287
   -0.706204      1.06744      1.56846        1.849     -1.08433      1.43595    -0.388074
   -0.706204      1.06744      1.56846        1.849     -4.22592     -1.43595      2.75352
   -0.706164       1.0784      1.57615        1.849     -1.09338      1.44517    -0.383185
   -0.706164       1.0784      1.57615        1.849     -4.23498     -1.44517      2.75841
    0.607819      1.07861     -1.57629        1.849      1.09356      1.44535     -2.70877
    0.607819      1.07861     -1.57629        1.849     -2.04803     -1.44535     0.432824
    0.607863      1.06765     -1.56861        1.849       1.0845      1.43613     -2.70388
    0.607863      1.06765     -1.56861        1.849     -2.05709     -1.43613     0.437711
  -0.0222471     0.567721   -0.0522803        1.849    0.0423409     0.725936     -1.59477
  -0.0222471     0.567721   -0.0522803        1.849     -3.09925    -0.725936      1.54682
  -0.0426241      0.56742   -0.0127112        1.849    0.0102995     0.725235     -1.55781
  -0.0426241      0.56742   -0.0127112        1.849     -3.13129    -0.725235      1.58378
  -0.0630121     0.567486    0.0268731        1.849   -0.0217718     0.725387     -1.52082
  -0.0630121     0.567486    0.0268731        1.849     -3.16336    -0.725387      1.62078
   -0.706127      1.06061      1.56349        1.849     -1.07869      1.43009    -0.391184
   -0.706127      1.06061      1.56349        1.849     -4.22029     -1.43009      2.75041
   -0.706212      1.07157       1.5714        1.849     -1.08774      1.43945    -0.386216
   -0.706212      1.07157       1.5714        1.849     -4.22933     -1.43945      2.75538