    -1.87957      1.47737      1.56942      2.16157     -1.49389      1.51767     -1.27837
    -1.87965      1.48919      1.57086      2.16157     -1.50294      1.52543     -1.27788
    -1.87955      1.50072      1.57191      2.16157     -1.51195      1.53271     -1.27733
    -1.22548     0.855765   -0.0074358      2.16157    0.0452676     0.124395     -2.83354
    -1.24114     0.855861    0.0319641      2.16157    -0.192134      0.12672     -2.58781
    -1.87962      1.48212      1.57004      2.16157     -1.49751      1.52082     -1.27818
    -1.87963      1.49365      1.57131      2.16157      -1.5064      1.52828     -1.27768
    -1.21611     0.855855   -0.0309951      2.16157     0.186458     0.126575      -2.9797
    -1.23177     0.855767   0.00840509      2.16157   -0.0511565     0.124432     -2.73377
    -1.87965      1.48658      1.57057      2.16157     -1.50092      1.52374     -1.27799
    -1.87959      1.49811      1.57171      2.16157     -1.50989      1.53109     -1.27746
    -1.22241     0.855783   -0.0151582      2.16157    0.0920653     0.124818     -2.88197
    -1.23768     0.855813    0.0232598      2.16157    -0.140691     0.125568     -2.64109
     -1.8796      1.47951      1.56971      2.16157     -1.49552      1.51909     -1.27829
    -1.87965      1.49104      1.57105      2.16157     -1.50437      1.52662      -1.2778
    -1.22831      0.85576 -0.000302196      2.16157   0.00184173      0.12426      -2.7886
    -1.24397      0.85591    0.0390937      2.16157     -0.23347     0.127922     -2.54497
    -1.87964      1.48396      1.57027      2.16157     -1.49892      1.52204     -1.27811
    -1.87962      1.49579      1.57151      2.16157     -1.50807      1.52963     -1.27757
    -1.21895     0.855816    -0.023864      2.16157     0.144293     0.125637     -2.93603
    -1.23422     0.855781    0.0145545      2.16157   -0.0884184     0.124774      -2.6952
    -1.87956      1.47689      1.56935      2.16157     -1.49354      1.51735     -1.27839
    -1.87965      1.48842      1.57078      2.16157     -1.50235      1.52494     -1.27791
    -1.87956      1.50025      1.57188      2.16157     -1.51157      1.53242     -1.27735
    -1.22485     0.855768  -0.00900924      2.16157    0.0548274     0.124457     -2.84343
    -1.24051     0.855851    0.0303907      2.16157    -0.182909     0.126486     -2.59737
    -1.87962      1.48135      1.56995      2.16157     -1.49692      1.52032     -1.27821
    -1.87964      1.49318      1.57127      2.16157     -1.50603      1.52798      -1.2777
    -1.21549     0.855864   -0.0325685      2.16157      0.19567     0.126813     -2.98925
    -1.23076     0.855763   0.00584638      2.16157   -0.0356004     0.124343     -2.74986
    -1.24641     0.855961    0.0452391      2.16157     -0.26841     0.129141     -2.50873
    -1.87965      1.48581      1.57049      2.16157     -1.50033      1.52324     -1.27803
     -1.8796      1.49763      1.57167      2.16157     -1.50952      1.53079     -1.27748
    -1.22139     0.855791   -0.0177152      2.16157     0.107476     0.125021     -2.89792
    -1.23705     0.855806    0.0216851      2.16157    -0.131288     0.125398     -2.65083
    -1.87959      1.47903      1.56964      2.16157     -1.49516      1.51878      -1.2783
    -1.87965      1.49056      1.57101      2.16157       -1.504      1.52631     -1.27782
    -1.22769      0.85576  -0.00187528      2.16157    0.0114247     0.124269     -2.79852
    -1.24295     0.855891    0.0365375      2.16157    -0.218742     0.127465     -2.56024
    -1.87963      1.48349      1.57021      2.16157     -1.49856      1.52173     -1.27812
    -1.87962      1.49502      1.57144      2.16157     -1.50747      1.52915     -1.27761
    -1.21793     0.855829   -0.0264213      2.16157     0.159487     0.125946     -2.95177
    -1.23359     0.855777    0.0129794      2.16157    -0.078895     0.124669     -2.70506
    -1.87955      1.47613      1.56925      2.16157     -1.49296      1.51684     -1.27842
    -1.87965      1.48795      1.57073      2.16157     -1.50198      1.52463     -1.27793
    -1.87957      1.49977      1.57184      2.16157      -1.5112      1.53213     -1.27738
    -1.22423     0.855771   -0.0105832      2.16157    0.0643791     0.124532     -2.85331
     -1.2395     0.855836    0.0278339      2.16157    -0.167845      0.12613     -2.61297
    -1.87961      1.48088      1.56989      2.16157     -1.49656         1.52     -1.27823
    -1.87964       1.4927      1.57122      2.16157     -1.50566      1.52768     -1.27772
    -1.21486     0.855875    -0.034142      2.16157     0.204847     0.127063     -2.99876
    -1.23013     0.855762   0.00427318      2.16157    -0.026026     0.124304     -2.75977
    -1.24579     0.855948    0.0436654      2.16157    -0.259528     0.128813     -2.51795
    -1.87964      1.48534      1.57043      2.16157     -1.49997      1.52293     -1.27805
     -1.8796      1.49716      1.57163      2.16157     -1.50915       1.5305     -1.27751
    -1.22077     0.855797   -0.0192899      2.16157     0.116939     0.125162     -2.90771
    -1.23604     0.855796    0.0191286      2.16157     -0.11597     0.125146     -2.66669
    -1.87958      1.47827      1.56954      2.16157     -1.49458      1.51827     -1.27833
    -1.87965       1.4898      1.57093      2.16157     -1.50341      1.52582     -1.27785
    -1.22667     0.855762  -0.00443506      2.16157    0.0270129     0.124308     -2.81465
    -1.24233      0.85588    0.0349638      2.16157    -0.209623     0.127198     -2.56969
    -1.87963      1.48272      1.57012      2.16157     -1.49797      1.52122     -1.27816
    -1.87963      1.49455       1.5714      2.16157      -1.5071      1.52885     -1.27763
    -1.21731     0.855837   -0.0279956      2.16157     0.168801     0.126151     -2.96141
    -1.23297     0.855773    0.0114056      2.16157   -0.0693639     0.124576     -2.71492
    -1.87954      1.47565      1.56918      2.16157      -1.4926      1.51652     -1.27843
    -1.87965      1.48748      1.57068      2.16157     -1.50162      1.52432     -1.27796
    -1.87958      1.49901      1.57178      2.16157      -1.5106      1.53165     -1.27741
    -1.22321     0.855777   -0.0131416      2.16157    0.0798781     0.124679     -2.86935
    -1.23887     0.855828    0.0262591      2.16157    -0.158524     0.125925     -2.62263
    -1.87961      1.48041      1.56983      2.16157      -1.4962      1.51969     -1.27825
    -1.87964      1.49194      1.57115      2.16157     -1.50507      1.52719     -1.27776
    -1.22951     0.855761   0.00269842      2.16157    -0.016437     0.124278     -2.76969
    -1.24477     0.855926    0.0411094      2.16157    -0.245005     0.128303     -2.53301
    -1.87964      1.48486      1.57038      2.16157     -1.49961      1.52263     -1.27807
    -1.87961      1.49639      1.57156      2.16157     -1.50855      1.53001     -1.27754
    -1.22014     0.855803   -0.0208634      2.16157     0.126373     0.125314     -2.91748
    -1.23541      0.85579    0.0175542      2.16157    -0.106505     0.125007     -2.67648
    -1.87957       1.4775      1.56944      2.16157     -1.49399      1.51776     -1.27836
    -1.87965      1.48932      1.57088      2.16157     -1.50304      1.52552     -1.27787
    -1.87955      1.50115      1.57195      2.16157     -1.51228      1.53298     -1.27731
    -1.22605     0.855764  -0.00600898      2.16157     0.036591     0.124348     -2.82456
    -1.24131     0.855863    0.0324064      2.16157    -0.194722     0.126788     -2.58513
    -1.87962      1.48225      1.57006      2.16157     -1.49761      1.52091     -1.27818
    -1.87963      1.49408      1.57135      2.16157     -1.50673      1.52855     -1.27766
    -1.21668     0.855846   -0.0295688      2.16157     0.178077     0.126368     -2.97102
    -1.23195     0.855768   0.00884724      2.16157   -0.0538421      0.12445     -2.73099
    -1.87965      1.48671      1.57059      2.16157     -1.50103      1.52383     -1.27799
    -1.87959      1.49853      1.57174      2.16157     -1.51022      1.53136     -1.27744
    -1.22259     0.855781   -0.0147154      2.16157     0.089392     0.124785      -2.8792
    -1.23824      0.85582    0.0246856      2.16157    -0.149182     0.125733      -2.6323
     -1.8796      1.47964      1.56972      2.16157     -1.49562      1.51918     -1.27828
    -1.87965      1.49146       1.5711      2.16157      -1.5047      1.52689     -1.27778
    -1.22888      0.85576   0.00112498      2.16157  -0.00685277     0.124263     -2.77961
    -1.24415     0.855914     0.039536      2.16157    -0.236007     0.128004     -2.54234
    -1.87964       1.4841      1.57029      2.16157     -1.49902      1.52212      -1.2781
    -1.87962      1.49592      1.57152      2.16157     -1.50818      1.52972     -1.27757
    -1.21913     0.855814   -0.0234215      2.16157     0.141656     0.125586      -2.9333
    -1.23478     0.855785    0.0159805      2.16157   -0.0970254     0.124879      -2.6863
    -1.87957      1.47732      1.56941      2.16157     -1.49386      1.51764     -1.27837
    -1.87965      1.48915      1.57086      2.16157      -1.5029       1.5254     -1.27788
    -1.87956      1.50038      1.57189      2.16157     -1.51168       1.5325     -1.27734