    -0.68593      1.46637      1.57133      2.01704      -1.4763      1.52628    -0.197084
    -0.68593      1.46637      1.57133      2.01704      -4.6179     -1.52628      2.94451
  -0.0456286     0.855043   -0.0236889      2.01704    0.0670068     0.270226     -1.65187
  -0.0456286     0.855043   -0.0236889      2.01704     -3.07459    -0.270226      1.48972
  -0.0604765      0.85501    0.0146555      2.01704   -0.0414977     0.269817     -1.53698
  -0.0604765      0.85501    0.0146555      2.01704     -3.18309    -0.269817      1.60461
   -0.685933       1.4595      1.57032      2.01704     -1.47053      1.52242    -0.197465
   -0.685933       1.4595      1.57032      2.01704     -4.61212     -1.52242      2.94413
  -0.0513698     0.854997  -0.00886263      2.01704    0.0251057     0.269656      -1.6075
  -0.0513698     0.854997  -0.00886263      2.01704     -3.11649    -0.269656      1.53409
   -0.685939      1.46383      1.57098      2.01704     -1.47416      1.52487    -0.197228
   -0.685939      1.46383      1.57098      2.01704     -4.61576     -1.52487      2.94437
  -0.0574918     0.854994   0.00694764      2.01704   -0.0196823      0.26962     -1.56008
  -0.0574918     0.854994   0.00694764      2.01704     -3.16127     -0.26962      1.58151
   -0.685918      1.45696      1.56991      2.01704      -1.4684      1.52096    -0.197599
   -0.685918      1.45696      1.56991      2.01704        -4.61     -1.52096      2.94399
   -0.685917      1.46845      1.57162      2.01704     -1.47806      1.52743    -0.196964
   -0.685917      1.46845      1.57162      2.01704     -4.61966     -1.52743      2.94463
  -0.0480048     0.855019   -0.0175527      2.01704    0.0496879     0.269927     -1.63353
  -0.0480048     0.855019   -0.0175527      2.01704      -3.0919    -0.269927      1.50806
   -0.063233     0.855035    0.0217743      2.01704   -0.0616066     0.270123     -1.51568
   -0.063233     0.855035    0.0217743      2.01704      -3.2032    -0.270123      1.62591
   -0.685939      1.46129       1.5706      2.01704     -1.47203      1.52344    -0.197368
   -0.685939      1.46129       1.5706      2.01704     -4.61362     -1.52344      2.94423
  -0.0541266     0.854989  -0.00174304      2.01704   0.00493901     0.269567     -1.58615
  -0.0541266     0.854989  -0.00174304      2.01704     -3.13665    -0.269567      1.55544
   -0.685933      1.46591      1.57127      2.01704     -1.47592      1.52602     -0.19711
   -0.685933      1.46591      1.57127      2.01704     -4.61751     -1.52602      2.94448
  -0.0598681     0.855006    0.0130846      2.01704   -0.0370544     0.269766     -1.54168
  -0.0598681     0.855006    0.0130846      2.01704     -3.17865    -0.269766      1.59991
   -0.685931      1.45904      1.57025      2.01704     -1.47014      1.52216    -0.197489
   -0.685931      1.45904      1.57025      2.01704     -4.61173     -1.52216       2.9441
  -0.0507615        0.855   -0.0104336      2.01704    0.0295531     0.269692     -1.61221
  -0.0507615        0.855   -0.0104336      2.01704     -3.11204    -0.269692      1.52938
    -0.68594      1.46337      1.57091      2.01704     -1.47378      1.52461    -0.197253
    -0.68594      1.46337      1.57091      2.01704     -4.61537     -1.52461      2.94434
   -0.056503     0.854991   0.00439427      2.01704   -0.0124497     0.269586     -1.56774
   -0.056503     0.854991   0.00439427      2.01704     -3.15404    -0.269586      1.57386
   -0.685914       1.4565      1.56984      2.01704     -1.46802       1.5207    -0.197623
   -0.685914       1.4565      1.56984      2.01704     -4.60961      -1.5207      2.94397
   -0.685922      1.46771      1.57152      2.01704     -1.47743      1.52702    -0.197007
   -0.685922      1.46771      1.57152      2.01704     -4.61903     -1.52702      2.94459
  -0.0473965     0.855024   -0.0191236      2.01704    0.0541253     0.269995     -1.63823
  -0.0473965     0.855024   -0.0191236      2.01704     -3.08747    -0.269995      1.50336
  -0.0626247     0.855028    0.0202034      2.01704   -0.0571736     0.270045     -1.52038
  -0.0626247     0.855028    0.0202034      2.01704     -3.19877    -0.270045      1.62122
   -0.685938      1.46084      1.57053      2.01704     -1.47164      1.52318    -0.197393
   -0.685938      1.46084      1.57053      2.01704     -4.61324     -1.52318       2.9442
  -0.0535182      0.85499  -0.00331422      2.01704   0.00939052     0.269576     -1.59086
  -0.0535182      0.85499  -0.00331422      2.01704      -3.1322    -0.269576      1.55073
   -0.685935      1.46546      1.57121      2.01704     -1.47553      1.52577    -0.197136
   -0.685935      1.46546      1.57121      2.01704     -4.61712     -1.52577      2.94446
  -0.0592598     0.855002    0.0115137      2.01704   -0.0326094      0.26972     -1.54639
  -0.0592598     0.855002    0.0115137      2.01704      -3.1742     -0.26972       1.5952
   -0.685929      1.45858      1.57017      2.01704     -1.46976      1.52189    -0.197514
   -0.685929      1.45858      1.57017      2.01704     -4.61135     -1.52189      2.94408
   -0.685905      1.46979      1.57179      2.01704      -1.4792      1.52816    -0.196886
   -0.685905      1.46979      1.57179      2.01704     -4.62079     -1.52816      2.94471
  -0.0501531     0.855003   -0.0120047      2.01704    0.0339996     0.269733     -1.61692
  -0.0501531     0.855003   -0.0120047      2.01704     -3.10759    -0.269733      1.52467
    -0.68594      1.46292      1.57084      2.01704     -1.47339      1.52435    -0.197279
    -0.68594      1.46292      1.57084      2.01704     -4.61498     -1.52435      2.94431
  -0.0558947      0.85499   0.00282308      2.01704  -0.00799842     0.269573     -1.57245
  -0.0558947      0.85499   0.00282308      2.01704     -3.14959    -0.269573      1.56914
   -0.685907      1.45576      1.56971      2.01704      -1.4674      1.52026    -0.197662
   -0.685907      1.45576      1.56971      2.01704     -4.60899     -1.52026      2.94393
   -0.685925      1.46725      1.57145      2.01704     -1.47704      1.52676    -0.197034
   -0.685925      1.46725      1.57145      2.01704     -4.61864     -1.52676      2.94456
  -0.0467882      0.85503   -0.0206944      2.01704    0.0585602     0.270069     -1.64293
  -0.0467882      0.85503   -0.0206944      2.01704     -3.08303    -0.270069      1.49866
  -0.0616361     0.855019    0.0176505      2.01704   -0.0499634     0.269931     -1.52801
  -0.0616361     0.855019    0.0176505      2.01704     -3.19156    -0.269931      1.61358
   -0.685937      1.46038      1.57046      2.01704     -1.47126      1.52291    -0.197418
   -0.685937      1.46038      1.57046      2.01704     -4.61285     -1.52291      2.94418
  -0.0525295     0.854993  -0.00586748      2.01704    0.0166235     0.269604     -1.59852
  -0.0525295     0.854993  -0.00586748      2.01704     -3.12497    -0.269604      1.54307
   -0.685936        1.465      1.57114      2.01704     -1.47514      1.52551    -0.197162
   -0.685936        1.465      1.57114      2.01704     -4.61673     -1.52551      2.94443
  -0.0582711     0.854997    0.0089604      2.01704   -0.0253819     0.269658     -1.55404
  -0.0582711     0.854997    0.0089604      2.01704     -3.16697    -0.269658      1.58755
   -0.685924      1.45784      1.57005      2.01704     -1.46914      1.52146    -0.197553
   -0.685924      1.45784      1.57005      2.01704     -4.61073     -1.52146      2.94404
   -0.685911      1.46904      1.57169      2.01704     -1.47856      1.52775    -0.196929
   -0.685911      1.46904      1.57169      2.01704     -4.62016     -1.52775      2.94466
  -0.0491645     0.855009   -0.0145579      2.01704    0.0412224     0.269814     -1.62457
  -0.0491645     0.855009   -0.0145579      2.01704     -3.10037    -0.269814      1.51703
  -0.0643926     0.855048    0.0247686      2.01704   -0.0700493     0.270288     -1.50674
  -0.0643926     0.855048    0.0247686      2.01704     -3.21164    -0.270288      1.63485
    -0.68594      1.46217      1.57073      2.01704     -1.47276      1.52393     -0.19732
    -0.68594      1.46217      1.57073      2.01704     -4.61436     -1.52393      2.94427
   -0.054906     0.854989  0.000269756      2.01704 -0.000764003     0.269563     -1.58011
   -0.054906     0.854989  0.000269756      2.01704     -3.14236    -0.269563      1.56148
   -0.685903       1.4553      1.56963      2.01704     -1.46702         1.52    -0.197686
   -0.685903       1.4553      1.56963      2.01704     -4.60861        -1.52      2.94391
   -0.685928      1.46679      1.57139      2.01704     -1.47666      1.52651     -0.19706
   -0.685928      1.46679      1.57139      2.01704     -4.61825     -1.52651      2.94453
  -0.0457996     0.855041   -0.0232473      2.01704    0.0657618     0.270201     -1.65056
  -0.0457996     0.855041   -0.0232473      2.01704     -3.07583    -0.270201      1.49104
  -0.0610278     0.855014    0.0160795      2.01704   -0.0455237     0.269869     -1.53271
  -0.0610278     0.855014    0.0160795      2.01704     -3.18712    -0.269869      1.60888
   -0.685934      1.45963      1.57034      2.01704     -1.47063      1.52249    -0.197458
   -0.685934      1.45963      1.57034      2.01704     -4.61223     -1.52249      2.94413
  -0.0519212     0.854995   -0.0074385      2.01704    0.0210731     0.269629     -1.60323
  -0.0519212     0.854995   -0.0074385      2.01704     -3.12052    -0.269629      1.53836
   -0.685939      1.46396      1.57099      2.01704     -1.47427      1.52494     -0.19722
   -0.685939      1.46396      1.57099      2.01704     -4.61586     -1.52494      2.94437
  -0.0576628     0.854994   0.00738925      2.01704   -0.0209329     0.269628     -1.55875
  -0.0576628     0.854994   0.00738925      2.01704     -3.16253    -0.269628      1.58284
   -0.685919      1.45709      1.56993      2.01704     -1.46851      1.52103    -0.197592
   -0.685919      1.45709      1.56993      2.01704     -4.61011     -1.52103        2.944
   -0.685915      1.46858      1.57163      2.01704     -1.47817       1.5275    -0.196956
   -0.685915      1.46858      1.57163      2.01704     -4.61977      -1.5275      2.94464
  -0.0485562     0.855014   -0.0161287      2.01704    0.0456634      0.26987     -1.62927
  -0.0485562     0.855014   -0.0161287      2.01704     -3.09593     -0.26987      1.51232
   -0.063404     0.855036    0.0222159      2.01704   -0.0628524     0.270146     -1.51436
   -0.063404     0.855036    0.0222159      2.01704     -3.20445    -0.270146      1.62723
   -0.685939      1.46142      1.57062      2.01704     -1.47214      1.52351    -0.197361
   -0.685939      1.46142      1.57062      2.01704     -4.61373     -1.52351      2.94423
  -0.0542976     0.854989  -0.00130136      2.01704   0.00368757     0.269565     -1.58482
  -0.0542976     0.854989  -0.00130136      2.01704     -3.13791    -0.269565      1.55677
   -0.685931      1.46633      1.57133      2.01704     -1.47627      1.52626    -0.197087
   -0.685931      1.46633      1.57133      2.01704     -4.61786     -1.52626      2.94451