   -0.269023      1.28465  -0.00618693      1.84375     0.422653    0.0144725     -2.23788
   -0.273322      1.28466    0.0197552      1.84375    -0.961167    0.0231154    -0.851198
   -0.270803      1.28465   0.00455269      1.84375    -0.319641    0.0139011      -1.4944
   -0.268283      1.28465   -0.0106522      1.84375     0.658607    0.0166984     -2.47432
   -0.272867      1.28466     0.017005      1.84375    -0.889601    0.0209993    -0.923067
   -0.270347      1.28465   0.00180298      1.84375    -0.130353    0.0133052     -1.68399
   -0.267827      1.28466   -0.0134003      1.84375     0.771709    0.0184357     -2.58773
   -0.272127      1.28466    0.0125423      1.84375    -0.738774    0.0178676     -1.07439
   -0.269892      1.28465 -0.000944316      1.84375    0.0685656    0.0132243     -1.88321
   -0.267087      1.28466   -0.0178649      1.84375     0.913488    0.0216479        -2.73
   -0.271671      1.28465   0.00979164      1.84375    -0.618364    0.0162057      -1.1951
   -0.269436      1.28465  -0.00369403      1.84375     0.262401    0.0136633     -2.07735
   -0.270931      1.28465   0.00532627      1.84375    -0.369434    0.0141519     -1.44452