    -1.11679      1.64285      1.57119       1.6023      -1.6428      1.57346     -1.04362
    -1.11679      1.64285      1.57119       1.6023      -4.7844     -1.57346      2.09798
   -0.581406      1.10157 -0.000400901       1.6023  0.000843755     0.437728     -2.11136
   -0.581406      1.10157 -0.000400901       1.6023     -3.14075    -0.437728      1.03023
     -1.1168       1.6466      1.57073       1.6023     -1.64657      1.57312      -1.0436
     -1.1168       1.6466      1.57073       1.6023     -4.78816     -1.57312      2.09799
    -1.11678       1.6506      1.57019       1.6023     -1.65058      1.57271     -1.04355
    -1.11678       1.6506      1.57019       1.6023     -4.79217     -1.57271      2.09804
    -0.57894      1.10157   -0.0110898       1.6023    0.0233304     0.437852      -2.1341
    -0.57894      1.10157   -0.0110898       1.6023     -3.11826    -0.437852      1.00749
     -1.1168       1.6444      1.57101       1.6023     -1.64436      1.57333     -1.04361
     -1.1168       1.6444      1.57101       1.6023     -4.78595     -1.57333      2.09798
   -0.583426      1.10157   0.00835472       1.6023   -0.0175776     0.437798     -2.09274
   -0.583426      1.10157   0.00835472       1.6023     -3.15917    -0.437798      1.04885
    -1.11679       1.6484       1.5705       1.6023     -1.64837      1.57294     -1.04358
    -1.11679       1.6484       1.5705       1.6023     -4.78997     -1.57294      2.09801
    -1.11679      1.64245      1.57124       1.6023      -1.6424      1.57349     -1.04362
    -1.11679      1.64245      1.57124       1.6023       -4.784     -1.57349      2.09798
    -0.58096      1.10157  -0.00233388       1.6023   0.00491101     0.437734     -2.11548
    -0.58096      1.10157  -0.00233388       1.6023     -3.13668    -0.437734      1.02612
     -1.1168      1.64621      1.57079       1.6023     -1.64617      1.57316      -1.0436
     -1.1168      1.64621      1.57079       1.6023     -4.78776     -1.57316      2.09799
    -1.11679      1.64996      1.57028       1.6023     -1.64993      1.57278     -1.04356
    -1.11679      1.64996      1.57028       1.6023     -4.79153     -1.57278      2.09803
   -0.578495      1.10157   -0.0130212       1.6023    0.0273917     0.437899      -2.1382
   -0.578495      1.10157   -0.0130212       1.6023      -3.1142    -0.437899      1.00339
     -1.1168      1.64401      1.57106       1.6023     -1.64396      1.57336     -1.04361
     -1.1168      1.64401      1.57106       1.6023     -4.78555     -1.57336      2.09798
   -0.582701      1.10157   0.00521433       1.6023   -0.0109711     0.437756     -2.09942
   -0.582701      1.10157   0.00521433       1.6023     -3.15256    -0.437756      1.04217
     -1.1168      1.64776      1.57058       1.6023     -1.64773      1.57301     -1.04359
     -1.1168      1.64776      1.57058       1.6023     -4.78932     -1.57301        2.098
    -1.11678      1.64181      1.57131       1.6023     -1.64176      1.57355     -1.04361
    -1.11678      1.64181      1.57131       1.6023     -4.78335     -1.57355      2.09798
   -0.580515      1.10157  -0.00426412       1.6023   0.00897232     0.437746     -2.11958
   -0.580515      1.10157  -0.00426412       1.6023     -3.13262    -0.437746      1.02201
     -1.1168      1.64581      1.57084       1.6023     -1.64577       1.5732     -1.04361
     -1.1168      1.64581      1.57084       1.6023     -4.78736      -1.5732      2.09799
   -0.584721      1.10158    0.0139706       1.6023   -0.0293872     0.437924      -2.0808
   -0.584721      1.10158    0.0139706       1.6023     -3.17098    -0.437924      1.06079
    -1.11679      1.64956      1.57034       1.6023     -1.64953      1.57282     -1.04357
    -1.11679      1.64956      1.57034       1.6023     -4.79113     -1.57282      2.09803
   -0.578049      1.10158   -0.0149526       1.6023    0.0314519     0.437953     -2.14231
   -0.578049      1.10158   -0.0149526       1.6023     -3.11014    -0.437953     0.999283
    -1.11679      1.64361      1.57111       1.6023     -1.64356       1.5734     -1.04362
    -1.11679      1.64361      1.57111       1.6023     -4.78516      -1.5734      2.09798
   -0.582255      1.10157   0.00328153       1.6023  -0.00690455     0.437739     -2.10353
   -0.582255      1.10157   0.00328153       1.6023      -3.1485    -0.437739      1.03806
     -1.1168      1.64736      1.57064       1.6023     -1.64733      1.57305     -1.04359
     -1.1168      1.64736      1.57064       1.6023     -4.78892     -1.57305        2.098
    -1.11678      1.64141      1.57136       1.6023     -1.64136      1.57358     -1.04361
    -1.11678      1.64141      1.57136       1.6023     -4.78295     -1.57358      2.09798
    -0.57979      1.10157  -0.00740576       1.6023    0.0155818     0.437783     -2.12627
    -0.57979      1.10157  -0.00740576       1.6023     -3.12601    -0.437783      1.01533
     -1.1168      1.64541      1.57089       1.6023     -1.64537      1.57323     -1.04361
     -1.1168      1.64541      1.57089       1.6023     -4.78696     -1.57323      2.09798
   -0.584275      1.10157     0.012037       1.6023    -0.025322     0.437874     -2.08491
   -0.584275      1.10157     0.012037       1.6023     -3.16691    -0.437874      1.05668
    -1.11679      1.64916      1.57039       1.6023     -1.64914      1.57286     -1.04357
    -1.11679      1.64916      1.57039       1.6023     -4.79073     -1.57286      2.09802
    -1.11679      1.64296      1.57118       1.6023     -1.64291      1.57345     -1.04362
    -1.11679      1.64296      1.57118       1.6023     -4.78451     -1.57345      2.09798
    -0.58181      1.10157   0.00134909       1.6023   -0.0028385      0.43773     -2.10764
    -0.58181      1.10157   0.00134909       1.6023     -3.14443     -0.43773      1.03395
     -1.1168      1.64671      1.57072       1.6023     -1.64668      1.57311      -1.0436
     -1.1168      1.64671      1.57072       1.6023     -4.78827     -1.57311      2.09799
    -1.11678      1.65071      1.57018       1.6023     -1.65069      1.57269     -1.04355
    -1.11678      1.65071      1.57018       1.6023     -4.79229     -1.57269      2.09804
   -0.579066      1.10157   -0.0105436       1.6023    0.0221819      0.43784     -2.13294
   -0.579066      1.10157   -0.0105436       1.6023     -3.11941     -0.43784      1.00866
     -1.1168      1.64476      1.57097       1.6023     -1.64472      1.57329     -1.04361
     -1.1168      1.64476      1.57097       1.6023     -4.78631     -1.57329      2.09798
   -0.583551      1.10157   0.00889885       1.6023   -0.0187221     0.437808     -2.09158
   -0.583551      1.10157   0.00889885       1.6023     -3.16031    -0.437808      1.05001
    -1.11679      1.64852      1.57048       1.6023     -1.64849      1.57293     -1.04358
    -1.11679      1.64852      1.57048       1.6023     -4.79008     -1.57293      2.09801