   -0.719393      1.23731      1.56899      2.03771     -1.27153      1.42137     -0.35653
   -0.719393      1.23731      1.56899      2.03771     -4.41312     -1.42137      2.78506
   -0.719365      1.24886      1.57404      2.03771     -1.27998      1.43066    -0.353657
   -0.719365      1.24886      1.57404      2.03771     -4.42157     -1.43066      2.78794
  -0.0557229     0.674834   -0.0110411      2.03771    0.0165793     0.429134     -1.73139
  -0.0557229     0.674834   -0.0110411      2.03771     -3.12501    -0.429134       1.4102
  -0.0737414     0.674903    0.0266747      2.03771   -0.0400339     0.429461     -1.66848
  -0.0737414     0.674903    0.0266747      2.03771     -3.18163    -0.429461      1.47311
   -0.719405      1.24195      1.57107      2.03771     -1.27492      1.42514     -0.35537
   -0.719405      1.24195      1.57107      2.03771     -4.41651     -1.42514      2.78622
  -0.0446738     0.674956   -0.0341695      2.03771    0.0512626     0.429713     -1.76994
  -0.0446738     0.674956   -0.0341695      2.03771     -3.09033    -0.429713      1.37166
  -0.0626908     0.674821   0.00354387      2.03771  -0.00532171     0.429074     -1.70706
  -0.0626908     0.674821   0.00354387      2.03771     -3.14691    -0.429074      1.43454
   -0.719377      1.23505      1.56796      2.03771     -1.26989      1.41952    -0.357098
   -0.719377      1.23505      1.56796      2.03771     -4.41148     -1.41952      2.78449
   -0.719387      1.24631      1.57296      2.03771      -1.2781      1.42863    -0.354288
   -0.719387      1.24631      1.57296      2.03771      -4.4197     -1.42863       2.7873
  -0.0516394     0.674864   -0.0195885      2.03771    0.0294073     0.429279     -1.74565
  -0.0516394     0.674864   -0.0195885      2.03771     -3.11219    -0.429279      1.39595
  -0.0701199     0.674862    0.0190942      2.03771   -0.0286653     0.429269     -1.68112
  -0.0701199     0.674862    0.0190942      2.03771     -3.17026    -0.429269      1.46048
   -0.719403       1.2394      1.56993      2.03771     -1.27305      1.42308    -0.356007
   -0.719403       1.2394      1.56993      2.03771     -4.41465     -1.42308      2.78559
   -0.719339      1.25095      1.57492      2.03771     -1.28152      1.43232    -0.353141
   -0.719339      1.25095      1.57492      2.03771     -4.42311     -1.43232      2.78845
  -0.0586069     0.674822  -0.00500432      2.03771   0.00751522     0.429081     -1.72132
  -0.0586069     0.674822  -0.00500432      2.03771     -3.13408    -0.429081      1.42027
  -0.0770856     0.674952    0.0336753      2.03771   -0.0505223     0.429695     -1.65683
  -0.0770856     0.674952    0.0336753      2.03771     -3.19211    -0.429695      1.48477
   -0.719349       1.2325      1.56678      2.03771     -1.26804      1.41742    -0.357741
   -0.719349       1.2325      1.56678      2.03771     -4.40963     -1.41742      2.78385
   -0.719401      1.24376      1.57185      2.03771     -1.27623      1.42659    -0.354922
   -0.719401      1.24376      1.57185      2.03771     -4.41783     -1.42659      2.78667
  -0.0475565     0.674912   -0.0281349      2.03771    0.0422229     0.429505     -1.75989
  -0.0475565     0.674912   -0.0281349      2.03771     -3.09937    -0.429505       1.3817
  -0.0660364     0.674832    0.0105466      2.03771   -0.0158365     0.429128     -1.69537
  -0.0660364     0.674832    0.0105466      2.03771     -3.15743    -0.429128      1.44622
   -0.719391      1.23685      1.56878      2.03771      -1.2712        1.421    -0.356646
   -0.719391      1.23685      1.56878      2.03771     -4.41279       -1.421      2.78495
   -0.719369       1.2484      1.57385      2.03771     -1.27964       1.4303    -0.353771
   -0.719369       1.2484      1.57385      2.03771     -4.42123      -1.4303      2.78782
  -0.0545231     0.674841   -0.0135524      2.03771    0.0203492     0.429168     -1.73558
  -0.0545231     0.674841   -0.0135524      2.03771     -3.12124    -0.429168      1.40601
  -0.0730033     0.674893    0.0251298      2.03771   -0.0377178     0.429417     -1.67106
  -0.0730033     0.674893    0.0251298      2.03771     -3.17931    -0.429417      1.47054
   -0.719405       1.2412      1.57074      2.03771     -1.27437      1.42454    -0.355557
   -0.719405       1.2412      1.57074      2.03771     -4.41596     -1.42454      2.78604
  -0.0434745     0.674976   -0.0366798      2.03771    0.0550203     0.429812     -1.77411
  -0.0434745     0.674976   -0.0366798      2.03771     -3.08657    -0.429812      1.36748
  -0.0619525      0.67482   0.00199852      2.03771  -0.00300104     0.429069     -1.70963
  -0.0619525      0.67482   0.00199852      2.03771     -3.14459    -0.429069      1.43196
  -0.0799679     0.675003    0.0397089      2.03771   -0.0595519     0.429939     -1.64679
  -0.0799679     0.675003    0.0397089      2.03771     -3.20114    -0.429939       1.4948
   -0.719369       1.2343      1.56762      2.03771     -1.26934      1.41891    -0.357287
   -0.719369       1.2343      1.56762      2.03771     -4.41094     -1.41891      2.78431
   -0.719391      1.24585      1.57276      2.03771     -1.27777      1.42827    -0.354402
   -0.719391      1.24585      1.57276      2.03771     -4.41936     -1.42827      2.78719
  -0.0509013     0.674872   -0.0211335      2.03771     0.031725     0.429314     -1.74822
  -0.0509013     0.674872   -0.0211335      2.03771     -3.10987    -0.429314      1.39337
  -0.0689202     0.674852    0.0165829      2.03771    -0.024897     0.429219      -1.6853
  -0.0689202     0.674852    0.0165829      2.03771     -3.16649    -0.429219      1.45629
     -0.7194      1.23865       1.5696      2.03771     -1.27251      1.42247    -0.356194
     -0.7194      1.23865       1.5696      2.03771      -4.4141     -1.42247       2.7854
   -0.719349       1.2502       1.5746      2.03771     -1.28097      1.43172    -0.353326
   -0.719349       1.2502       1.5746      2.03771     -4.42256     -1.43172      2.78827
  -0.0578686     0.674825  -0.00654965      2.03771    0.0098357      0.42909      -1.7239
  -0.0578686     0.674825  -0.00654965      2.03771     -3.13176     -0.42909      1.41769
  -0.0763477      0.67494    0.0321306      2.03771    -0.048209     0.429639      -1.6594
  -0.0763477      0.67494    0.0321306      2.03771      -3.1898    -0.429639       1.4822
   -0.719339      1.23175      1.56643      2.03771      -1.2675       1.4168    -0.357931
   -0.719339      1.23175      1.56643      2.03771     -4.40909      -1.4168      2.78366
   -0.719403      1.24329      1.57165      2.03771      -1.2759      1.42622    -0.355036
   -0.719403      1.24329      1.57165      2.03771     -4.41749     -1.42622      2.78656
  -0.0468185     0.674922   -0.0296797      2.03771    0.0445378     0.429554     -1.76246
  -0.0468185     0.674922   -0.0296797      2.03771     -3.09705    -0.429554      1.37913
  -0.0652981     0.674829   0.00900132      2.03771   -0.0135165     0.429112     -1.69795
  -0.0652981     0.674829   0.00900132      2.03771     -3.15511    -0.429112      1.44364
   -0.719388      1.23639      1.56857      2.03771     -1.27086      1.42062    -0.356762
   -0.719388      1.23639      1.56857      2.03771     -4.41245     -1.42062      2.78483
   -0.719377      1.24765      1.57353      2.03771     -1.27909       1.4297    -0.353957
   -0.719377      1.24765      1.57353      2.03771     -4.42068      -1.4297      2.78764
  -0.0537849     0.674846   -0.0150976      2.03771    0.0226685     0.429193     -1.73816
  -0.0537849     0.674846   -0.0150976      2.03771     -3.11892    -0.429193      1.40343
  -0.0722652     0.674884    0.0235848      2.03771   -0.0354012     0.429375     -1.67363
  -0.0722652     0.674884    0.0235848      2.03771     -3.17699    -0.429375      1.46796
   -0.719405      1.24074      1.57053      2.03771     -1.27403      1.42416    -0.355672
   -0.719405      1.24074      1.57053      2.03771     -4.41562     -1.42416      2.78592
  -0.0427367      0.67499   -0.0382244      2.03771    0.0573315     0.429875     -1.77668
  -0.0427367      0.67499   -0.0382244      2.03771     -3.08426    -0.429875      1.36491
  -0.0612142      0.67482  0.000453129      2.03771 -0.000680281     0.429067     -1.71221
  -0.0612142      0.67482  0.000453129      2.03771     -3.14227    -0.429067      1.42938
  -0.0792301     0.674989    0.0381645      2.03771   -0.0572416     0.429873     -1.64936
  -0.0792301     0.674989    0.0381645      2.03771     -3.19883    -0.429873      1.49224
   -0.719365      1.23384       1.5674      2.03771     -1.26901      1.41853    -0.357403
   -0.719365      1.23384       1.5674      2.03771      -4.4106     -1.41853      2.78419
   -0.719395       1.2451      1.57244      2.03771     -1.27722      1.42767    -0.354589
   -0.719395       1.2451      1.57244      2.03771     -4.41881     -1.42767        2.787
  -0.0497016     0.674885   -0.0236447      2.03771    0.0354913     0.429376     -1.75241
  -0.0497016     0.674885   -0.0236447      2.03771      -3.1061    -0.429376      1.38918
   -0.068182     0.674846    0.0150378      2.03771   -0.0225783     0.429192     -1.68788
   -0.068182     0.674846    0.0150378      2.03771     -3.16417    -0.429192      1.45371
   -0.719398      1.23819      1.56939      2.03771     -1.27217      1.42209     -0.35631
   -0.719398      1.23819      1.56939      2.03771     -4.41376     -1.42209      2.78528
   -0.719355      1.24974      1.57441      2.03771     -1.28063      1.43136     -0.35344
   -0.719355      1.24974      1.57441      2.03771     -4.42222     -1.43136      2.78815
  -0.0571303     0.674827  -0.00809502      2.03771    0.0121561     0.429103     -1.72648
  -0.0571303     0.674827  -0.00809502      2.03771     -3.12944    -0.429103      1.41512
  -0.0751483     0.674922    0.0296199      2.03771   -0.0444478     0.429552     -1.66358
  -0.0751483     0.674922    0.0296199      2.03771     -3.18604    -0.429552      1.47802
   -0.719404      1.24283      1.57145      2.03771     -1.27556      1.42585    -0.355151
   -0.719404      1.24283      1.57145      2.03771     -4.41715     -1.42585      2.78644
  -0.0456191      0.67494   -0.0321904      2.03771     0.048299     0.429641     -1.76664
  -0.0456191      0.67494   -0.0321904      2.03771     -3.09329    -0.429641      1.37495
  -0.0640982     0.674824   0.00648981      2.03771  -0.00974544      0.42909     -1.70214
  -0.0640982     0.674824   0.00648981      2.03771     -3.15134     -0.42909      1.43945
   -0.719384      1.23593      1.56836      2.03771     -1.27053      1.42024    -0.356877
   -0.719384      1.23593      1.56836      2.03771     -4.41212     -1.42024      2.78472
   -0.719381      1.24719      1.57333      2.03771     -1.27875      1.42933    -0.354071
   -0.719381      1.24719      1.57333      2.03771     -4.42034     -1.42933      2.78752
  -0.0530467     0.674852   -0.0166427      2.03771    0.0249873      0.42922     -1.74073
  -0.0530467     0.674852   -0.0166427      2.03771     -3.11661     -0.42922      1.40086
  -0.0710656     0.674871    0.0210737      2.03771   -0.0316349     0.429313     -1.67782
  -0.0710656     0.674871    0.0210737      2.03771     -3.17323    -0.429313      1.46378
   -0.719404      1.24028      1.57033      2.03771     -1.27369      1.42379    -0.355787
   -0.719404      1.24028      1.57033      2.03771     -4.41529     -1.42379      2.78581
  -0.0419989     0.675004   -0.0397689      2.03771    0.0596421     0.429942     -1.77925
  -0.0419989     0.675004   -0.0397689      2.03771     -3.08195    -0.429942      1.36234
  -0.0600143      0.67482  -0.00205841      2.03771   0.00309138     0.429069      -1.7164
  -0.0600143      0.67482  -0.00205841      2.03771      -3.1385    -0.429069      1.42519
  -0.0784923     0.674976      0.03662      2.03771   -0.0549304     0.429809     -1.65193
  -0.0784923     0.674976      0.03662      2.03771     -3.19652    -0.429809      1.48967
   -0.719356      1.23309      1.56705      2.03771     -1.26847      1.41791    -0.357592
   -0.719356      1.23309      1.56705      2.03771     -4.41006     -1.41791        2.784
   -0.719398      1.24464      1.57224      2.03771     -1.27688       1.4273    -0.354703
   -0.719398      1.24464      1.57224      2.03771     -4.41847      -1.4273      2.78689
  -0.0489635     0.674893   -0.0251896      2.03771    0.0378079     0.429418     -1.75498
  -0.0489635     0.674893   -0.0251896      2.03771     -3.10378    -0.429418      1.38661
  -0.0669822     0.674838    0.0125262      2.03771   -0.0188084     0.429154     -1.69207
  -0.0669822     0.674838    0.0125262      2.03771      -3.1604    -0.429154      1.44952
   -0.719396      1.23773      1.56918      2.03771     -1.27184      1.42172    -0.356425
   -0.719396      1.23773      1.56918      2.03771     -4.41343     -1.42172      2.78517
   -0.719363      1.24899       1.5741      2.03771     -1.28007      1.43077    -0.353625
   -0.719363      1.24899       1.5741      2.03771     -4.42167     -1.43077      2.78797
  -0.0559305     0.674833   -0.0106065      2.03771    0.0159269     0.429129     -1.73067
  -0.0559305     0.674833   -0.0106065      2.03771     -3.12567    -0.429129      1.41093
  -0.0744103     0.674911    0.0280751      2.03771   -0.0421328     0.429503     -1.66615
  -0.0744103     0.674911    0.0280751      2.03771     -3.18373    -0.429503      1.47544
   -0.719405      1.24208      1.57112      2.03771     -1.27501      1.42525    -0.355338
   -0.719405      1.24208      1.57112      2.03771      -4.4166     -1.42525      2.78626
  -0.0448812     0.674952   -0.0337351      2.03771    0.0506123     0.429697     -1.76921
  -0.0448812     0.674952   -0.0337351      2.03771     -3.09098    -0.429697      1.37238
    -0.06336     0.674822    0.0049446      2.03771  -0.00742513      0.42908     -1.70472
    -0.06336     0.674822    0.0049446      2.03771     -3.14902     -0.42908      1.43687
   -0.719378      1.23518      1.56802      2.03771     -1.26998      1.41963    -0.357066
   -0.719378      1.23518      1.56802      2.03771     -4.41157     -1.41963      2.78453
   -0.719384      1.24673      1.57314      2.03771     -1.27841      1.42897    -0.354185
   -0.719384      1.24673      1.57314      2.03771        -4.42     -1.42897      2.78741
   -0.051847     0.674862    -0.019154      2.03771    0.0287554      0.42927     -1.74492
   -0.051847     0.674862    -0.019154      2.03771     -3.11284     -0.42927      1.39667
  -0.0703274     0.674864    0.0195286      2.03771   -0.0293171     0.429278     -1.68039
  -0.0703274     0.674864    0.0195286      2.03771     -3.17091    -0.429278       1.4612
   -0.719403      1.23953      1.56999      2.03771     -1.27315      1.42318    -0.355974
   -0.719403      1.23953      1.56999      2.03771     -4.41474     -1.42318      2.78562
   -0.059276     0.674821  -0.00360369      2.03771   0.00541194     0.429074     -1.71898
   -0.059276     0.674821  -0.00360369      2.03771     -3.13618    -0.429074      1.42261
  -0.0772931     0.674955    0.0341096      2.03771   -0.0511725     0.429711      -1.6561
  -0.0772931     0.674955    0.0341096      2.03771     -3.19277    -0.429711      1.48549
    -0.71935      1.23263      1.56684      2.03771     -1.26813      1.41753    -0.357708
    -0.71935      1.23263      1.56684      2.03771     -4.40973     -1.41753      2.78388
     -0.7194      1.24417      1.57204      2.03771     -1.27654      1.42693    -0.354818
     -0.7194      1.24417      1.57204      2.03771     -4.41813     -1.42693      2.78678
   -0.047764     0.674909   -0.0277006      2.03771     0.041572     0.429492     -1.75917
   -0.047764     0.674909   -0.0277006      2.03771     -3.10002    -0.429492      1.38243
  -0.0662439     0.674834     0.010981      2.03771   -0.0164887     0.429134     -1.69465
  -0.0662439     0.674834     0.010981      2.03771     -3.15808    -0.429134      1.44695
   -0.719392      1.23698      1.56884      2.03771     -1.27129       1.4211    -0.356613
   -0.719392      1.23698      1.56884      2.03771     -4.41288      -1.4211      2.78498
   -0.719368      1.24853       1.5739      2.03771     -1.27974       1.4304    -0.353739
   -0.719368      1.24853       1.5739      2.03771     -4.42133      -1.4304      2.78785