  -0.704639     1.24799     1.57151     1.98326    -1.27317     1.44391    -0.39221
  -0.704639     1.24799     1.57151     1.98326    -4.41476    -1.44391     2.74938
 -0.0476854    0.686526  -0.0193884     1.98326   0.0270288    0.472045    -1.73866
 -0.0476854    0.686526  -0.0193884     1.98326    -3.11456   -0.472045     1.40293
 -0.0652147    0.686521   0.0181632     1.98326  -0.0253213    0.472021    -1.68051
 -0.0652147    0.686521   0.0181632     1.98326    -3.16691   -0.472021     1.46108
  -0.704621     1.24118     1.56845     1.98326    -1.26794     1.43863   -0.393849
  -0.704621     1.24118     1.56845     1.98326    -4.40953    -1.43863     2.74774
  -0.704615     1.25229     1.57338     1.98326    -1.27648      1.4472   -0.391185
  -0.704615     1.25229     1.57338     1.98326    -4.41808     -1.4472     2.75041
 -0.0544635    0.686486 -0.00486812     1.98326  0.00678839     0.47186    -1.71618
 -0.0544635    0.686486 -0.00486812     1.98326     -3.1348    -0.47186     1.42542
 -0.0724402    0.686612   0.0336424     1.98326  -0.0468735    0.472441    -1.65657
 -0.0724402    0.686612   0.0336424     1.98326    -3.18847   -0.472441     1.48502
  -0.704641     1.24547      1.5704     1.98326    -1.27123     1.44197   -0.392814
  -0.704641     1.24547      1.5704     1.98326    -4.41283    -1.44197     2.74878
 -0.0437135    0.686572  -0.0278974     1.98326   0.0388795    0.472256    -1.75182
 -0.0437135    0.686572  -0.0278974     1.98326    -3.10271   -0.472256     1.38977
 -0.0616911    0.686496   0.0106149     1.98326  -0.0148004    0.471907     -1.6922
 -0.0616911    0.686496   0.0106149     1.98326    -3.15639   -0.471907     1.44939
  -0.704597     1.23866     1.56729     1.98326    -1.26602     1.43665   -0.394459
  -0.704597     1.23866     1.56729     1.98326    -4.40761    -1.43665     2.74713
  -0.704631     1.25006     1.57241     1.98326    -1.27476     1.44549   -0.391717
  -0.704631     1.25006     1.57241     1.98326    -4.41635    -1.44549     2.74988
 -0.0504908    0.686504  -0.0133786     1.98326   0.0186534    0.471942    -1.72936
 -0.0504908    0.686504  -0.0133786     1.98326    -3.12294   -0.471942     1.41224
 -0.0684687    0.686555   0.0251343     1.98326  -0.0350321    0.472179    -1.66973
 -0.0684687    0.686555   0.0251343     1.98326    -3.17662   -0.472179     1.47186
  -0.704633     1.24296     1.56926     1.98326     -1.2693     1.44001    -0.39342
  -0.704633     1.24296     1.56926     1.98326    -4.41089    -1.44001     2.74817
  -0.704594     1.25435     1.57425     1.98326    -1.27808     1.44876   -0.390695
  -0.704594     1.25435     1.57425     1.98326    -4.41967    -1.44876      2.7509
 -0.0397423    0.686635  -0.0364051     1.98326   0.0507159    0.472542    -1.76497
 -0.0397423    0.686635  -0.0364051     1.98326    -3.09088   -0.472542     1.37662
 -0.0577183    0.686484  0.00210414     1.98326 -0.00293391     0.47185    -1.70538
 -0.0577183    0.686484  0.00210414     1.98326    -3.14453    -0.47185     1.43621
   -0.70464     1.24754     1.57131     1.98326    -1.27282     1.44356   -0.392319
   -0.70464     1.24754     1.57131     1.98326    -4.41441    -1.44356     2.74927
 -0.0465184    0.686538  -0.0218884     1.98326   0.0305117    0.472099    -1.74253
 -0.0465184    0.686538  -0.0218884     1.98326    -3.11108   -0.472099     1.39907
 -0.0644965    0.686515   0.0166247     1.98326  -0.0231774    0.471993     -1.6829
 -0.0644965    0.686515   0.0166247     1.98326    -3.16477   -0.471993      1.4587
  -0.704615     1.24044     1.56811     1.98326    -1.26737     1.43805   -0.394028
  -0.704615     1.24044     1.56811     1.98326    -4.40897    -1.43805     2.74757
  -0.704619     1.25183     1.57318     1.98326    -1.27613     1.44685   -0.391293
  -0.704619     1.25183     1.57318     1.98326    -4.41772    -1.44685      2.7503
 -0.0537453    0.686488  -0.0064066     1.98326  0.00893356    0.471869    -1.71856
 -0.0537453    0.686488  -0.0064066     1.98326    -3.13266   -0.471869     1.42303
 -0.0712734    0.686594   0.0311428     1.98326   -0.043396    0.472356    -1.66044
 -0.0712734    0.686594   0.0311428     1.98326    -3.18499   -0.472356     1.48116
   -0.70464     1.24502     1.57019     1.98326    -1.27088     1.44162   -0.392923
   -0.70464     1.24502     1.57019     1.98326    -4.41248    -1.44162     2.74867
 -0.0429955    0.686582  -0.0294356     1.98326   0.0410205    0.472302     -1.7542
 -0.0429955    0.686582  -0.0294356     1.98326    -3.10057   -0.472302     1.38739
 -0.0605239    0.686491   0.0081144     1.98326  -0.0113144    0.471882    -1.69607
 -0.0605239    0.686491   0.0081144     1.98326    -3.15291   -0.471882     1.44552
  -0.704589     1.23792     1.56694     1.98326    -1.26545     1.43606   -0.394638
  -0.704589     1.23792     1.56694     1.98326    -4.40704    -1.43606     2.74695
  -0.704635     1.24932     1.57209     1.98326    -1.27419     1.44493   -0.391894
  -0.704635     1.24932     1.57209     1.98326    -4.41578    -1.44493      2.7497
 -0.0497726    0.686508  -0.0149171     1.98326   0.0207979    0.471965    -1.73174
 -0.0497726    0.686508  -0.0149171     1.98326    -3.12079   -0.471965     1.40986
 -0.0677507    0.686547    0.023596     1.98326  -0.0328898     0.47214    -1.67211
 -0.0677507    0.686547    0.023596     1.98326    -3.17448    -0.47214     1.46949
   -0.70463      1.2425     1.56906     1.98326    -1.26895     1.43966   -0.393529
   -0.70463      1.2425     1.56906     1.98326    -4.41054    -1.43966     2.74806
    -0.7046      1.2539     1.57406     1.98326    -1.27773     1.44841   -0.390803
    -0.7046      1.2539     1.57406     1.98326    -4.41932    -1.44841     2.75079
 -0.0390246    0.686648  -0.0379428     1.98326   0.0528538    0.472602    -1.76735
 -0.0390246    0.686648  -0.0379428     1.98326    -3.08874   -0.472602     1.37425
     -0.057    0.686483 0.000565697     1.98326 -0.00078865    0.471848    -1.70776
     -0.057    0.686483 0.000565697     1.98326    -3.14238   -0.471848     1.43383
 -0.0745264    0.686649    0.038112     1.98326  -0.0530886    0.472609    -1.64967
 -0.0745264    0.686649    0.038112     1.98326    -3.19468   -0.472609     1.49192
  -0.704641      1.2468     1.57099     1.98326    -1.27225     1.44299   -0.392496
  -0.704641      1.2468     1.57099     1.98326    -4.41384    -1.44299      2.7491
 -0.0458003    0.686546  -0.0234269     1.98326   0.0326546    0.472135    -1.74491
 -0.0458003    0.686546  -0.0234269     1.98326    -3.10894   -0.472135     1.39669
 -0.0637784    0.686509   0.0150864     1.98326  -0.0210335    0.471967    -1.68528
 -0.0637784    0.686509   0.0150864     1.98326    -3.16263   -0.471967     1.45632
  -0.704611     1.23998      1.5679     1.98326    -1.26703     1.43769   -0.394138
  -0.704611     1.23998      1.5679     1.98326    -4.40862    -1.43769     2.74745
  -0.704623     1.25138     1.57299     1.98326    -1.27578      1.4465   -0.391402
  -0.704623     1.25138     1.57299     1.98326    -4.41737     -1.4465     2.75019
 -0.0530271     0.68649 -0.00794507     1.98326   0.0110786    0.471881    -1.72094
 -0.0530271     0.68649 -0.00794507     1.98326    -3.13051   -0.471881     1.42065
 -0.0705555    0.686583   0.0296048     1.98326  -0.0412556    0.472307    -1.66281
 -0.0705555    0.686583   0.0296048     1.98326    -3.18285   -0.472307     1.47878
  -0.704638     1.24428     1.56986     1.98326    -1.27032     1.44104   -0.393101
  -0.704638     1.24428     1.56986     1.98326    -4.41191    -1.44104     2.74849
  -0.704578     1.25568     1.57481     1.98326     -1.2791     1.44976   -0.390381
  -0.704578     1.25568     1.57481     1.98326     -4.4207    -1.44976     2.75121
 -0.0418287      0.6866  -0.0319351     1.98326   0.0444988    0.472382    -1.75806
 -0.0418287      0.6866  -0.0319351     1.98326    -3.09709   -0.472382     1.38353
 -0.0598057    0.686488  0.00657592     1.98326 -0.00916928     0.47187    -1.69845
 -0.0598057    0.686488  0.00657592     1.98326    -3.15076    -0.47187     1.44314
  -0.704583     1.23747     1.56673     1.98326     -1.2651      1.4357   -0.394749
  -0.704583     1.23747     1.56673     1.98326     -4.4067     -1.4357     2.74684
  -0.704637     1.24886     1.57189     1.98326    -1.27384     1.44458   -0.392002
  -0.704637     1.24886     1.57189     1.98326    -4.41543    -1.44458     2.74959
 -0.0490545    0.686514  -0.0164555     1.98326   0.0229419     0.47199    -1.73412
 -0.0490545    0.686514  -0.0164555     1.98326    -3.11865    -0.47199     1.40747
 -0.0665836    0.686534   0.0210959     1.98326  -0.0294073    0.472081    -1.67598
 -0.0665836    0.686534   0.0210959     1.98326      -3.171   -0.472081     1.46562
  -0.704627     1.24205     1.56885     1.98326     -1.2686      1.4393   -0.393639
  -0.704627     1.24205     1.56885     1.98326     -4.4102     -1.4393     2.74795
  -0.704605     1.25344     1.57387     1.98326    -1.27737     1.44807   -0.390911
  -0.704605     1.25344     1.57387     1.98326    -4.41897    -1.44807     2.75068
 -0.0558328    0.686484   -0.001935     1.98326  0.00269843     0.47185    -1.71163
 -0.0558328    0.686484   -0.001935     1.98326    -3.13889    -0.47185     1.42996
 -0.0738086    0.686636   0.0365742     1.98326  -0.0509507    0.472549    -1.65204
 -0.0738086    0.686636   0.0365742     1.98326    -3.19254   -0.472549     1.48955
  -0.704641     1.24634     1.57078     1.98326     -1.2719     1.44264   -0.392606
  -0.704641     1.24634     1.57078     1.98326    -4.41349    -1.44264     2.74899
 -0.0450823    0.686554  -0.0249652     1.98326   0.0347969    0.472174    -1.74729
 -0.0450823    0.686554  -0.0249652     1.98326     -3.1068   -0.472174     1.39431
 -0.0626112    0.686501    0.012586     1.98326  -0.0175482    0.471931    -1.68915
 -0.0626112    0.686501    0.012586     1.98326    -3.15914   -0.471931     1.45245
  -0.704607     1.23953     1.56769     1.98326    -1.26668     1.43733   -0.394248
  -0.704607     1.23953     1.56769     1.98326    -4.40827    -1.43733     2.74734
  -0.704628     1.25064     1.57267     1.98326    -1.27521     1.44594   -0.391578
  -0.704628     1.25064     1.57267     1.98326     -4.4168    -1.44594     2.75001
 -0.0518599    0.686495  -0.0104456     1.98326   0.0145649    0.471905    -1.72481
 -0.0518599    0.686495  -0.0104456     1.98326    -3.12703   -0.471905     1.41678
 -0.0698375    0.686573   0.0280666     1.98326  -0.0391146    0.472261    -1.66519
 -0.0698375    0.686573   0.0280666     1.98326    -3.18071   -0.472261      1.4764
  -0.704636     1.24382     1.56966     1.98326    -1.26997     1.44069   -0.393211
  -0.704636     1.24382     1.56966     1.98326    -4.41156    -1.44069     2.74838
  -0.704587     1.25494      1.5745     1.98326    -1.27853      1.4492   -0.390556
  -0.704587     1.25494      1.5745     1.98326    -4.42012     -1.4492     2.75104
 -0.0411108    0.686611  -0.0334732     1.98326   0.0466386    0.472435    -1.76044
 -0.0411108    0.686611  -0.0334732     1.98326    -3.09495   -0.472435     1.38115
 -0.0586384    0.686485  0.00407541     1.98326 -0.00568268    0.471857    -1.70233
 -0.0586384    0.686485  0.00407541     1.98326    -3.14728   -0.471857     1.43927
  -0.704576     1.23701     1.56651     1.98326    -1.26476     1.43534   -0.394859
  -0.704576     1.23701     1.56651     1.98326    -4.40635    -1.43534     2.74673
  -0.704639     1.24812     1.57157     1.98326    -1.27327     1.44401    -0.39218
  -0.704639     1.24812     1.57157     1.98326    -4.41486    -1.44401     2.74941
 -0.0478873    0.686524  -0.0189558     1.98326    0.026426    0.472036    -1.73799
 -0.0478873    0.686524  -0.0189558     1.98326    -3.11517   -0.472036      1.4036
 -0.0658656    0.686527   0.0195576     1.98326  -0.0272642    0.472048    -1.67836
 -0.0658656    0.686527   0.0195576     1.98326    -3.16886   -0.472048     1.46324
  -0.704622     1.24131     1.56851     1.98326    -1.26804     1.43873   -0.393818
  -0.704622     1.24131     1.56851     1.98326    -4.40963    -1.43873     2.74777
  -0.704612      1.2527     1.57355     1.98326     -1.2768     1.44751   -0.391087
  -0.704612      1.2527     1.57355     1.98326     -4.4184    -1.44751     2.75051
 -0.0551145    0.686484 -0.00347355     1.98326   0.0048438    0.471854    -1.71402
 -0.0551145    0.686484 -0.00347355     1.98326    -3.13675   -0.471854     1.42757
  -0.072642    0.686616   0.0340748     1.98326  -0.0474751    0.472456    -1.65591
  -0.072642    0.686616   0.0340748     1.98326    -3.18907   -0.472456     1.48569
  -0.704641     1.24589     1.57058     1.98326    -1.27155     1.44229   -0.392715
  -0.704641     1.24589     1.57058     1.98326    -4.41314    -1.44229     2.74888
 -0.0439153    0.686569   -0.027465     1.98326   0.0382775    0.472243    -1.75115
 -0.0439153    0.686569   -0.027465     1.98326    -3.10332   -0.472243     1.39044
  -0.061893    0.686497   0.0110475     1.98326  -0.0154035    0.471912    -1.69153
  -0.061893    0.686497   0.0110475     1.98326      -3.157   -0.471912     1.45006
  -0.704599     1.23879     1.56735     1.98326    -1.26611     1.43675   -0.394428
  -0.704599     1.23879     1.56735     1.98326    -4.40771    -1.43675     2.74716
   -0.70463     1.25018     1.57247     1.98326    -1.27486     1.44559   -0.391687
   -0.70463     1.25018     1.57247     1.98326    -4.41645    -1.44559     2.74991
 -0.0511417    0.686499  -0.0119842     1.98326   0.0167098    0.471923     -1.7272
 -0.0511417    0.686499  -0.0119842     1.98326    -3.12488   -0.471923      1.4144
 -0.0686706    0.686558   0.0255667     1.98326  -0.0356341     0.47219    -1.66906
 -0.0686706    0.686558   0.0255667     1.98326    -3.17723    -0.47219     1.47253
  -0.704634     1.24337     1.56945     1.98326    -1.26962     1.44034    -0.39332
  -0.704634     1.24337     1.56945     1.98326    -4.41121    -1.44034     2.74827
  -0.704589     1.25476     1.57443     1.98326     -1.2784     1.44907   -0.390597
  -0.704589     1.25476     1.57443     1.98326    -4.41999    -1.44907       2.751
 -0.0399441    0.686631  -0.0359727     1.98326   0.0501148    0.472526     -1.7643
 -0.0399441    0.686631  -0.0359727     1.98326    -3.09148   -0.472526     1.37729
 -0.0579202    0.686484  0.00253669     1.98326 -0.00353708    0.471851    -1.70471
 -0.0579202    0.686484  0.00253669     1.98326    -3.14513   -0.471851     1.43688
   -0.70464     1.24767     1.57137     1.98326    -1.27292     1.44366   -0.392288
   -0.70464     1.24767     1.57137     1.98326    -4.41451    -1.44366      2.7493