   0.274397     1.02928  -0.0258317     2.07389    0.521187   0.0444668    -1.72804
   0.261155     1.02925   0.0171179     2.07389   -0.364013   0.0412114   -0.834653
   0.269277     1.02924 -0.00922611     2.07389    0.202684   0.0392841    -1.40637
   0.264156     1.02923  0.00738329     2.07389   -0.163014   0.0389932    -1.03751
   0.272278     1.02926  -0.0189593     2.07389    0.399219    0.041806    -1.60476
   0.258697     1.02927   0.0250896     2.07389   -0.508749   0.0441492   -0.688397
   0.267157     1.02923 -0.00235045     2.07389   0.0523245   0.0385209     -1.2547
   0.275278     1.02929  -0.0286918     2.07389     0.56742   0.0457554    -1.77482
   0.261698     1.02925   0.0153579     2.07389   -0.329433   0.0406916   -0.869568
   0.269819     1.02924  -0.0109854     2.07389    0.239947   0.0396211    -1.44397
   0.264699     1.02923  0.00562403     2.07389   -0.124644   0.0387724    -1.07621
    0.27282     1.02926  -0.0207185     2.07389    0.431881   0.0424261    -1.63776
    0.25924     1.02927   0.0233321     2.07389   -0.478585   0.0434248   -0.718896
     0.2677     1.02923 -0.00411066     2.07389   0.0913323   0.0386322    -1.29405
   0.275821     1.02929  -0.0304505     2.07389    0.594533   0.0465961    -1.80227
    0.26258     1.02924   0.0124979     2.07389   -0.271436   0.0399538   -0.928111
   0.270701     1.02924  -0.0138451     2.07389    0.299025   0.0402822     -1.5036
   0.257121     1.02929   0.0302031     2.07389   -0.590775   0.0464769   -0.605395
   0.265241     1.02923  0.00386444     2.07389  -0.0858857   0.0386121    -1.11531
   0.273363     1.02927  -0.0224772     2.07389    0.463554   0.0430871    -1.66977
   0.260121     1.02926   0.0204718     2.07389   -0.427354   0.0423346   -0.770672
   0.268242     1.02923 -0.00587064     2.07389    0.130052   0.0388001     -1.3331
   0.263122     1.02924   0.0107385     2.07389   -0.234752   0.0395699    -0.96513
   0.271243     1.02925  -0.0156043     2.07389    0.334331    0.040759    -1.53924
   0.257663     1.02929   0.0284448     2.07389    -0.56353   0.0456419   -0.632976
   0.266123     1.02923  0.00100359     2.07389  -0.0223552   0.0384791    -1.17938
   0.274244     1.02927  -0.0253372     2.07389    0.512919   0.0442544    -1.71968
   0.261003     1.02925   0.0176124     2.07389   -0.373565   0.0413659   -0.825006
   0.269124     1.02924 -0.00873017     2.07389    0.192068   0.0392006    -1.39566
   0.263665     1.02924  0.00897798     2.07389   -0.197375   0.0392416    -1.00284
   0.271786     1.02925  -0.0173641     2.07389    0.368781    0.041288    -1.57402
   0.258545     1.02928   0.0255854     2.07389   -0.517075   0.0443607   -0.679975
   0.266326     1.02923 0.000344306     2.07389 -0.00766915   0.0384698     -1.1942
   0.274787     1.02928  -0.0270969     2.07389    0.541968   0.0450251    -1.74907
   0.261206     1.02925   0.0169532     2.07389   -0.360813   0.0411592   -0.837884