    0.626777      1.05504     -1.57306      1.90559       1.0786      1.40991     -2.67321
    0.626777      1.05504     -1.57306      1.90559     -2.06299     -1.40991     0.468388
    0.626732      1.04388     -1.56502      1.90559      1.06981      1.40002     -2.66779
    0.626732      1.04388     -1.56502      1.90559     -2.07178     -1.40002       0.4738
  -0.0274681      0.54429   -0.0383613      1.90559    0.0311179     0.692278     -1.51854
  -0.0274681      0.54429   -0.0383613      1.90559     -3.11047    -0.692278      1.62305
    -0.04847     0.544116  0.000935245      1.90559 -0.000758729     0.691889     -1.48138
    -0.04847     0.544116  0.000935245      1.90559     -3.14235    -0.691889      1.66022
  -0.0700087     0.544318    0.0412369      1.90559   -0.0334489     0.692339     -1.44326
  -0.0700087     0.544318    0.0412369      1.90559     -3.17504    -0.692339      1.69833
   -0.722683      1.04468      1.56561      1.90559     -1.07044      1.40074    -0.296337
   -0.722683      1.04468      1.56561      1.90559     -4.21203     -1.40074      2.84526
   -0.722712      1.05583      1.57362      1.90559     -1.07923      1.41061    -0.290934
   -0.722712      1.05583      1.57362      1.90559     -4.22082     -1.41061      2.85066
    0.626705      1.06171      -1.5777      1.90559      1.08387      1.41573     -2.67638
    0.626705      1.06171      -1.5777      1.90559     -2.05773     -1.41573     0.465215
    0.626784      1.05083     -1.57007      1.90559      1.07529      1.40621     -2.67118
    0.626784      1.05083     -1.57007      1.90559     -2.06631     -1.40621     0.470412
    0.626661      1.03968     -1.56189      1.90559       1.0665      1.39624     -2.66572
    0.626661      1.03968     -1.56189      1.90559      -2.0751     -1.39624     0.475876
  -0.0355869      0.54418    -0.023169      1.90559    0.0187974     0.692031     -1.50417
  -0.0355869      0.54418    -0.023169      1.90559      -3.1228    -0.692031      1.63742
  -0.0571309     0.544151    0.0171396      1.90559   -0.0139061     0.691966     -1.46605
  -0.0571309     0.544151    0.0171396      1.90559      -3.1555    -0.691966      1.67554
  -0.0781209     0.544493    0.0564207      1.90559   -0.0457529     0.692731     -1.42892
  -0.0781209     0.544493    0.0564207      1.90559     -3.18735    -0.692731      1.71267
   -0.722719      1.04916      1.56887      1.90559     -1.07397      1.40473    -0.294149
   -0.722719      1.04916      1.56887      1.90559     -4.21556     -1.40473      2.84744
    -0.72267      1.06004      1.57655      1.90559     -1.08255      1.41428    -0.288932
    -0.72267      1.06004      1.57655      1.90559     -4.22414     -1.41428      2.85266
    0.626759       1.0575     -1.57479      1.90559      1.08055      1.41207     -2.67438
    0.626759       1.0575     -1.57479      1.90559     -2.06105     -1.41207      0.46721
     0.62676      1.04635     -1.56683      1.90559      1.07175      1.40223       -2.669
     0.62676      1.04635     -1.56683      1.90559     -2.06984     -1.40223     0.472592
   -0.022712     0.544381   -0.0472625      1.90559    0.0383331      0.69248     -1.52695
   -0.022712     0.544381   -0.0472625      1.90559     -3.10326     -0.69248      1.61464
  -0.0442471     0.544122  -0.00696556      1.90559   0.00565187     0.691901     -1.48885
  -0.0442471     0.544122  -0.00696556      1.90559     -3.13594    -0.691901      1.65274
  -0.0652512      0.54424     0.032334      1.90559   -0.0262305     0.692165     -1.45168
  -0.0652512      0.54424     0.032334      1.90559     -3.16782    -0.692165      1.68991
   -0.722648      1.04222      1.56379      1.90559     -1.06849      1.39853    -0.297549
   -0.722648      1.04222      1.56379      1.90559     -4.21009     -1.39853      2.84404
   -0.722723      1.05337      1.57188      1.90559     -1.07729      1.40845    -0.292117
   -0.722723      1.05337      1.57188      1.90559     -4.21888     -1.40845      2.84948
    0.626784      1.05302     -1.57163      1.90559      1.07701      1.40814     -2.67224
    0.626784      1.05302     -1.57163      1.90559     -2.06458     -1.40814     0.469357
    0.626707      1.04214     -1.56373      1.90559      1.06844      1.39846     -2.66694
    0.626707      1.04214     -1.56373      1.90559     -2.07316     -1.39846     0.474656
  -0.0308279     0.544238   -0.0320739      1.90559    0.0260198     0.692161     -1.51259
  -0.0308279     0.544238   -0.0320739      1.90559     -3.11557    -0.692161        1.629
  -0.0523703     0.544124   0.00823251      1.90559  -0.00667959     0.691906     -1.47447
  -0.0523703     0.544124   0.00823251      1.90559     -3.14827    -0.691906      1.66712
  -0.0739046     0.544395    0.0485285      1.90559   -0.0393588     0.692512     -1.43637
  -0.0739046     0.544395    0.0485285      1.90559     -3.18095    -0.692512      1.70522
   -0.722703       1.0467      1.56708      1.90559     -1.07203      1.40254    -0.295349
   -0.722703       1.0467      1.56708      1.90559     -4.21362     -1.40254      2.84624
   -0.722698      1.05757      1.57484      1.90559      -1.0806      1.41213    -0.290103
   -0.722698      1.05757      1.57484      1.90559      -4.2222     -1.41213      2.85149
    0.626731      1.05997      -1.5765      1.90559      1.08249      1.41422     -2.67555
    0.626731      1.05997      -1.5765      1.90559      -2.0591     -1.41422     0.466038
    0.626777      1.04881     -1.56862      1.90559      1.07369      1.40442      -2.6702
    0.626777      1.04881     -1.56862      1.90559      -2.0679     -1.40442     0.471391
  -0.0179581      0.54449   -0.0561609      1.90559    0.0455426     0.692723     -1.53536
  -0.0179581      0.54449   -0.0561609      1.90559     -3.09605    -0.692723      1.60624
  -0.0394864     0.544146   -0.0158728      1.90559    0.0128786     0.691955     -1.49727
  -0.0394864     0.544146   -0.0158728      1.90559     -3.12871    -0.691955      1.64432
  -0.0604923     0.544181    0.0234291      1.90559   -0.0190082     0.692034      -1.4601
  -0.0604923     0.544181    0.0234291      1.90559      -3.1606    -0.692034      1.68149
   -0.722609      1.04003      1.56216      1.90559     -1.06677      1.39656     -0.29863
   -0.722609      1.04003      1.56216      1.90559     -4.20836     -1.39656      2.84296
   -0.722725      1.05091      1.57012      1.90559     -1.07534      1.40627    -0.293305
   -0.722725      1.05091      1.57012      1.90559     -4.21693     -1.40627      2.84829
   -0.722639      1.06206      1.57794      1.90559     -1.08414      1.41603    -0.287977
   -0.722639      1.06206      1.57794      1.90559     -4.22573     -1.41603      2.85362
    0.626774      1.05548     -1.57337      1.90559      1.07895       1.4103     -2.67342
    0.626774      1.05548     -1.57337      1.90559     -2.06264      -1.4103     0.468175
    0.626741      1.04461     -1.56555      1.90559      1.07038      1.40067     -2.66815
    0.626741      1.04461     -1.56555      1.90559     -2.07121     -1.40067     0.473444
  -0.0260705     0.544315   -0.0409769      1.90559    0.0332383     0.692333     -1.52101
  -0.0260705     0.544315   -0.0409769      1.90559     -3.10835    -0.692333      1.62058
  -0.0476093     0.544116 -0.000675112      1.90559  0.000547902     0.691888      -1.4829
  -0.0476093     0.544116 -0.000675112      1.90559     -3.14104    -0.691888      1.65869
  -0.0691487     0.544302    0.0396276      1.90559   -0.0321443     0.692304     -1.44479
  -0.0691487     0.544302    0.0396276      1.90559     -3.17374    -0.692304      1.69681
   -0.722677      1.04424      1.56528      1.90559     -1.07008      1.40034    -0.296555
   -0.722677      1.04424      1.56528      1.90559     -4.21168     -1.40034      2.84504
   -0.722717      1.05511      1.57311      1.90559     -1.07866      1.40998    -0.291281
   -0.722717      1.05511      1.57311      1.90559     -4.22025     -1.40998      2.85031
    0.626697      1.06215       -1.578      1.90559      1.08422      1.41611     -2.67659
    0.626697      1.06215       -1.578      1.90559     -2.05738     -1.41611     0.465005
    0.626785      1.05128     -1.57039      1.90559      1.07564       1.4066      -2.6714
    0.626785      1.05128     -1.57039      1.90559     -2.06596      -1.4066     0.470197
     0.62667      1.04013     -1.56223      1.90559      1.06685      1.39664     -2.66594
     0.62667      1.04013     -1.56223      1.90559     -2.07475     -1.39664     0.475655
  -0.0347265     0.544189   -0.0247788      1.90559    0.0201033     0.692051      -1.5057
  -0.0347265     0.544189   -0.0247788      1.90559     -3.12149    -0.692051       1.6359
  -0.0557322     0.544141    0.0145227      1.90559    -0.011783     0.691944     -1.46852
  -0.0557322     0.544141    0.0145227      1.90559     -3.15338    -0.691944      1.67307
  -0.0772617     0.544472    0.0548124      1.90559   -0.0444501     0.692684     -1.43044
  -0.0772617     0.544472    0.0548124      1.90559     -3.18604    -0.692684      1.71116
   -0.722716      1.04844      1.56835      1.90559      -1.0734      1.40409    -0.294501
   -0.722716      1.04844      1.56835      1.90559     -4.21499     -1.40409      2.84709
   -0.722676      1.05959      1.57624      1.90559      -1.0822      1.41389    -0.289143
   -0.722676      1.05959      1.57624      1.90559     -4.22379     -1.41389      2.85245
    0.626754      1.05795      -1.5751      1.90559       1.0809      1.41246     -2.67459
    0.626754      1.05795      -1.5751      1.90559      -2.0607     -1.41246     0.466998
    0.626764       1.0468     -1.56715      1.90559       1.0721      1.40262     -2.66922
    0.626764       1.0468     -1.56715      1.90559     -2.06949     -1.40262     0.472374
  -0.0218524     0.544399   -0.0488715      1.90559    0.0396369     0.692521     -1.52847
  -0.0218524     0.544399   -0.0488715      1.90559     -3.10196    -0.692521      1.61312
  -0.0428483     0.544127  -0.00958258      1.90559   0.00777523     0.691913     -1.49132
  -0.0428483     0.544127  -0.00958258      1.90559     -3.13382    -0.691913      1.65027
   -0.064391     0.544228    0.0307242      1.90559    -0.024925     0.692138      -1.4532
   -0.064391     0.544228    0.0307242      1.90559     -3.16652    -0.692138      1.68839
   -0.722641      1.04177      1.56345      1.90559     -1.06814      1.39813    -0.297769
   -0.722641      1.04177      1.56345      1.90559     -4.20974     -1.39813      2.84382
   -0.722724      1.05292      1.57156      1.90559     -1.07693      1.40806    -0.292331
   -0.722724      1.05292      1.57156      1.90559     -4.21853     -1.40806      2.84926
    0.626782      1.05374     -1.57215      1.90559      1.07758      1.40878     -2.67258
    0.626782      1.05374     -1.57215      1.90559     -2.06401     -1.40878     0.469009
    0.626714      1.04259     -1.56406      1.90559      1.06879      1.39886     -2.66716
    0.626714      1.04259     -1.56406      1.90559      -2.0728     -1.39886     0.474437
  -0.0299678     0.544251   -0.0336836      1.90559    0.0273251     0.692189     -1.51412
  -0.0299678     0.544251   -0.0336836      1.90559     -3.11427    -0.692189      1.62748
  -0.0515096     0.544121   0.00662221      1.90559  -0.00537305       0.6919       -1.476
  -0.0515096     0.544121   0.00662221      1.90559     -3.14697      -0.6919       1.6656
  -0.0725075     0.544366    0.0459137      1.90559   -0.0372397     0.692447     -1.43884
  -0.0725075     0.544366    0.0459137      1.90559     -3.17883    -0.692447      1.70275
   -0.722697      1.04598      1.56656      1.90559     -1.07146       1.4019    -0.295702
   -0.722697      1.04598      1.56656      1.90559     -4.21305      -1.4019      2.84589
   -0.722702      1.05713      1.57453      1.90559     -1.08025      1.41174    -0.290316
   -0.722702      1.05713      1.57453      1.90559     -4.22184     -1.41174      2.85128
    0.626724      1.06041     -1.57681      1.90559      1.08284       1.4146     -2.67577
    0.626724      1.06041     -1.57681      1.90559     -2.05875      -1.4146     0.465827
    0.626781      1.04954     -1.56914      1.90559      1.07426      1.40506     -2.67055
    0.626781      1.04954     -1.56914      1.90559     -2.06733     -1.40506      0.47104
   -0.017099     0.544511   -0.0577692      1.90559    0.0468454     0.692772     -1.53688
   -0.017099     0.544511   -0.0577692      1.90559     -3.09475    -0.692772      1.60472
  -0.0386259     0.544153   -0.0174828      1.90559    0.0141848     0.691969      -1.4988
  -0.0386259     0.544153   -0.0174828      1.90559     -3.12741    -0.691969       1.6428
  -0.0596319     0.544173    0.0218192      1.90559   -0.0177023     0.692014     -1.46162
  -0.0596319     0.544173    0.0218192      1.90559     -3.15929    -0.692014      1.67997
   -0.722724      1.05046       1.5698      1.90559     -1.07499      1.40588    -0.293521
   -0.722724      1.05046       1.5698      1.90559     -4.21658     -1.40588      2.84807
   -0.722647      1.06161      1.57763      1.90559     -1.08379      1.41564    -0.288188
   -0.722647      1.06161      1.57763      1.90559     -4.22538     -1.41564       2.8534
    0.626769      1.05621     -1.57388      1.90559      1.07952      1.41094     -2.67376
    0.626769      1.05621     -1.57388      1.90559     -2.06207     -1.41094     0.467828
    0.626747      1.04505     -1.56588      1.90559      1.07073      1.40107     -2.66837
    0.626747      1.04505     -1.56588      1.90559     -2.07086     -1.40107     0.473226
  -0.0252106     0.544331   -0.0425861      1.90559    0.0345428     0.692369     -1.52253
  -0.0252106     0.544331   -0.0425861      1.90559     -3.10705    -0.692369      1.61906
  -0.0467486     0.544117  -0.00228539      1.90559   0.00185447      0.69189     -1.48442
  -0.0467486     0.544117  -0.00228539      1.90559     -3.13974     -0.69189      1.65717
  -0.0677511     0.544278     0.037012      1.90559   -0.0300237     0.692251     -1.44726
  -0.0677511     0.544278     0.037012      1.90559     -3.17162    -0.692251      1.69433
   -0.722671      1.04379      1.56495      1.90559     -1.06973      1.39994    -0.296774
   -0.722671      1.04379      1.56495      1.90559     -4.21133     -1.39994      2.84482
   -0.722719      1.05466       1.5728      1.90559     -1.07831      1.40959    -0.291495
   -0.722719      1.05466       1.5728      1.90559      -4.2199     -1.40959       2.8501
     0.62669       1.0626     -1.57831      1.90559      1.08457       1.4165      -2.6768
     0.62669       1.0626     -1.57831      1.90559     -2.05702      -1.4165     0.464795
    0.626785      1.05172     -1.57071      1.90559      1.07599        1.407     -2.67161
    0.626785      1.05172     -1.57071      1.90559      -2.0656       -1.407     0.469982
    0.626684      1.04085     -1.56277      1.90559      1.06742       1.3973      -2.6663
    0.626684      1.04085     -1.56277      1.90559     -2.07418      -1.3973     0.475296
  -0.0338661     0.544199   -0.0263887      1.90559     0.021409     0.692073     -1.50722
  -0.0338661     0.544199   -0.0263887      1.90559     -3.12018    -0.692073      1.63437
  -0.0548716     0.544136    0.0129125      1.90559   -0.0104767     0.691932     -1.47005
  -0.0548716     0.544136    0.0129125      1.90559     -3.15207    -0.691932      1.67155
  -0.0764025     0.544452    0.0532039      1.90559    -0.043147     0.692638     -1.43196
  -0.0764025     0.544452    0.0532039      1.90559     -3.18474    -0.692638      1.70964
   -0.722713      1.04799      1.56803      1.90559     -1.07305      1.40369    -0.294717
   -0.722713      1.04799      1.56803      1.90559     -4.21464     -1.40369      2.84688
   -0.722685      1.05887      1.57574      1.90559     -1.08162      1.41326    -0.289487
   -0.722685      1.05887      1.57574      1.90559     -4.22322     -1.41326      2.85211
    0.626747      1.05867      -1.5756      1.90559      1.08147      1.41309     -2.67494
    0.626747      1.05867      -1.5756      1.90559     -2.06012     -1.41309     0.466653
     0.62677      1.04752     -1.56768      1.90559      1.07267      1.40327     -2.66957
     0.62677      1.04752     -1.56768      1.90559     -2.06892     -1.40327     0.472021
  -0.0204555      0.54443    -0.051486      1.90559    0.0417555      0.69259     -1.53094
  -0.0204555      0.54443    -0.051486      1.90559     -3.09984     -0.69259      1.61065
  -0.0419877     0.544131   -0.0111929      1.90559   0.00908173     0.691922     -1.49285
  -0.0419877     0.544131   -0.0111929      1.90559     -3.13251    -0.691922      1.64875
  -0.0629929      0.54421     0.028108      1.90559   -0.0228032     0.692097     -1.45568
  -0.0629929      0.54421     0.028108      1.90559      -3.1644    -0.692097      1.68592
   -0.722633      1.04133      1.56312      1.90559     -1.06779      1.39772    -0.297989
   -0.722633      1.04133      1.56312      1.90559     -4.20938     -1.39772       2.8436
   -0.722725       1.0522      1.57105      1.90559     -1.07636      1.40742     -0.29268
   -0.722725       1.0522      1.57105      1.90559     -4.21796     -1.40742      2.84891
   -0.722616      1.06335      1.57882      1.90559     -1.08516      1.41715    -0.287367
   -0.722616      1.06335      1.57882      1.90559     -4.22676     -1.41715      2.85423
    0.626781      1.05419     -1.57246      1.90559      1.07793      1.40917      -2.6728
    0.626781      1.05419     -1.57246      1.90559     -2.06366     -1.40917     0.468795
     0.62672      1.04304     -1.56439      1.90559      1.06914      1.39926     -2.66738
     0.62672      1.04304     -1.56439      1.90559     -2.07245     -1.39926     0.474217
  -0.0291076     0.544264   -0.0352931      1.90559    0.0286302     0.692218     -1.51564
  -0.0291076     0.544264   -0.0352931      1.90559     -3.11296    -0.692218      1.62595
  -0.0501108     0.544118   0.00400501      1.90559  -0.00324951     0.691892     -1.47847
  -0.0501108     0.544118   0.00400501      1.90559     -3.14484    -0.691892      1.66312
  -0.0716478     0.544349    0.0443046      1.90559   -0.0359355     0.692408     -1.44037
  -0.0716478     0.544349    0.0443046      1.90559     -3.17753    -0.692408      1.70123
   -0.722692      1.04553      1.56623      1.90559     -1.07111       1.4015     -0.29592
   -0.722692      1.04553      1.56623      1.90559      -4.2127      -1.4015      2.84567
   -0.722706      1.05668      1.57422      1.90559      -1.0799      1.41135    -0.290529
   -0.722706      1.05668      1.57422      1.90559     -4.22149     -1.41135      2.85106
    0.626718      1.06086     -1.57711      1.90559      1.08319      1.41499     -2.67598
    0.626718      1.06086     -1.57711      1.90559      -2.0584     -1.41499     0.465616
    0.626782      1.04998     -1.56946      1.90559      1.07462      1.40546     -2.67077
    0.626782      1.04998     -1.56946      1.90559     -2.06698     -1.40546     0.470823
  -0.0157029     0.544548   -0.0603827      1.90559    0.0489619     0.692854     -1.53934
  -0.0157029     0.544548   -0.0603827      1.90559     -3.09263    -0.692854      1.60225
  -0.0372273     0.544164   -0.0200997      1.90559    0.0163077     0.691995     -1.50127
  -0.0372273     0.544164   -0.0200997      1.90559     -3.12528    -0.691995      1.64032
  -0.0587714     0.544165     0.020209      1.90559   -0.0163961     0.691997     -1.46315
  -0.0587714     0.544165     0.020209      1.90559     -3.15799    -0.691997      1.67845
  -0.0797587     0.544535    0.0594866      1.90559    -0.048236     0.692825     -1.42602
  -0.0797587     0.544535    0.0594866      1.90559     -3.18983    -0.692825      1.71557
   -0.722722      1.05001      1.56948      1.90559     -1.07464      1.40548    -0.293737
   -0.722722      1.05001      1.56948      1.90559     -4.21623     -1.40548      2.84786
   -0.722658      1.06089      1.57713      1.90559     -1.08322      1.41502     -0.28853
   -0.722658      1.06089      1.57713      1.90559     -4.22481     -1.41502      2.85306
    0.626766      1.05665     -1.57419      1.90559      1.07988      1.41133     -2.67398
    0.626766      1.05665     -1.57419      1.90559     -2.06172     -1.41133     0.467615
    0.626754      1.04578     -1.56641      1.90559       1.0713      1.40172     -2.66872
    0.626754      1.04578     -1.56641      1.90559     -2.07029     -1.40172     0.472871
  -0.0243509     0.544348   -0.0441952      1.90559    0.0358471     0.692406     -1.52405
  -0.0243509     0.544348   -0.0441952      1.90559     -3.10575    -0.692406      1.61754
  -0.0453498     0.544119  -0.00490249      1.90559   0.00397794     0.691895      -1.4869
  -0.0453498     0.544119  -0.00490249      1.90559     -3.13761    -0.691895       1.6547
   -0.066891     0.544265    0.0354025      1.90559   -0.0287187      0.69222     -1.44878
   -0.066891     0.544265    0.0354025      1.90559     -3.17031     -0.69222      1.69281
   -0.722665      1.04334      1.56462      1.90559     -1.06938      1.39954    -0.296994
   -0.722665      1.04334      1.56462      1.90559     -4.21098     -1.39954       2.8446
   -0.722722      1.05394      1.57229      1.90559     -1.07774      1.40895    -0.291842
   -0.722722      1.05394      1.57229      1.90559     -4.21933     -1.40895      2.84975
    0.626677      1.06332      -1.5788      1.90559      1.08514      1.41712     -2.67714
    0.626677      1.06332      -1.5788      1.90559     -2.05645     -1.41712     0.464454
    0.626785      1.05245     -1.57123      1.90559      1.07656      1.40764     -2.67196
    0.626785      1.05245     -1.57123      1.90559     -2.06503     -1.40764     0.469632
    0.626692       1.0413      -1.5631      1.90559      1.06777       1.3977     -2.66652
    0.626692       1.0413      -1.5631      1.90559     -2.07382      -1.3977     0.475076
  -0.0324679     0.544216   -0.0290052      1.90559    0.0235311     0.692111     -1.50969
  -0.0324679     0.544216   -0.0290052      1.90559     -3.11806    -0.692111       1.6319
   -0.054011     0.544131    0.0113023      1.90559  -0.00917029     0.691922     -1.47157
   -0.054011     0.544131    0.0113023      1.90559     -3.15076    -0.691922      1.67002
  -0.0750057     0.544419    0.0505895      1.90559   -0.0410289     0.692566     -1.43443
  -0.0750057     0.544419    0.0505895      1.90559     -3.18262    -0.692566      1.70717
   -0.722708      1.04727       1.5675      1.90559     -1.07248      1.40305     -0.29507
   -0.722708      1.04727       1.5675      1.90559     -4.21407     -1.40305      2.84652
    -0.72269      1.05842      1.57543      1.90559     -1.08127      1.41287    -0.289699
    -0.72269      1.05842      1.57543      1.90559     -4.22287     -1.41287      2.85189
    0.626741      1.05912     -1.57591      1.90559      1.08182      1.41348     -2.67515
    0.626741      1.05912     -1.57591      1.90559     -2.05977     -1.41348     0.466442
    0.626773      1.04796       -1.568      1.90559      1.07302      1.40367     -2.66979
    0.626773      1.04796       -1.568      1.90559     -2.06857     -1.40367     0.471804
  -0.0195961      0.54445   -0.0530946      1.90559    0.0430587     0.692635     -1.53246
  -0.0195961      0.54445   -0.0530946      1.90559     -3.09853    -0.692635      1.60913
   -0.040589     0.544139   -0.0138098      1.90559    0.0112049     0.691939     -1.49532
   -0.040589     0.544139   -0.0138098      1.90559     -3.13039    -0.691939      1.64627
  -0.0621325     0.544199    0.0264982      1.90559   -0.0214976     0.692074      -1.4572
  -0.0621325     0.544199    0.0264982      1.90559     -3.16309    -0.692074      1.68439
   -0.722625      1.04088      1.56279      1.90559     -1.06744      1.39732    -0.298209
   -0.722625      1.04088      1.56279      1.90559     -4.20903     -1.39732      2.84338
   -0.722725      1.05175      1.57073      1.90559     -1.07601      1.40702    -0.292895
   -0.722725      1.05175      1.57073      1.90559      -4.2176     -1.40702       2.8487
   -0.722629      1.06263      1.57833      1.90559     -1.08459      1.41652    -0.287708
   -0.722629      1.06263      1.57833      1.90559     -4.22618     -1.41652      2.85388
    0.626779      1.05463     -1.57278      1.90559      1.07828      1.40956     -2.67301
    0.626779      1.05463     -1.57278      1.90559     -2.06331     -1.40956     0.468581
    0.626731      1.04376     -1.56493      1.90559      1.06971      1.39991     -2.66773
    0.626731      1.04376     -1.56493      1.90559     -2.07188     -1.39991     0.473861
  -0.0277099     0.544286   -0.0379088      1.90559    0.0307511     0.692269     -1.51811
  -0.0277099     0.544286   -0.0379088      1.90559     -3.11084    -0.692269      1.62348
  -0.0492501     0.544117   0.00239484      1.90559  -0.00194303      0.69189        -1.48
  -0.0492501     0.544117   0.00239484      1.90559     -3.14354     -0.69189       1.6616
   -0.070788     0.544332    0.0426955      1.90559   -0.0346313     0.692371     -1.44189
   -0.070788     0.544332    0.0426955      1.90559     -3.17622    -0.692371      1.69971
   -0.722687      1.04508       1.5659      1.90559     -1.07075       1.4011    -0.296138
   -0.722687      1.04508       1.5659      1.90559     -4.21235      -1.4011      2.84545
   -0.722709      1.05624       1.5739      1.90559     -1.07955      1.41096    -0.290741
   -0.722709      1.05624       1.5739      1.90559     -4.22114     -1.41096      2.85085
    0.626707      1.06158     -1.57761      1.90559      1.08377      1.41562     -2.67632
    0.626707      1.06158     -1.57761      1.90559     -2.05783     -1.41562     0.465274
    0.626783      1.05043     -1.56978      1.90559      1.07497      1.40585     -2.67098
    0.626783      1.05043     -1.56978      1.90559     -2.06663     -1.40585     0.470608
  -0.0363668     0.544172   -0.0217096      1.90559    0.0176136     0.692013     -1.50279
  -0.0363668     0.544172   -0.0217096      1.90559     -3.12398    -0.692013       1.6388
  -0.0573728     0.544153    0.0175923      1.90559   -0.0142733      0.69197     -1.46562
  -0.0573728     0.544153    0.0175923      1.90559     -3.15587     -0.69197      1.67597
  -0.0788996     0.544513    0.0578784      1.90559   -0.0469336     0.692775     -1.42754
  -0.0788996     0.544513    0.0578784      1.90559     -3.18853    -0.692775      1.71405
    -0.72272      1.04929      1.56896      1.90559     -1.07407      1.40484    -0.294088
    -0.72272      1.04929      1.56896      1.90559     -4.21566     -1.40484       2.8475
   -0.722668      1.06016      1.57664      1.90559     -1.08265      1.41439    -0.288873
   -0.722668      1.06016      1.57664      1.90559     -4.22424     -1.41439      2.85272
     0.62676      1.05738      -1.5747      1.90559      1.08045      1.41196     -2.67432
     0.62676      1.05738      -1.5747      1.90559     -2.06115     -1.41196      0.46727
    0.626759      1.04622     -1.56674      1.90559      1.07165      1.40212     -2.66894
    0.626759      1.04622     -1.56674      1.90559     -2.06994     -1.40212     0.472653
  -0.0229536     0.544376   -0.0468103      1.90559    0.0379666     0.692469     -1.52652
  -0.0229536     0.544376   -0.0468103      1.90559     -3.10363    -0.692469      1.61507
  -0.0444891     0.544121  -0.00651272      1.90559   0.00528445       0.6919     -1.48842
  -0.0444891     0.544121  -0.00651272      1.90559     -3.13631      -0.6919      1.65317
  -0.0654931     0.544244    0.0327866      1.90559   -0.0265975     0.692173     -1.45125
  -0.0654931     0.544244    0.0327866      1.90559     -3.16819    -0.692173      1.69034
    -0.72265      1.04234      1.56388      1.90559     -1.06859      1.39864    -0.297487
    -0.72265      1.04234      1.56388      1.90559     -4.21019     -1.39864      2.84411
   -0.722723       1.0535      1.57197      1.90559     -1.07738      1.40856    -0.292056
   -0.722723       1.0535      1.57197      1.90559     -4.21898     -1.40856      2.84954
    0.626784      1.05289     -1.57154      1.90559      1.07691      1.40803     -2.67217
    0.626784      1.05289     -1.57154      1.90559     -2.06468     -1.40803     0.469418
      0.6267      1.04174     -1.56343      1.90559      1.06812       1.3981     -2.66674
      0.6267      1.04174     -1.56343      1.90559     -2.07347      -1.3981     0.474856
  -0.0316076     0.544227   -0.0306149      1.90559    0.0248366     0.692136     -1.51121
  -0.0316076     0.544227   -0.0306149      1.90559     -3.11676    -0.692136      1.63038
  -0.0526122     0.544125   0.00868523      1.90559  -0.00704691     0.691908     -1.47405
  -0.0526122     0.544125   0.00868523      1.90559     -3.14864    -0.691908      1.66755
  -0.0741462       0.5444    0.0489808      1.90559   -0.0397253     0.692524     -1.43595
  -0.0741462       0.5444    0.0489808      1.90559     -3.18132    -0.692524      1.70565
   -0.722704      1.04683      1.56717      1.90559     -1.07213      1.40265    -0.295288
   -0.722704      1.04683      1.56717      1.90559     -4.21372     -1.40265      2.84631
   -0.722694      1.05798      1.57512      1.90559     -1.08092      1.41249    -0.289911
   -0.722694      1.05798      1.57512      1.90559     -4.22251     -1.41249      2.85168
    0.626736      1.05956     -1.57622      1.90559      1.08217      1.41387     -2.67536
    0.626736      1.05956     -1.57622      1.90559     -2.05942     -1.41387      0.46623
    0.626775      1.04841     -1.56833      1.90559      1.07337      1.40406     -2.67001
    0.626775      1.04841     -1.56833      1.90559     -2.06822     -1.40406     0.471587
  -0.0181996     0.544484   -0.0557088      1.90559    0.0451764      0.69271     -1.53493
  -0.0181996     0.544484   -0.0557088      1.90559     -3.09642     -0.69271      1.60666
  -0.0397284     0.544144     -0.01542      1.90559    0.0125113     0.691951     -1.49685
  -0.0397284     0.544144     -0.01542      1.90559     -3.12908    -0.691951      1.64475
  -0.0612722      0.54419    0.0248883      1.90559   -0.0201918     0.692052     -1.45872
  -0.0612722      0.54419    0.0248883      1.90559     -3.16178    -0.692052      1.68287
   -0.722606      1.03988      1.56204      1.90559     -1.06665      1.39642    -0.298706
   -0.722606      1.03988      1.56204      1.90559     -4.20824     -1.39642      2.84289
   -0.722725      1.05103      1.57021      1.90559     -1.07544      1.40638    -0.293245
   -0.722725      1.05103      1.57021      1.90559     -4.21703     -1.40638      2.84835
   -0.722637      1.06218      1.57802      1.90559     -1.08424      1.41614    -0.287919
   -0.722637      1.06218      1.57802      1.90559     -4.22583     -1.41614      2.85367