  -0.0665946      1.66818      1.57055      1.46718     -1.66763       1.5605      2.97189
    0.432784      1.15908   -0.0068444      1.46718     0.012727     0.515374      1.98977
  -0.0665799      1.66261      1.57151      1.46718      -1.6622      1.56202      2.97177
  -0.0665722      1.67192      1.56985      1.46718     -1.67128      1.55941      2.97203
    0.428956      1.15908    0.0131818      1.46718   -0.0245073     0.515487      2.02635
  -0.0665958      1.66612      1.57092      1.46718     -1.66563      1.56107      2.97184
    0.435028      1.15909   -0.0185794      1.46718    0.0345359     0.515639      1.96834
  -0.0665599      1.66056      1.57183      1.46718     -1.66018      1.56255      2.97174
  -0.0665877      1.66986      1.57024      1.46718     -1.66928      1.56002      2.97195
      0.4312      1.15908   0.00144529      1.46718  -0.00268743     0.515334      2.00491
  -0.0665892      1.66406      1.57127      1.46718     -1.66362      1.56163      2.97179
  -0.0665565      1.67337      1.56956      1.46718      -1.6727      1.55898      2.97209
    0.427118       1.1591     0.022795      1.46718   -0.0423632     0.515795      2.04389
  -0.0665954      1.66781      1.57062      1.46718     -1.66727       1.5606      2.97188
    0.433443      1.15908   -0.0102915      1.46718    0.0191355     0.515427      1.98347
  -0.0665768      1.66224      1.57157      1.46718     -1.66183      1.56212      2.97176
  -0.0665776      1.67131      1.56996      1.46718     -1.67069      1.55959        2.972
    0.429361      1.15908    0.0110599      1.46718   -0.0205635     0.515441      2.02248
  -0.0665952      1.66575      1.57099      1.46718     -1.66526      1.56118      2.97183
    0.435434      1.15909   -0.0207009      1.46718    0.0384757     0.515714      1.96447
  -0.0665554      1.66018      1.57189      1.46718     -1.65982      1.56265      2.97174
  -0.0665908      1.66926      1.57035      1.46718     -1.66869      1.56019      2.97193
    0.431605      1.15908 -0.000676155      1.46718   0.00125751     0.515333      2.00104
  -0.0665872      1.66369      1.57133      1.46718     -1.66325      1.56173      2.97178
  -0.0665609        1.673      1.56963      1.46718     -1.67234      1.55909      2.97207
    0.427777      1.15909    0.0193464      1.46718   -0.0359601     0.515665       2.0376
  -0.0665959      1.66743      1.57069      1.46718     -1.66691      1.56071      2.97187
    0.433849      1.15908   -0.0124134      1.46718    0.0230795      0.51547       1.9796
  -0.0665713      1.66164      1.57167      1.46718     -1.66124      1.56228      2.97175
  -0.0665805      1.67094      1.57004      1.46718     -1.67033       1.5597      2.97199
    0.429767      1.15908    0.0089379      1.46718   -0.0166188     0.515403       2.0186
  -0.0665944      1.66538      1.57105      1.46718      -1.6649      1.56128      2.97182
    0.436093       1.1591   -0.0241479      1.46718    0.0448746     0.515851      1.95818
  -0.0665477      1.65958      1.57198      1.46718     -1.65923       1.5628      2.97173
  -0.0665923      1.66889      1.57042      1.46718     -1.66833       1.5603      2.97192
    0.432011      1.15908  -0.00279889      1.46718   0.00520481     0.515339      1.99716
  -0.0665849      1.66332      1.57139      1.46718     -1.66289      1.56183      2.97178
  -0.0665675      1.67239      1.56975      1.46718     -1.67175      1.55927      2.97205
    0.428182      1.15909    0.0172261      1.46718   -0.0320219     0.515596      2.03373
  -0.0665963      1.66683       1.5708      1.46718     -1.66632      1.56088      2.97186
    0.434255      1.15909   -0.0145359      1.46718     0.027024      0.51552      1.97572
  -0.0665676      1.66126      1.57172      1.46718     -1.66088      1.56237      2.97175
  -0.0665833      1.67057      1.57011      1.46718     -1.66997      1.55981      2.97197
    0.430426      1.15908   0.00549003      1.46718   -0.0102085     0.515359       2.0123
  -0.0665924      1.66477      1.57115      1.46718     -1.66431      1.56144      2.97181
  -0.0665474      1.67408      1.56941      1.46718     -1.67339      1.55877      2.97212
  -0.0665936      1.66851      1.57049      1.46718     -1.66796       1.5604       2.9719
     0.43267      1.15908  -0.00624758      1.46718    0.0116174     0.515367      1.99086
  -0.0665807      1.66272      1.57149      1.46718      -1.6623      1.56199      2.97177
  -0.0665712      1.67202      1.56983      1.46718     -1.67138      1.55938      2.97203
    0.428588      1.15909    0.0151036      1.46718   -0.0280785     0.515535      2.02986
  -0.0665962      1.66646      1.57086      1.46718     -1.66595      1.56098      2.97185
    0.434914      1.15909   -0.0179841      1.46718    0.0334302      0.51562      1.96943
  -0.0665637      1.66089      1.57178      1.46718     -1.66051      1.56247      2.97174
  -0.0665871      1.66997      1.57022      1.46718     -1.66938      1.55999      2.97195
    0.430832      1.15908   0.00336871      1.46718  -0.00626406     0.515342      2.00843
  -0.0665909       1.6644      1.57122      1.46718     -1.66395      1.56154       2.9718
  -0.0665523      1.67371      1.56949      1.46718     -1.67303      1.55888       2.9721
  -0.0665952      1.66791       1.5706      1.46718     -1.66737      1.56057      2.97189