    -1.23181      1.25724      1.56661      2.00469     -1.28628      1.43711    -0.789249
    -1.23188      1.26841      1.57136      2.00469     -1.29475      1.44576    -0.786785
    -1.23176      1.27987      1.57587      2.00469     -1.30353      1.45435    -0.784291
   -0.567417     0.699947   -0.0343349      2.00469    0.0521884     0.437766     -2.18325
   -0.584758     0.699814   0.00319368      2.00469   -0.0048591     0.437093     -2.12021
   -0.602541     0.700011    0.0416797      2.00469    -0.063321     0.438087      -2.0556
    -1.23186      1.26156      1.56849      2.00469     -1.28954      1.44049    -0.788292
    -1.23185      1.27301      1.57322      2.00469     -1.29826      1.44925    -0.785779
   -0.556345       0.7002   -0.0582969      2.00469    0.0884381     0.439042     -2.22333
   -0.574121     0.699858   -0.0198258      2.00469    0.0301557     0.437313      -2.1589
   -0.591908     0.699853    0.0186676      2.00469   -0.0283947     0.437288      -2.0942
   -0.609241     0.700173    0.0561795      2.00469   -0.0852437     0.438903     -2.03136
    -1.23177      1.25471      1.56549      2.00469     -1.28437      1.43512    -0.789812
    -1.23188      1.26616      1.57043      2.00469     -1.29304      1.44404    -0.787278
     -1.2318      1.27733      1.57491      2.00469     -1.30158      1.45248    -0.784839
   -0.563488     0.700022    -0.042837      2.00469     0.065074     0.438143      -2.1975
   -0.580827     0.699817  -0.00531256      2.00469   0.00808332     0.437103     -2.13451
   -0.598613     0.699939     0.033178      2.00469   -0.0504329     0.437721     -2.06984
    -1.23183      1.25903      1.56739      2.00469     -1.28763      1.43851    -0.788852
    -1.23187      1.27048       1.5722      2.00469     -1.29633      1.44734    -0.786332
    -1.23173      1.28165      1.57655      2.00469     -1.30491      1.45567    -0.783904
   -0.570191     0.699905   -0.0283306      2.00469    0.0430762     0.437549     -2.17318
   -0.587978     0.699825    0.0101627      2.00469   -0.0154614     0.437146     -2.10849
   -0.605315     0.700072    0.0476819      2.00469   -0.0724056     0.438396     -2.04555
    -1.23172      1.25218      1.56434      2.00469     -1.28248       1.4331    -0.790378
    -1.23187      1.26363      1.56937      2.00469     -1.29111       1.4421    -0.787835
    -1.23184       1.2748      1.57392      2.00469     -1.29963      1.45059     -0.78539
   -0.559561     0.700113   -0.0513364      2.00469    0.0779308     0.438604     -2.21171
   -0.576897     0.699835   -0.0138184      2.00469     0.021022     0.437197     -2.14881
   -0.594684     0.699883    0.0246739      2.00469   -0.0375223     0.437438     -2.08411
   -0.612456     0.700267    0.0631401      2.00469   -0.0957359      0.43938     -2.01975
     -1.2318      1.25678      1.56641      2.00469     -1.28594      1.43675    -0.789351
    -1.23188      1.26795      1.57117      2.00469      -1.2944      1.44541    -0.786886
    -1.23177      1.27941       1.5757      2.00469     -1.30318      1.45402     -0.78439
   -0.566262     0.699968   -0.0368332      2.00469     0.055977     0.437868     -2.18744
   -0.584047     0.699814     0.001656      2.00469  -0.00251948     0.437088     -2.12279
   -0.601387     0.699988    0.0391819      2.00469   -0.0595367     0.437971     -2.05978
    -1.23185       1.2611      1.56829      2.00469      -1.2892      1.44013    -0.788393
    -1.23186      1.27227      1.57292      2.00469     -1.29769      1.44869    -0.785941
   -0.555636     0.700221   -0.0598327      2.00469    0.0907536     0.439146     -2.22589
   -0.573411     0.699865   -0.0213637      2.00469    0.0324931      0.43735     -2.16149
   -0.590754     0.699843    0.0161691      2.00469   -0.0245963     0.437238      -2.0984
   -0.608531     0.700153    0.0546435      2.00469   -0.0829253     0.438805     -2.03392
    -1.23176      1.25425      1.56528      2.00469     -1.28403      1.43475    -0.789914
    -1.23188      1.26542      1.57012      2.00469     -1.29247      1.44347    -0.787441
    -1.23181      1.27688      1.57473      2.00469     -1.30123      1.45214    -0.784939
   -0.562779     0.700038   -0.0443726      2.00469    0.0673988      0.43822     -2.20007
   -0.580117     0.699819  -0.00685108      2.00469     0.010424     0.437114      -2.1371
   -0.597459      0.69992    0.0306796      2.00469   -0.0466417     0.437629     -2.07403
    -1.23183      1.25857      1.56719      2.00469     -1.28728      1.43816    -0.788954
    -1.23187      1.27003      1.57202      2.00469     -1.29598      1.44699    -0.786432
    -1.23173       1.2812      1.57637      2.00469     -1.30455      1.45533    -0.784003
   -0.569481     0.699915   -0.0298676      2.00469    0.0454096     0.437601     -2.17576
   -0.586823      0.69982   0.00766277      2.00469   -0.0116585     0.437121     -2.11269
   -0.604605     0.700056    0.0461462      2.00469   -0.0700825     0.438313     -2.04812
    -1.23171      1.25172      1.56413      2.00469     -1.28213      1.43274     -0.79048
    -1.23187      1.26289      1.56905      2.00469     -1.29055      1.44152    -0.787999
    -1.23184      1.27434      1.57374      2.00469     -1.29928      1.45025    -0.785489
   -0.558408     0.700143    -0.053833      2.00469     0.081702     0.438755     -2.21588
   -0.576186      0.69984   -0.0153574      2.00469    0.0233624     0.437223     -2.15139
   -0.593973     0.699874    0.0231377      2.00469   -0.0351885     0.437395     -2.08669
   -0.611303     0.700232    0.0606439      2.00469   -0.0919757     0.439202     -2.02391
    -1.23179      1.25604      1.56608      2.00469     -1.28538      1.43617    -0.789516
    -1.23188      1.26749      1.57098      2.00469     -1.29405      1.44506    -0.786986
    -1.23178      1.27895      1.57553      2.00469     -1.30282      1.45368    -0.784489
   -0.565552     0.699981   -0.0383707      2.00469    0.0583076     0.437935     -2.19002
   -0.583337     0.699813  0.000118434      2.00469 -0.000180007     0.437087     -2.12538
   -0.600677     0.699975    0.0376453      2.00469   -0.0572077     0.437903     -2.06235
    -1.23185      1.26064      1.56809      2.00469     -1.28885      1.43978    -0.788495
    -1.23186      1.27181      1.57274      2.00469     -1.29734      1.44834    -0.786041
   -0.554927     0.700242    -0.061368      2.00469    0.0930673     0.439253     -2.22845
   -0.572256     0.699878   -0.0238612      2.00469     0.036288     0.437415     -2.16568
   -0.590043     0.699838    0.0146308      2.00469   -0.0222571      0.43721     -2.10098
   -0.607378     0.700123    0.0521477      2.00469   -0.0791561     0.438652     -2.03809
    -1.23175      1.25379      1.56507      2.00469     -1.28369      1.43439    -0.790016
    -1.23188      1.26496      1.56993      2.00469     -1.29212      1.44312    -0.787542
    -1.23182      1.27613      1.57444      2.00469     -1.30065      1.45159      -0.7851
   -0.561625     0.700063   -0.0468717      2.00469    0.0711805     0.438352     -2.20425
   -0.579406     0.699821    -0.008389      2.00469    0.0127637     0.437127     -2.13968
   -0.596748      0.69991    0.0291418      2.00469   -0.0443075     0.437576     -2.07661
    -1.23182      1.25782      1.56687      2.00469     -1.28672      1.43757    -0.789119
    -1.23188      1.26928      1.57172      2.00469     -1.29541      1.44643    -0.786594
    -1.23174      1.28074       1.5762      2.00469      -1.3042        1.455    -0.784101
   -0.568327     0.699933   -0.0323657      2.00469     0.049201      0.43769     -2.17995
   -0.586113     0.699818   0.00612581      2.00469  -0.00932022     0.437108     -2.11528
   -0.603895      0.70004    0.0446095      2.00469   -0.0677569     0.438233     -2.05069
    -1.23186      1.26243      1.56886      2.00469      -1.2902      1.44116      -0.7881
    -1.23185      1.27389      1.57356      2.00469     -1.29893      1.44991    -0.785589
   -0.557698     0.700162   -0.0553695      2.00469    0.0840216     0.438851     -2.21845
   -0.575476     0.699846   -0.0168939      2.00469    0.0256987     0.437251     -2.15398
   -0.593263     0.699866    0.0215984      2.00469   -0.0328494     0.437355     -2.08928
   -0.610594     0.700211    0.0591081      2.00469   -0.0896609     0.439097     -2.02647
    -1.23178      1.25558      1.56588      2.00469     -1.28503      1.43581    -0.789618
    -1.23188      1.26704      1.57079      2.00469      -1.2937      1.44471    -0.787086
    -1.23179      1.27821      1.57524      2.00469     -1.30225      1.45313     -0.78465
   -0.564842     0.699995    -0.039907      2.00469    0.0606358     0.438004     -2.19259
   -0.582182     0.699814  -0.00238127      2.00469   0.00362339      0.43709     -2.12958
   -0.599967     0.699962    0.0361079      2.00469   -0.0548769     0.437838     -2.06493
    -1.23184       1.2599      1.56777      2.00469     -1.28829       1.4392    -0.788659
    -1.23187      1.27136      1.57255      2.00469     -1.29699        1.448    -0.786141
   -0.554217     0.700264   -0.0629041      2.00469    0.0953808     0.439363     -2.23101
   -0.571546     0.699887   -0.0253989      2.00469    0.0386239     0.437459     -2.16826
   -0.589333     0.699833    0.0130935      2.00469   -0.0199192     0.437186     -2.10357
   -0.606668     0.700105    0.0506114      2.00469   -0.0768348     0.438561     -2.04066
    -1.23174      1.25305      1.56474      2.00469     -1.28313       1.4338    -0.790182
    -1.23187      1.26422      1.56962      2.00469     -1.29156      1.44255    -0.787706
    -1.23183      1.27567      1.57426      2.00469      -1.3003      1.45124      -0.7852
   -0.560915      0.70008   -0.0484068      2.00469    0.0735023     0.438436     -2.20681
   -0.578251     0.699827   -0.0108882      2.00469    0.0165654     0.437155     -2.14388
   -0.596038       0.6999     0.027604      2.00469   -0.0419725     0.437526     -2.07919
    -1.23181      1.25737      1.56667      2.00469     -1.28638      1.43721    -0.789221
    -1.23188      1.26882      1.57153      2.00469     -1.29506      1.44608    -0.786695
    -1.23175      1.28028      1.57603      2.00469     -1.30385      1.45466    -0.784201
   -0.567616     0.699944   -0.0339031      2.00469    0.0515333     0.437749     -2.18253
   -0.585402     0.699816   0.00458729      2.00469  -0.00697947     0.437099     -2.11786
   -0.603185     0.700025    0.0430725      2.00469   -0.0654301     0.438155     -2.05326
    -1.23186      1.26197      1.56867      2.00469     -1.28986      1.44081    -0.788201
    -1.23185      1.27314      1.57327      2.00469     -1.29836      1.44935    -0.785751
   -0.556989     0.700182   -0.0569053      2.00469    0.0863391      0.43895     -2.22101
   -0.574765     0.699852   -0.0184325      2.00469    0.0280378     0.437282     -2.15656
   -0.592108     0.699855    0.0191001      2.00469   -0.0290523     0.437297     -2.09347
    -0.60944     0.700178    0.0566119      2.00469   -0.0858961     0.438931     -2.03064
    -1.23178      1.25512      1.56567      2.00469     -1.28469      1.43544     -0.78972
    -1.23188      1.26629      1.57049      2.00469     -1.29313      1.44414     -0.78725
     -1.2318      1.27775      1.57507      2.00469      -1.3019      1.45279    -0.784749
   -0.563688     0.700018   -0.0424044      2.00469    0.0644188     0.438122     -2.19677
   -0.581027     0.699816  -0.00487995      2.00469   0.00742513     0.437101     -2.13378
   -0.598813     0.699942    0.0336096      2.00469   -0.0510877     0.437738     -2.06912
    -1.23184      1.25944      1.56757      2.00469     -1.28794      1.43884    -0.788761
    -1.23187       1.2709      1.57237      2.00469     -1.29664      1.44765    -0.786241
    -1.23172      1.28207       1.5767      2.00469     -1.30523      1.45597    -0.783814
   -0.570391     0.699902   -0.0278974      2.00469    0.0424185     0.437535     -2.17245
   -0.588178     0.699826    0.0105935      2.00469   -0.0161167     0.437151     -2.10777
   -0.605514     0.700077    0.0481148      2.00469   -0.0730603     0.438419     -2.04483
    -1.23173      1.25259      1.56453      2.00469     -1.28279      1.43343    -0.790285
    -1.23187      1.26405      1.56955      2.00469     -1.29143      1.44241    -0.787743
    -1.23183       1.2755       1.5742      2.00469     -1.30017      1.45111    -0.785237
   -0.559761     0.700108   -0.0509045      2.00469    0.0772781     0.438578     -2.21099
   -0.577541     0.699831   -0.0124257      2.00469     0.018904     0.437176     -2.14647
   -0.595328     0.699891    0.0260675      2.00469   -0.0396391     0.437478     -2.08177
   -0.612212      0.70026    0.0626109      2.00469    -0.094939     0.439342     -2.02063
     -1.2318      1.25691      1.56647      2.00469     -1.28603      1.43685    -0.789322
    -1.23188      1.26837      1.57134      2.00469     -1.29471      1.44573    -0.786795
    -1.23176      1.27982      1.57586      2.00469      -1.3035      1.45432      -0.7843