    -1.19568      1.48247      1.57007      1.41136     -1.48347      1.58409     -1.28549
    -1.19567      1.49149      1.57152      1.41136      -1.4926      1.58409     -1.28549
   -0.713132       1.0165  -0.00564337      1.41136   0.00732957     0.713754     -2.22336
     -1.1957      1.48609      1.57069      1.41136     -1.48715      1.58413      -1.2855
   -0.717133      1.01651    0.0107797      1.41136   -0.0139997     0.713803     -2.20259
    -1.19569       1.4895      1.57123      1.41136     -1.49059      1.58411      -1.2855
   -0.710787      1.01651   -0.0152686      1.41136    0.0198285     0.713872     -2.23553
    -1.19569       1.4841      1.57036      1.41136     -1.48512      1.58411      -1.2855
   -0.715053       1.0165   0.00224125      1.41136  -0.00291081     0.713738     -2.21339
     -1.1957       1.4875      1.57092      1.41136     -1.48857      1.58413      -1.2855
   -0.719054      1.01652    0.0186638      1.41136   -0.0242359      0.71394     -2.19263
    -1.19568      1.48211      1.57001      1.41136      -1.4831      1.58408     -1.28549
    -1.19568      1.49113      1.57147      1.41136     -1.49224      1.58409     -1.28549
   -0.712708       1.0165   -0.0073837      1.41136   0.00958976     0.713767     -2.22556
    -1.19569      1.48551       1.5706      1.41136     -1.48655      1.58412      -1.2855
   -0.716709      1.01651   0.00903928      1.41136   -0.0117396     0.713783     -2.20479
    -1.19569      1.48913      1.57117      1.41136     -1.49023      1.58412      -1.2855
   -0.710363      1.01652   -0.0170089      1.41136    0.0220878     0.713905     -2.23773
    -1.19569      1.48374       1.5703      1.41136     -1.48476      1.58411      -1.2855
   -0.714364       1.0165 -0.000585675      1.41136  0.000760789     0.713736     -2.21696
     -1.1957      1.48714      1.57086      1.41136     -1.48821      1.58413      -1.2855
    -0.71863      1.01652    0.0169244      1.41136   -0.0219779     0.713903     -2.19483
    -1.19567      1.48175      1.56994      1.41136     -1.48273      1.58408     -1.28549
    -1.19568      1.49077      1.57142      1.41136     -1.49188       1.5841     -1.28549
   -0.712284      1.01651  -0.00912327      1.41136    0.0118489     0.713784     -2.22776
    -1.19569      1.48515      1.57054      1.41136     -1.48619      1.58412      -1.2855
   -0.716285       1.0165   0.00729883      1.41136   -0.0094793     0.713767     -2.20699
    -1.19569      1.48855      1.57108      1.41136     -1.48963      1.58412      -1.2855
   -0.709939      1.01652   -0.0187498      1.41136    0.0243477     0.713941     -2.23993
    -1.19568      1.48315      1.57019      1.41136     -1.48416       1.5841     -1.28549
    -0.71394       1.0165   -0.0023253      1.41136   0.00302019     0.713739     -2.21916
     -1.1957      1.48678       1.5708      1.41136     -1.48784      1.58413      -1.2855
   -0.717941      1.01651    0.0140969      1.41136   -0.0183069     0.713852      -2.1984
    -1.19568      1.49018      1.57133      1.41136     -1.49128      1.58411     -1.28549
   -0.711595      1.01651   -0.0119519      1.41136     0.015522     0.713819     -2.23134
    -1.19569      1.48479      1.57048      1.41136     -1.48582      1.58412      -1.2855
   -0.715861       1.0165   0.00556034      1.41136  -0.00722151     0.713753     -2.20919
    -1.19569      1.48819      1.57103      1.41136     -1.48927      1.58412      -1.2855
    -1.19568      1.48279      1.57013      1.41136      -1.4838       1.5841     -1.28549
   -0.713516       1.0165  -0.00406575      1.41136   0.00528065     0.713745     -2.22136
     -1.1957      1.48619      1.57071      1.41136     -1.48725      1.58413      -1.2855
   -0.717517      1.01651    0.0123572      1.41136   -0.0160481     0.713825      -2.2006
    -1.19569      1.48982      1.57128      1.41136     -1.49092      1.58411      -1.2855
   -0.711171      1.01651    -0.013692      1.41136    0.0177815     0.713845     -2.23354
    -1.19569      1.48443      1.57041      1.41136     -1.48546      1.58412      -1.2855
   -0.715172       1.0165   0.00273138      1.41136  -0.00354738      0.71374     -2.21277
    -1.19569      1.48805      1.57101      1.41136     -1.48913      1.58412      -1.2855
    -1.19568      1.48243      1.57007      1.41136     -1.48343      1.58409     -1.28549
    -1.19567      1.49146      1.57152      1.41136     -1.49257      1.58409     -1.28549