   -0.704128      1.25126      1.57054      1.98862     -1.27722      1.44276    -0.263516
   -0.704128      1.25126      1.57054      1.98862     -4.41882     -1.44276      2.87808
  -0.0465034     0.690105   -0.0206267      1.98862    0.0293946     0.463142     -1.61772
  -0.0465034     0.690105   -0.0206267      1.98862      -3.1122    -0.463142      1.52387
  -0.0639805     0.690089    0.0169174      1.98862   -0.0241108     0.463067     -1.55837
  -0.0639805     0.690089    0.0169174      1.98862      -3.1657    -0.463067      1.58322
   -0.704088      1.24443      1.56749      1.98862     -1.27201      1.43744    -0.265124
   -0.704088      1.24443      1.56749      1.98862      -4.4136     -1.43744      2.87647
   -0.704118      1.25556       1.5724      1.98862     -1.28053      1.44606     -0.26251
   -0.704118      1.25556       1.5724      1.98862     -4.42212     -1.44606      2.87908
  -0.0532612      0.69006  -0.00610955      1.98862    0.0087093     0.462933     -1.59478
  -0.0532612      0.69006  -0.00610955      1.98862     -3.13288    -0.462933      1.54681
  -0.0711847     0.690176    0.0323939      1.98862   -0.0461413     0.463477     -1.53394
  -0.0711847     0.690176    0.0323939      1.98862     -3.18773    -0.463477      1.60766
   -0.704121      1.24873      1.56943      1.98862     -1.27529      1.44081    -0.264108
   -0.704121      1.24873      1.56943      1.98862     -4.41688     -1.44081      2.87748
   -0.704078      1.26015      1.57432      1.98862     -1.28406      1.44953    -0.261443
   -0.704078      1.26015      1.57432      1.98862     -4.42566     -1.44953      2.88015
  -0.0425433     0.690153    -0.029134      1.98862    0.0415047     0.463369     -1.63116
  -0.0425433     0.690153    -0.029134      1.98862     -3.10009    -0.463369      1.51043
  -0.0604673     0.690066   0.00937051      1.98862   -0.0133569     0.462961      -1.5703
  -0.0604673     0.690066   0.00937051      1.98862     -3.15495    -0.462961      1.57129
   -0.704127      1.25332      1.57144      1.98862     -1.27881      1.44434    -0.263032
   -0.704127      1.25332      1.57144      1.98862      -4.4204     -1.44434      2.87856
  -0.0493003     0.690081   -0.0146183      1.98862    0.0208357     0.463028     -1.60823
  -0.0493003     0.690081   -0.0146183      1.98862     -3.12076    -0.463028      1.53336
  -0.0672249     0.690121    0.0238873      1.98862    -0.034037      0.46322     -1.54736
  -0.0672249     0.690121    0.0238873      1.98862     -3.17563     -0.46322      1.59423
   -0.704105      1.24621      1.56829      1.98862     -1.27337      1.43884    -0.264703
   -0.704105      1.24621      1.56829      1.98862     -4.41496     -1.43884      2.87689
   -0.704104      1.25762      1.57327      1.98862     -1.28212      1.44763    -0.262028
   -0.704104      1.25762      1.57327      1.98862     -4.42371     -1.44763      2.87956
  -0.0385841     0.690218   -0.0376397      1.98862    0.0535986     0.463674     -1.64458
  -0.0385841     0.690218   -0.0376397      1.98862     -3.08799    -0.463674      1.49702
  -0.0565063     0.690056  0.000861444      1.98862  -0.00122783     0.462914     -1.58376
  -0.0565063     0.690056  0.000861444      1.98862     -3.14282    -0.462914      1.55784
  -0.0739804     0.690225    0.0384003      1.98862    -0.054679     0.463705     -1.52446
  -0.0739804     0.690225    0.0384003      1.98862     -3.19627    -0.463705      1.61713
   -0.704127       1.2508      1.57034      1.98862     -1.27687       1.4424    -0.263623
   -0.704127       1.2508      1.57034      1.98862     -4.41847      -1.4424      2.87797
  -0.0453398     0.690117   -0.0231264      1.98862     0.032954     0.463201     -1.62167
  -0.0453398     0.690117   -0.0231264      1.98862     -3.10864    -0.463201      1.51992
  -0.0632645     0.690083    0.0153792      1.98862   -0.0219194      0.46304     -1.56081
  -0.0632645     0.690083    0.0153792      1.98862     -3.16351     -0.46304      1.58079
   -0.704079      1.24369      1.56715      1.98862     -1.27145      1.43686    -0.265299
   -0.704079      1.24369      1.56715      1.98862     -4.41304     -1.43686      2.87629
    -0.70412       1.2551       1.5722      1.98862     -1.28018      1.44571    -0.262616
    -0.70412       1.2551       1.5722      1.98862     -4.42177     -1.44571      2.87898
  -0.0525452     0.690063  -0.00764767      1.98862    0.0109017     0.462945     -1.59721
  -0.0525452     0.690063  -0.00764767      1.98862     -3.13069    -0.462945      1.54438
  -0.0700213     0.690158    0.0298947      1.98862   -0.0425865     0.463393     -1.53788
  -0.0700213     0.690158    0.0298947      1.98862     -3.18418    -0.463393      1.60371
   -0.704119      1.24828      1.56922      1.98862     -1.27494      1.44045    -0.264216
   -0.704119      1.24828      1.56922      1.98862     -4.41654     -1.44045      2.87738
   -0.704086      1.25941      1.57401      1.98862     -1.28349      1.44897    -0.261615
   -0.704086      1.25941      1.57401      1.98862     -4.42508     -1.44897      2.87998
  -0.0418275     0.690164   -0.0306717      1.98862    0.0436922     0.463418     -1.63359
  -0.0418275     0.690164   -0.0306717      1.98862      -3.0979    -0.463418      1.50801
  -0.0593035     0.690062   0.00687042      1.98862  -0.00979346     0.462939     -1.57426
  -0.0593035     0.690062   0.00687042      1.98862     -3.15139    -0.462939      1.56734
   -0.704128      1.25258      1.57112      1.98862     -1.27824      1.44378    -0.263205
   -0.704128      1.25258      1.57112      1.98862     -4.41983     -1.44378      2.87839
  -0.0485843     0.690086   -0.0161564      1.98862    0.0230271     0.463054     -1.61066
  -0.0485843     0.690086   -0.0161564      1.98862     -3.11857    -0.463054      1.53093
   -0.066509     0.690113    0.0223493      1.98862   -0.0318473     0.463182     -1.54979
   -0.066509     0.690113    0.0223493      1.98862     -3.17344    -0.463182       1.5918
   -0.704101      1.24576      1.56809      1.98862     -1.27302      1.43848    -0.264811
   -0.704101      1.24576      1.56809      1.98862     -4.41461     -1.43848      2.87678
   -0.704107      1.25717      1.57308      1.98862     -1.28177      1.44728    -0.262135
   -0.704107      1.25717      1.57308      1.98862     -4.42336     -1.44728      2.87946
  -0.0557902     0.690056 -0.000676859      1.98862  0.000965069     0.462914     -1.58619
  -0.0557902     0.690056 -0.000676859      1.98862     -3.14063    -0.462914       1.5554
  -0.0732648     0.690211    0.0368627      1.98862   -0.0524942     0.463643     -1.52689
  -0.0732648     0.690211    0.0368627      1.98862     -3.19409    -0.463643      1.61471
   -0.704126      1.25006      1.57001      1.98862     -1.27631      1.44183    -0.263797
   -0.704126      1.25006      1.57001      1.98862      -4.4179     -1.44183       2.8778
  -0.0446239     0.690126   -0.0246644      1.98862    0.0351437      0.46324      -1.6241
  -0.0446239     0.690126   -0.0246644      1.98862     -3.10645     -0.46324      1.51749
  -0.0625484     0.690078    0.0138411      1.98862   -0.0197278     0.463016     -1.56324
  -0.0625484     0.690078    0.0138411      1.98862     -3.16132    -0.463016      1.57836
   -0.704074      1.24324      1.56694      1.98862      -1.2711       1.4365    -0.265408
   -0.704074      1.24324      1.56694      1.98862     -4.41269      -1.4365      2.87618
   -0.704122      1.25465      1.57201      1.98862     -1.27982      1.44536    -0.262722
   -0.704122      1.25465      1.57201      1.98862     -4.42142     -1.44536      2.87887
  -0.0518291     0.690066  -0.00918599      1.98862    0.0130943     0.462959     -1.59964
  -0.0518291     0.690066  -0.00918599      1.98862      -3.1285    -0.462959      1.54195
  -0.0693055     0.690148    0.0283569      1.98862   -0.0403987     0.463345     -1.54031
  -0.0693055     0.690148    0.0283569      1.98862     -3.18199    -0.463345      1.60129
   -0.704114      1.24754      1.56889      1.98862     -1.27438      1.43987     -0.26439
   -0.704114      1.24754      1.56889      1.98862     -4.41597     -1.43987       2.8772
   -0.704091      1.25895      1.57382      1.98862     -1.28314      1.44863    -0.261721
   -0.704091      1.25895      1.57382      1.98862     -4.42473     -1.44863      2.87987
  -0.0406642     0.690182   -0.0331708      1.98862    0.0472464     0.463504     -1.63753
  -0.0406642     0.690182   -0.0331708      1.98862     -3.09435    -0.463504      1.50406
  -0.0585875     0.690059   0.00533218      1.98862  -0.00760084     0.462929     -1.57669
  -0.0585875     0.690059   0.00533218      1.98862     -3.14919    -0.462929       1.5649
   -0.704128      1.25213      1.57092      1.98862     -1.27789      1.44343    -0.263312
   -0.704128      1.25213      1.57092      1.98862     -4.41948     -1.44343      2.87828
  -0.0478683     0.690092   -0.0176945      1.98862    0.0252182     0.463082     -1.61309
  -0.0478683     0.690092   -0.0176945      1.98862     -3.11637    -0.463082       1.5285
  -0.0653454     0.690101    0.0198496      1.98862   -0.0282875     0.463125     -1.55374
  -0.0653454     0.690101    0.0198496      1.98862     -3.16988    -0.463125      1.58785
   -0.704097       1.2453      1.56788      1.98862     -1.27267      1.43812    -0.264918
   -0.704097       1.2453      1.56788      1.98862     -4.41426     -1.43812      2.87667
   -0.704111      1.25671      1.57289      1.98862     -1.28141      1.44693    -0.262241
   -0.704111      1.25671      1.57289      1.98862     -4.42301     -1.44693      2.87935
  -0.0546264     0.690057  -0.00317703      1.98862   0.00452911     0.462919     -1.59014
  -0.0546264     0.690057  -0.00317703      1.98862     -3.13706    -0.462919      1.55145
  -0.0725491     0.690199    0.0353252      1.98862    -0.050309     0.463583     -1.52931
  -0.0725491     0.690199    0.0353252      1.98862      -3.1919    -0.463583      1.61228
   -0.704124       1.2496      1.56981      1.98862     -1.27596      1.44148    -0.263904
   -0.704124       1.2496      1.56981      1.98862     -4.41755     -1.44148      2.87769
   -0.704071      1.26073      1.57456      1.98862     -1.28452      1.44997    -0.261308
   -0.704071      1.26073      1.57456      1.98862     -4.42611     -1.44997      2.88029
   -0.043908     0.690134   -0.0262022      1.98862    0.0373325     0.463282     -1.62653
   -0.043908     0.690134   -0.0262022      1.98862     -3.10426    -0.463282      1.51506
  -0.0613847     0.690071    0.0113412      1.98862   -0.0161655     0.462982     -1.56719
  -0.0613847     0.690071    0.0113412      1.98862     -3.15776    -0.462982       1.5744
   -0.704068      1.24278      1.56673      1.98862     -1.27075      1.43614    -0.265516
   -0.704068      1.24278      1.56673      1.98862     -4.41234     -1.43614      2.87608
   -0.704125      1.25391      1.57169      1.98862     -1.27926      1.44479    -0.262896
   -0.704125      1.25391      1.57169      1.98862     -4.42085     -1.44479       2.8787
  -0.0506653     0.690072   -0.0116859      1.98862    0.0166571     0.462987     -1.60359
  -0.0506653     0.690072   -0.0116859      1.98862     -3.12494    -0.462987        1.538
  -0.0685897     0.690138    0.0268191      1.98862   -0.0382102       0.4633     -1.54273
  -0.0685897     0.690138    0.0268191      1.98862      -3.1798      -0.4633      1.59886
   -0.704111      1.24708      1.56869      1.98862     -1.27403      1.43952    -0.264498
   -0.704111      1.24708      1.56869      1.98862     -4.41562     -1.43952      2.87709
   -0.704099      1.25821      1.57351      1.98862     -1.28257      1.44807    -0.261893
   -0.704099      1.25821      1.57351      1.98862     -4.42416     -1.44807       2.8797
  -0.0399485     0.690194   -0.0347086      1.98862    0.0494328      0.46356     -1.63995
  -0.0399485     0.690194   -0.0347086      1.98862     -3.09216     -0.46356      1.50164
  -0.0574237     0.690057   0.00283222      1.98862  -0.00403721     0.462918     -1.58064
  -0.0574237     0.690057   0.00283222      1.98862     -3.14563    -0.462918      1.56095
   -0.704128      1.25138      1.57059      1.98862     -1.27732      1.44285    -0.263486
   -0.704128      1.25138      1.57059      1.98862     -4.41891     -1.44285      2.87811
  -0.0467047     0.690103   -0.0201945      1.98862    0.0287791     0.463132     -1.61704
  -0.0467047     0.690103   -0.0201945      1.98862     -3.11281    -0.463132      1.52455
  -0.0646294     0.690094    0.0183115      1.98862   -0.0260967     0.463093     -1.55617
  -0.0646294     0.690094    0.0183115      1.98862     -3.16769    -0.463093      1.58542
   -0.704089      1.24456      1.56754      1.98862     -1.27211      1.43754    -0.265094
   -0.704089      1.24456      1.56754      1.98862      -4.4137     -1.43754       2.8765
   -0.704116      1.25597      1.57257      1.98862     -1.28084      1.44637    -0.262414
   -0.704116      1.25597      1.57257      1.98862     -4.42244     -1.44637      2.87918
  -0.0539103     0.690059  -0.00471516      1.98862   0.00672168     0.462925     -1.59257
  -0.0539103     0.690059  -0.00471516      1.98862     -3.13487    -0.462925      1.54902
  -0.0713859     0.690179    0.0328262      1.98862    -0.046756     0.463492     -1.53325
  -0.0713859     0.690179    0.0328262      1.98862     -3.18835    -0.463492      1.60834
   -0.704123      1.24915      1.56961      1.98862     -1.27561      1.44113    -0.264011
   -0.704123      1.24915      1.56961      1.98862      -4.4172     -1.44113      2.87758
   -0.704076      1.26027      1.57437      1.98862     -1.28416      1.44963    -0.261413
   -0.704076      1.26027      1.57437      1.98862     -4.42576     -1.44963      2.88018
  -0.0427446      0.69015   -0.0287016      1.98862    0.0408895     0.463356     -1.63048
  -0.0427446      0.69015   -0.0287016      1.98862      -3.1007    -0.463356      1.51112
  -0.0606687     0.690067   0.00980301      1.98862   -0.0139733     0.462965     -1.56962
  -0.0606687     0.690067   0.00980301      1.98862     -3.15557    -0.462965      1.57197
   -0.704126      1.25345      1.57149      1.98862     -1.27891      1.44444    -0.263002
   -0.704126      1.25345      1.57149      1.98862      -4.4205     -1.44444      2.87859
  -0.0499493     0.690076    -0.013224      1.98862    0.0188489     0.463007     -1.60603
  -0.0499493     0.690076    -0.013224      1.98862     -3.12274    -0.463007      1.53557
  -0.0674262     0.690124    0.0243196      1.98862   -0.0346524     0.463231     -1.54668
  -0.0674262     0.690124    0.0243196      1.98862     -3.17624    -0.463231      1.59491
   -0.704108      1.24663      1.56848      1.98862     -1.27368      1.43916    -0.264605
   -0.704108      1.24663      1.56848      1.98862     -4.41527     -1.43916      2.87699
     -0.7041      1.25804      1.57344      1.98862     -1.28244      1.44794    -0.261933
     -0.7041      1.25804      1.57344      1.98862     -4.42403     -1.44794      2.87966
  -0.0387853     0.690214   -0.0372075      1.98862    0.0529845     0.463656     -1.64389
  -0.0387853     0.690214   -0.0372075      1.98862     -3.08861    -0.463656       1.4977
  -0.0567076     0.690056   0.00129392      1.98862  -0.00184433     0.462914     -1.58307
  -0.0567076     0.690056   0.00129392      1.98862     -3.14344    -0.462914      1.55852
   -0.704128      1.25093      1.57039      1.98862     -1.27697       1.4425    -0.263593
   -0.704128      1.25093      1.57039      1.98862     -4.41856      -1.4425        2.878