    -1.26557     0.711085   -0.0455419      1.95415    0.0646722     0.477726     -2.82275
    -1.28289     0.710859   -0.0071795      1.95415    0.0102111     0.476619     -2.76263
    -1.29979     0.710955    0.0302329      1.95415     -0.04297     0.477091     -2.70392
    -1.92454      1.25995      1.56592      1.95415      -1.2829       1.4518     -1.45364
    -1.92463      1.27098      1.57069      1.95415     -1.29162         1.46      -1.4513
    -1.92454      1.28228      1.57522      1.95415     -1.30066      1.46813     -1.44893
     -1.2721     0.710961   -0.0310822      1.95415    0.0441757      0.47712     -2.80012
    -1.28943     0.710859   0.00728858      1.95415   -0.0103659      0.47662     -2.73991
    -1.30675     0.711086     0.045651      1.95415   -0.0648262     0.477731     -2.67979
    -1.92459      1.26421       1.5678      1.95415     -1.28626      1.45501     -1.45273
    -1.92462      1.27552      1.57255      1.95415     -1.29524       1.4633     -1.45035
    -1.26174     0.711179    -0.054014      1.95415     0.076654     0.478187     -2.83598
    -1.27906     0.710881   -0.0156584      1.95415    0.0222668     0.476725     -2.77594
    -1.29596     0.710906    0.0217555      1.95415   -0.0309313      0.47685     -2.71721
    -1.31328     0.711257    0.0601044      1.95415    -0.085252     0.478566     -2.65723
    -1.92449      1.25745      1.56479      1.95415     -1.28094      1.44991     -1.45417
    -1.92462      1.26848      1.56964      1.95415     -1.28964      1.45817     -1.45183
    -1.92458      1.27979      1.57425      1.95415     -1.29865      1.46636     -1.44945
     -1.2687      0.71102      -0.0386      1.95415    0.0548385     0.477406     -2.81189
     -1.2856     0.710853  -0.00119114      1.95415   0.00169433     0.476591     -2.75323
    -1.30293     0.711008    0.0371766      1.95415   -0.0528203     0.477347     -2.69305
    -1.92456      1.26171       1.5667      1.95415     -1.28429      1.45314     -1.45326
    -1.92463      1.27302      1.57153      1.95415     -1.29325      1.46149     -1.45087
    -1.92451      1.28405       1.5759      1.95415     -1.30207      1.46937     -1.44857
    -1.27523     0.710918   -0.0241371      1.95415    0.0343151      0.47691     -2.78924
    -1.29256     0.710876    0.0142349      1.95415   -0.0202429     0.476702     -2.72901
    -1.30945     0.711151    0.0516337      1.95415   -0.0732897     0.478049     -2.67044
    -1.92461      1.26598      1.56857      1.95415     -1.28766      1.45632     -1.45236
     -1.9246      1.27729      1.57326      1.95415     -1.29665      1.46457     -1.44998
    -1.26488     0.711101   -0.0470736      1.95415    0.0668401     0.477803     -2.82515
    -1.28177     0.710864  -0.00967073      1.95415    0.0137538     0.476642     -2.76654
     -1.2991     0.710945    0.0287006      1.95415   -0.0407949     0.477042     -2.70632
    -1.92452      1.25922      1.56559      1.95415     -1.28232      1.45125      -1.4538
    -1.92463      1.27052       1.5705      1.95415     -1.29126      1.45967      -1.4514
    -1.92455      1.28155      1.57494      1.95415     -1.30007      1.46761     -1.44909
    -1.27141     0.710972   -0.0326145      1.95415      0.04635     0.477173     -2.80252
    -1.28874     0.710857   0.00575614      1.95415  -0.00818653     0.476609     -2.74232
    -1.30563     0.711061    0.0431615      1.95415   -0.0613013      0.47761     -2.68368
    -1.92459      1.26376      1.56761      1.95415     -1.28591      1.45467     -1.45283
    -1.92462      1.27479      1.57225      1.95415     -1.29466      1.46277      -1.4505
    -1.26105     0.711198   -0.0555454      1.95415    0.0788174     0.478279     -2.83837
    -1.27837     0.710886   -0.0171915      1.95415    0.0244461     0.476753     -2.77834
    -1.29527     0.710899     0.020223      1.95415   -0.0287539     0.476815     -2.71962
    -1.31216     0.711224     0.057616      1.95415   -0.0817406     0.478406     -2.66111
    -1.92447      1.25672      1.56445      1.95415     -1.28036      1.44935     -1.45433
    -1.92462      1.26803      1.56944      1.95415     -1.28928      1.45784     -1.45192
    -1.92458      1.27933      1.57407      1.95415     -1.29829      1.46604     -1.44955
    -1.26758     0.711042   -0.0410899      1.95415    0.0583671     0.477515     -2.81579
    -1.28491     0.710854  -0.00272405      1.95415   0.00387456     0.476595     -2.75563
     -1.3018     0.710988    0.0346863      1.95415   -0.0492889      0.47725     -2.69695
    -1.92456      1.26126       1.5665      1.95415     -1.28394       1.4528     -1.45336
    -1.92463      1.27229      1.57123      1.95415     -1.29267      1.46096     -1.45102
    -1.92452       1.2836      1.57572      1.95415     -1.30171      1.46905     -1.44866
    -1.27411     0.710932   -0.0266279      1.95415    0.0378525     0.476979     -2.79314
    -1.29144     0.710869    0.0117437      1.95415    -0.016701     0.476666     -2.73292
    -1.30876     0.711134    0.0501026      1.95415   -0.0711247     0.477964     -2.67284
    -1.92461      1.26553      1.56837      1.95415      -1.2873      1.45598     -1.45245
    -1.92461      1.27655      1.57297      1.95415     -1.29607      1.46404     -1.45013
    -1.26375     0.711128   -0.0495628      1.95415    0.0703617     0.477935     -2.82904
    -1.28108     0.710867   -0.0112036      1.95415    0.0159335      0.47666     -2.76894
    -1.29797      0.71093    0.0262097      1.95415   -0.0372582     0.476967     -2.71023
    -1.92451      1.25876      1.56538      1.95415     -1.28197      1.45091     -1.45389
    -1.92463      1.26979      1.57019      1.95415     -1.29068      1.45913     -1.45155
    -1.92456       1.2811      1.57476      1.95415      -1.2997      1.46729     -1.44918
    -1.27071     0.710983   -0.0341469      1.95415    0.0485241     0.477229     -2.80492
    -1.28761     0.710854   0.00326395      1.95415  -0.00464208     0.476596     -2.74623
    -1.30494     0.711047    0.0416291      1.95415   -0.0591307     0.477539     -2.68608
    -1.92458      1.26303      1.56728      1.95415     -1.28533      1.45412     -1.45298
    -1.92462      1.27434      1.57207      1.95415      -1.2943      1.46245     -1.45059
    -1.92448      1.28536      1.57639      1.95415     -1.30313      1.47029     -1.44829
    -1.25993      0.71123   -0.0580337      1.95415    0.0823305     0.478433     -2.84225
    -1.27725     0.710896    -0.019683      1.95415    0.0279869     0.476803     -2.78225
    -1.29458     0.710892    0.0186899      1.95415   -0.0265752     0.476782     -2.72202
    -1.31146     0.711205    0.0560846      1.95415   -0.0795785     0.478311      -2.6635
    -1.92446      1.25627      1.56425      1.95415     -1.28001      1.44901     -1.45443
    -1.92462      1.26757      1.56925      1.95415     -1.28892       1.4575     -1.45202
    -1.92459       1.2786      1.57378      1.95415      -1.2977      1.46551      -1.4497
    -1.26689     0.711056   -0.0426216      1.95415     0.060537     0.477585     -2.81819
    -1.28421     0.710855  -0.00425696      1.95415   0.00605475     0.476601     -2.75804
    -1.30111     0.710976    0.0331544      1.95415   -0.0471157     0.477193     -2.69935
    -1.92454      1.26053      1.56618      1.95415     -1.28336      1.45224     -1.45352
    -1.92463      1.27184      1.57104      1.95415     -1.29231      1.46063     -1.45112
    -1.92453      1.28286      1.57544      1.95415     -1.30112      1.46854     -1.44881
    -1.27342     0.710942   -0.0281603      1.95415    0.0400283     0.477025     -2.79554
    -1.29075     0.710865    0.0102104      1.95415   -0.0145208     0.476648     -2.73533
    -1.30764     0.711106    0.0476134      1.95415   -0.0676036     0.477831     -2.67672
     -1.9246      1.26507      1.56818      1.95415     -1.28694      1.45565     -1.45255
    -1.92461       1.2761      1.57279      1.95415     -1.29571      1.46372     -1.45022
    -1.26306     0.711145   -0.0510948      1.95415    0.0725281     0.478019     -2.83143
    -1.27995     0.710874   -0.0136952      1.95415    0.0194761     0.476693     -2.77286
    -1.29728     0.710921    0.0246769      1.95415   -0.0350814     0.476924     -2.71263
     -1.9245      1.25803      1.56505      1.95415     -1.28139      1.45035     -1.45405
    -1.92463      1.26934         1.57      1.95415     -1.29032       1.4588     -1.45165
    -1.92456      1.28065      1.57459      1.95415     -1.29934      1.46697     -1.44928
    -1.26959     0.711003   -0.0366371      1.95415    0.0520557     0.477326     -2.80882
    -1.28692     0.710854   0.00173151      1.95415  -0.00246254     0.476592     -2.74864
    -1.30425     0.711033    0.0400974      1.95415   -0.0569604     0.477471     -2.68848
    -1.92457      1.26258      1.56708      1.95415     -1.28497      1.45378     -1.45308
    -1.92463       1.2736      1.57177      1.95415     -1.29371      1.46192     -1.45075
    -1.92449      1.28491      1.57622      1.95415     -1.30277      1.46997     -1.44839
    -1.25924     0.711249   -0.0595645      1.95415    0.0844906     0.478531     -2.84464
    -1.27655     0.710903   -0.0212152      1.95415    0.0301641     0.476837     -2.78465
    -1.29345     0.710882    0.0161986      1.95415   -0.0230344     0.476734     -2.72593
    -1.31077     0.711186    0.0545533      1.95415   -0.0774156     0.478219     -2.66589
    -1.92462      1.26684      1.56894      1.95415     -1.28834      1.45696     -1.45217
    -1.92459      1.27815       1.5736      1.95415     -1.29734      1.46519      -1.4498
    -1.26619     0.711071   -0.0441535      1.95415    0.0627064     0.477658     -2.82058
    -1.28309     0.710858  -0.00674856      1.95415   0.00959828     0.476616     -2.76195
    -1.30042     0.710965    0.0316224      1.95415    -0.044942     0.477138     -2.70175
    -1.92454      1.26008      1.56598      1.95415       -1.283       1.4519     -1.45361
    -1.92463      1.27139      1.57086      1.95415     -1.29195       1.4603     -1.45121
    -1.92454      1.28241      1.57527      1.95415     -1.30076      1.46822     -1.44891
    -1.27273     0.710952   -0.0296931      1.95415    0.0422042     0.477074     -2.79795
    -1.29006     0.710862   0.00867784      1.95415   -0.0123416     0.476632     -2.73773
    -1.30695      0.71109    0.0460814      1.95415   -0.0654355     0.477753     -2.67912
     -1.9246      1.26462      1.56798      1.95415     -1.28659      1.45531     -1.45264
    -1.92462      1.27565       1.5726      1.95415     -1.29534       1.4634     -1.45032
    -1.26194     0.711174   -0.0535836      1.95415    0.0760459     0.478162     -2.83531
    -1.27926     0.710879    -0.015228      1.95415    0.0216551     0.476718     -2.77526
    -1.29659     0.710913    0.0231445      1.95415   -0.0329047     0.476884     -2.71503
    -1.31347     0.711263    0.0605345      1.95415   -0.0858587     0.478595     -2.65656
    -1.92449      1.25758      1.56485      1.95415     -1.28104      1.45001     -1.45415
    -1.92463      1.26889      1.56981      1.95415     -1.28996      1.45847     -1.45174
    -1.92457      1.28019      1.57441      1.95415     -1.29898      1.46665     -1.44937
     -1.2689     0.711016   -0.0381695      1.95415    0.0542283     0.477388     -2.81122
    -1.28623     0.710853  0.000198245      1.95415 -0.000281783     0.476591     -2.75105
    -1.30312     0.711011    0.0376073      1.95415    -0.053431     0.477365     -2.69237
    -1.92456      1.26184      1.56676      1.95415     -1.28439      1.45323     -1.45324
    -1.92463      1.27315      1.57159      1.95415     -1.29335      1.46159     -1.45084
     -1.9245      1.28446      1.57605      1.95415      -1.3024      1.46966     -1.44848
    -1.27586     0.710911    -0.022748      1.95415    0.0323418     0.476874     -2.78706
    -1.29319      0.71088    0.0156246      1.95415   -0.0222185     0.476725     -2.72683
    -1.30965     0.711156    0.0520649      1.95415   -0.0738992     0.478074     -2.66977
    -1.92461      1.26611      1.56862      1.95415     -1.28776      1.45641     -1.45233
     -1.9246      1.27741      1.57331      1.95415     -1.29675      1.46466     -1.44995