    0.176473     0.896479   -0.0217207      1.85755    0.0448542     0.388029     -1.35916
    0.162756     0.896464    0.0172411      1.85755   -0.0356132     0.387871     -1.27405
   -0.430108      1.46863      1.56952      1.85755     -1.47314      1.54072    -0.054635
   -0.430158      1.47935      1.57109      1.85755     -1.48298      1.54524   -0.0542593
    0.171169     0.896442  -0.00665529      1.85755     0.013753     0.387642     -1.32626
    0.157102     0.896534    0.0333018      1.85755   -0.0686992     0.388604     -1.23906
   -0.430147      1.47278      1.57017      1.85755     -1.47693      1.54251   -0.0544991
   -0.430129      1.48376      1.57164      1.85755     -1.48706      1.54702   -0.0540808
    0.179581     0.896519   -0.0305489      1.85755    0.0630381     0.388445     -1.37839
    0.165865     0.896445   0.00841123      1.85755   -0.0173804     0.387666     -1.29334
   -0.430073       1.4662      1.56911      1.85755     -1.47092      1.53966   -0.0547096
   -0.430161      1.47692      1.57076      1.85755     -1.48074      1.54425   -0.0543514
   -0.430076      1.48791      1.57211      1.85755     -1.49091      1.54863      -0.0539
    0.174278     0.896459   -0.0154857      1.85755    0.0319906     0.387819     -1.34555
     0.16021      0.89649    0.0244743      1.85755   -0.0505297     0.388143     -1.25828
   -0.430127      1.47035      1.56979      1.85755      -1.4747      1.54147   -0.0545801
   -0.430148      1.48134      1.57135      1.85755     -1.48482      1.54605   -0.0541807
    0.168974     0.896439 -0.000419393      1.85755  0.000866938     0.387602     -1.31264
   -0.430157      1.47476      1.57046      1.85755     -1.47876      1.54335   -0.0544297
    -0.43011      1.48548      1.57184      1.85755     -1.48865      1.54769   -0.0540075
    0.177386     0.896489   -0.0243145      1.85755    0.0502009     0.388136     -1.36481
    0.163318     0.896459     0.015645      1.85755    -0.032319     0.387823     -1.27754
   -0.430102      1.46819      1.56945      1.85755     -1.47273      1.54053   -0.0546488
   -0.430159      1.47891      1.57103      1.85755     -1.48257      1.54507   -0.0542762
    0.171731     0.896444  -0.00825182      1.85755    0.0170515     0.387663     -1.32975
    0.158015     0.896519    0.0307083      1.85755   -0.0633655     0.388454      -1.2447
   -0.430144      1.47234       1.5701      1.85755     -1.47653      1.54232    -0.054514
   -0.430136      1.48305      1.57156      1.85755      -1.4864      1.54673   -0.0541105
    0.180494     0.896533   -0.0331421      1.85755    0.0683712     0.388595     -1.38403
    0.166427     0.896443   0.00681481      1.85755   -0.0140822     0.387643     -1.29683
   -0.430161      1.47648       1.5707      1.85755     -1.48034      1.54407   -0.0543676
   -0.430083      1.48747      1.57206      1.85755      -1.4905      1.54846   -0.0539197
    0.174839     0.896464   -0.0170821      1.85755    0.0352854     0.387865     -1.34904
    0.161123      0.89648    0.0218802      1.85755   -0.0451825     0.388035     -1.26393
   -0.430122      1.46991      1.56972      1.85755      -1.4743      1.54128   -0.0545944
   -0.430151       1.4809      1.57129      1.85755     -1.48441      1.54587   -0.0541982
    0.169536     0.896439  -0.00201523      1.85755   0.00416486     0.387605     -1.31612
    0.155469     0.896562    0.0379394      1.85755   -0.0782248     0.388902     -1.22898
   -0.430154      1.47405      1.57036      1.85755      -1.4781      1.54305   -0.0544548
   -0.430115      1.48504      1.57179      1.85755     -1.48825      1.54752   -0.0540265
    0.177948     0.896496   -0.0259109      1.85755    0.0534899     0.388209     -1.36829
    0.164232     0.896453    0.0130508      1.85755   -0.0269632     0.387756      -1.2832
   -0.430092      1.46748      1.56933      1.85755     -1.47208      1.54022   -0.0546708
    -0.43016      1.47847      1.57097      1.85755     -1.48217      1.54489   -0.0542932
    0.172293     0.896447  -0.00984815      1.85755    0.0203492     0.387689     -1.33324
    0.158577     0.896511    0.0291125      1.85755    -0.060082     0.388368     -1.24817
   -0.430139      1.47162      1.56999      1.85755     -1.47587      1.54202   -0.0545379
   -0.430139      1.48261       1.5715      1.85755       -1.486      1.54656   -0.0541286
    0.181056     0.896542   -0.0347376      1.85755    0.0716503     0.388692      -1.3875
     0.16734      0.89644   0.00422059      1.85755  -0.00872177     0.387618     -1.30249
    -0.43016      1.47604      1.57064      1.85755     -1.47993      1.54388   -0.0543836
   -0.430093      1.48675      1.57198      1.85755     -1.48984      1.54819   -0.0539516
    0.175753     0.896472   -0.0196763      1.85755    0.0406379     0.387952      -1.3547
    0.161685     0.896474    0.0202844      1.85755   -0.0418918     0.387974     -1.26741
   -0.430114      1.46919      1.56961      1.85755     -1.47365      1.54097   -0.0546172
   -0.430155      1.48018       1.5712      1.85755     -1.48375      1.54559   -0.0542265
    0.170098      0.89644   -0.0036125      1.85755   0.00746564     0.387613     -1.31961
    0.156382     0.896546    0.0353457      1.85755   -0.0728992     0.388731     -1.23461
   -0.430152      1.47361      1.57029      1.85755      -1.4777      1.54287   -0.0544701
   -0.430123      1.48433      1.57171      1.85755     -1.48758      1.54724    -0.054057
    0.178861     0.896508   -0.0285046      1.85755    0.0588311     0.388336     -1.37394
    0.164793      0.89645    0.0114546      1.85755   -0.0236668      0.38772     -1.28669
   -0.430086      1.46704      1.56925      1.85755     -1.47168      1.54003   -0.0546843
   -0.430161      1.47776      1.57088      1.85755     -1.48151      1.54459   -0.0543201
    0.173206     0.896452   -0.0124425      1.85755    0.0257075     0.387742     -1.33891
    0.159139     0.896504    0.0275168      1.85755   -0.0567969     0.388286     -1.25165
   -0.430135      1.47118      1.56992      1.85755     -1.47547      1.54183   -0.0545525
   -0.430145       1.4819      1.57142      1.85755     -1.48534      1.54628   -0.0541579
    0.181618     0.896552   -0.0363334      1.85755    0.0749282     0.388795     -1.39097
    0.167902     0.896439   0.00262406      1.85755  -0.00542259     0.387608     -1.30598
   -0.430159      1.47533      1.57054      1.85755     -1.47927      1.54359   -0.0544094
   -0.430099      1.48632      1.57193      1.85755     -1.48943      1.54802   -0.0539709
    0.176315     0.896477   -0.0212725      1.85755      0.04393     0.388011     -1.35818
    0.162247     0.896469    0.0186879      1.85755   -0.0385984     0.387917      -1.2709
   -0.430109      1.46876      1.56954      1.85755     -1.47325      1.54078    -0.054631
   -0.430156      1.47974      1.57114      1.85755     -1.48335      1.54541   -0.0542438
    0.171011     0.896442  -0.00620671      1.85755    0.0128262     0.387636     -1.32528
    0.156944     0.896536    0.0337505      1.85755   -0.0696213     0.388631     -1.23808
    -0.43015      1.47317      1.57023      1.85755      -1.4773      1.54268   -0.0544853
   -0.430128      1.48389      1.57166      1.85755     -1.48718      1.54707   -0.0540756
    0.179072     0.896511   -0.0291023      1.85755    0.0600614     0.388368     -1.37524
    0.165355     0.896447   0.00985794      1.85755    -0.020369      0.38769     -1.29018
   -0.430075      1.46633      1.56914      1.85755     -1.47103      1.53971   -0.0547059
   -0.430161      1.47732      1.57082      1.85755     -1.48111      1.54441   -0.0543366
     0.17412     0.896458   -0.0150369      1.85755    0.0310641     0.387806     -1.34457
    0.160052     0.896492    0.0249231      1.85755   -0.0514544     0.388163      -1.2573
   -0.430128      1.47047      1.56981      1.85755     -1.47482      1.54152   -0.0545761
   -0.430148      1.48146      1.57136      1.85755     -1.48493       1.5461   -0.0541757
    0.182179     0.896562    -0.037929      1.85755    0.0782039     0.388902     -1.39444
    0.168816     0.896439  2.90871e-05      1.85755 -5.98884e-05     0.387602     -1.31166
   -0.430158      1.47489      1.57048      1.85755     -1.47887       1.5434   -0.0544252
   -0.430105      1.48588      1.57189      1.85755     -1.48902      1.54784   -0.0539901
    0.176877     0.896483   -0.0228684      1.85755    0.0472203     0.388075     -1.36166
    0.162809     0.896464    0.0170918      1.85755   -0.0353051     0.387866     -1.27438