    -1.26717      1.23456      1.56582      2.07515     -1.27605      1.40651    -0.736277
    -1.26725      1.24591      1.57088      2.07515     -1.28401        1.416     -0.73346
    -1.26715      1.25755      1.57571      2.07515     -1.29228      1.42547     -0.73061
   -0.587502     0.673609   -0.0332326      2.07515    0.0540689     0.393619      -2.1824
   -0.606163     0.673483   0.00551933      2.07515  -0.00898939     0.392979     -2.11252
   -0.624354     0.673699     0.043298      2.07515   -0.0703899     0.394077     -2.04447
    -1.26722      1.23895      1.56782      2.07515     -1.27912      1.41021    -0.735183
    -1.26724      1.25059      1.57287      2.07515     -1.28732      1.41984     -0.73231
    -1.26707      1.26194      1.57743      2.07515     -1.29542      1.42897    -0.729545
   -0.576352     0.673853   -0.0563903      2.07515    0.0915542     0.394851     -2.22396
   -0.594537      0.67352   -0.0186234      2.07515    0.0303234     0.393168     -2.15608
   -0.613199     0.673527    0.0201297      2.07515   -0.0327735     0.393202     -2.08617
   -0.631848     0.673886    0.0588624      2.07515   -0.0955401      0.39502     -2.01659
    -1.26712      1.23199      1.56463      2.07515     -1.27427      1.40432    -0.736921
    -1.26725      1.24334      1.56977      2.07515     -1.28219      1.41387    -0.734095
    -1.26719      1.25498      1.57467      2.07515     -1.29044       1.4234    -0.731237
   -0.583381     0.673684   -0.0417917      2.07515    0.0679503        0.394     -2.19779
   -0.602039      0.67348  -0.00304449      2.07515   0.00495903     0.392967     -2.12798
   -0.620233     0.673621    0.0347378      2.07515   -0.0565116     0.393679     -2.05986
    -1.26719      1.23638      1.56666      2.07515     -1.27732      1.40805    -0.735823
    -1.26725      1.24802      1.57178      2.07515     -1.28549      1.41773    -0.732941
    -1.26712      1.25937      1.57643      2.07515     -1.29358      1.42692    -0.730169
   -0.572235     0.673974   -0.0649425      2.07515     0.105329     0.395467     -2.23924
   -0.590879      0.67356   -0.0262185      2.07515    0.0426751     0.393371     -2.16977
   -0.609075     0.673495    0.0115673      2.07515    -0.018838     0.393041     -2.10161
   -0.627729     0.673776    0.0503073      2.07515   -0.0817309     0.394466      -2.0319
    -1.26706      1.22942      1.56341      2.07515     -1.27248      1.40212    -0.737568
    -1.26724      1.24077      1.56863      2.07515     -1.28039      1.41173    -0.734732
    -1.26722      1.25241      1.57362      2.07515     -1.28861      1.42132    -0.731865
   -0.579261     0.673777   -0.0503484      2.07515    0.0817978     0.394469     -2.21314
   -0.597915     0.673495   -0.0116089      2.07515    0.0189062     0.393042     -2.14343
    -0.61611     0.673559     0.026177      2.07515   -0.0426073     0.393369     -2.07527
   -0.634755     0.673974    0.0649015      2.07515    -0.105263     0.395463      -2.0058
    -1.26715      1.23381      1.56547      2.07515     -1.27553      1.40587    -0.736466
    -1.26725      1.24545      1.57068      2.07515     -1.28368      1.41561    -0.733575
    -1.26716      1.25709      1.57552      2.07515     -1.29194      1.42509    -0.730723
   -0.586757     0.673621   -0.0347793      2.07515    0.0565793     0.393681     -2.18518
   -0.604951      0.67348   0.00300336      2.07515  -0.00489161     0.392967     -2.11706
   -0.623609     0.673684    0.0417495      2.07515   -0.0678815     0.393998     -2.04726
    -1.26722      1.23849      1.56761      2.07515     -1.27879      1.40982    -0.735298
    -1.26724      1.24984      1.57255      2.07515     -1.28678      1.41922    -0.732495
    -1.26708      1.26148      1.57725      2.07515     -1.29509       1.4286    -0.729657
   -0.575142     0.673887   -0.0589033      2.07515    0.0956064     0.395023     -2.22845
   -0.593791     0.673527   -0.0201722      2.07515    0.0328432     0.393203     -2.15888
   -0.612453      0.67352    0.0185822      2.07515   -0.0302558     0.393167     -2.08896
   -0.630638     0.673852     0.056348      2.07515   -0.0914854     0.394848     -2.02108
     -1.2671      1.23124      1.56427      2.07515     -1.27374      1.40368    -0.737111
    -1.26725      1.24288      1.56956      2.07515     -1.28187      1.41348     -0.73421
     -1.2672      1.25452      1.57448      2.07515     -1.29011      1.42302     -0.73135
   -0.582636       0.6737   -0.0433391      2.07515    0.0704568     0.394079     -2.20056
   -0.601293     0.673481  -0.00459319      2.07515   0.00748145     0.392974     -2.13077
   -0.619488     0.673608      0.03319      2.07515   -0.0539994     0.393617     -2.06264
    -1.26719      1.23591      1.56644      2.07515     -1.27699      1.40765    -0.735939
    -1.26725      1.24726      1.57146      2.07515     -1.28496      1.41711    -0.733127
    -1.26713       1.2589      1.57625      2.07515     -1.29324      1.42655    -0.730281
   -0.571491     0.673998   -0.0664886      2.07515     0.107815     0.395587     -2.24199
   -0.589668     0.673576    -0.028734      2.07515     0.046763     0.393453      -2.1743
    -0.60833     0.673491    0.0100189      2.07515   -0.0163169     0.393021      -2.1044
   -0.626519     0.673747    0.0477937      2.07515   -0.0776666      0.39432     -2.03641
    -1.26705      1.22895      1.56319      2.07515     -1.27216      1.40172    -0.737685
    -1.26723       1.2403      1.56842      2.07515     -1.28006      1.41134    -0.734847
    -1.26723      1.25194      1.57343      2.07515     -1.28828      1.42094    -0.731979
   -0.578516     0.673795   -0.0518963      2.07515    0.0842991     0.394562     -2.21591
   -0.596703     0.673502   -0.0141243      2.07515    0.0230012      0.39308     -2.14797
   -0.615365      0.67355    0.0246292      2.07515   -0.0400912     0.393322     -2.07806
   -0.634011      0.67395    0.0633559      2.07515    -0.102777     0.395346     -2.00856
    -1.26714      1.23334      1.56526      2.07515      -1.2752      1.40547    -0.736582
    -1.26725      1.24498      1.57048      2.07515     -1.28335      1.41523    -0.733689
    -1.26717      1.25633      1.57522      2.07515      -1.2914      1.42449    -0.730908
   -0.585546     0.673642   -0.0372945      2.07515      0.06066     0.393789      -2.1897
   -0.604206     0.673479   0.00145471      2.07515  -0.00236921     0.392962     -2.11986
   -0.622864     0.673669    0.0402027      2.07515   -0.0653748     0.393923     -2.05003
    -1.26721      1.23773      1.56727      2.07515     -1.27826      1.40918    -0.735487
    -1.26724      1.24937      1.57235      2.07515     -1.28645      1.41884    -0.732609
    -1.26709      1.26101      1.57707      2.07515     -1.29475      1.42823     -0.72977
   -0.574398     0.673908     -0.06045      2.07515    0.0980986     0.395133     -2.23122
   -0.593046     0.673534     -0.02172      2.07515    0.0353608     0.393242     -2.16166
   -0.611242     0.673509    0.0160667      2.07515   -0.0261624     0.393115     -2.09349
   -0.629893     0.673832    0.0548027      2.07515    -0.088992     0.394747     -2.02385
    -1.26709      1.23077      1.56405      2.07515     -1.27342      1.40328    -0.737228
    -1.26725      1.24241      1.56936      2.07515     -1.28154       1.4131    -0.734325
     -1.2672      1.25405      1.57429      2.07515     -1.28978      1.42265    -0.731464
   -0.581891     0.673716   -0.0448863      2.07515    0.0729621      0.39416     -2.20334
   -0.600081     0.673485  -0.00710958      2.07515    0.0115797     0.392991     -2.13531
   -0.618742     0.673597    0.0316439      2.07515   -0.0514891     0.393557     -2.06543
   -0.636918     0.674045     0.069393      2.07515     -0.11248     0.395821      -1.9978
    -1.26718      1.23545      1.56623      2.07515     -1.27667      1.40726    -0.736055
    -1.26725       1.2468      1.57126      2.07515     -1.28463      1.41673    -0.733242
    -1.26714      1.25815      1.57595      2.07515      -1.2927      1.42594    -0.730465
   -0.570282     0.674038   -0.0689998      2.07515     0.111849     0.395788     -2.24647
   -0.588923     0.673587   -0.0302814      2.07515    0.0492768     0.393507     -2.17709
   -0.607118     0.673486   0.00750303      2.07515     -0.01222     0.392995     -2.10894
   -0.625774      0.67373    0.0462472      2.07515   -0.0751645     0.394233     -2.03918
    -1.26723      1.23984      1.56822      2.07515     -1.27974      1.41095    -0.734963
    -1.26723      1.25119      1.57311      2.07515     -1.28774      1.42032    -0.732164
   -0.577771     0.673814   -0.0534427      2.07515    0.0867967     0.394659     -2.21868
   -0.595958     0.673508   -0.0156729      2.07515    0.0255219     0.393108     -2.15076
    -0.61462     0.673542    0.0230809      2.07515   -0.0375737     0.393278     -2.08085
   -0.633267     0.673928    0.0618092      2.07515    -0.100287     0.395231     -2.01132
    -1.26714      1.23288      1.56504      2.07515     -1.27488      1.40508    -0.736699
    -1.26725      1.24423      1.57015      2.07515     -1.28282       1.4146    -0.733876
    -1.26718      1.25587      1.57503      2.07515     -1.29107      1.42411    -0.731021
   -0.584801     0.673656   -0.0388412      2.07515    0.0631682     0.393859     -2.19248
    -0.60346     0.673479 -9.29832e-05      2.07515  0.000151671     0.392961     -2.12265
   -0.621653     0.673646    0.0376881      2.07515   -0.0612979     0.393806     -2.05455
     -1.2672      1.23727      1.56706      2.07515     -1.27794      1.40879    -0.735602
    -1.26725      1.24891      1.57216      2.07515     -1.28612      1.41846    -0.732723
     -1.2671      1.26025      1.57678      2.07515     -1.29421      1.42763    -0.729953
   -0.573654      0.67393   -0.0619955      2.07515     0.100587     0.395245     -2.23398
     -0.5923     0.673543   -0.0232676      2.07515    0.0378777     0.393284     -2.16445
   -0.610496     0.673504    0.0145184      2.07515   -0.0236423     0.393087     -2.09629
   -0.629149     0.673812    0.0532553      2.07515   -0.0864936     0.394647     -2.02662
    -1.26708      1.23031      1.56383      2.07515      -1.2731      1.40288    -0.737345
    -1.26724      1.24195      1.56915      2.07515     -1.28121      1.41271     -0.73444
    -1.26721      1.25329      1.57399      2.07515     -1.28924      1.42204    -0.731648
    -0.58068     0.673743      -0.0474      2.07515    0.0770301     0.394298     -2.20785
   -0.599336     0.673488  -0.00865716      2.07515    0.0140999     0.393006     -2.13811
   -0.617531     0.673579    0.0291276      2.07515    -0.047402     0.393466     -2.06996
   -0.636174      0.67402    0.0678486      2.07515        -0.11     0.395695     -2.00055
    -1.26717      1.23469      1.56588      2.07515     -1.27614      1.40662    -0.736244
    -1.26725      1.24633      1.57106      2.07515      -1.2843      1.41635    -0.733356
    -1.26715      1.25768      1.57576      2.07515     -1.29237      1.42557    -0.730578
   -0.588178     0.673598     -0.03183      2.07515    0.0517916     0.393564     -2.17987
   -0.606372     0.673483    0.0059548      2.07515  -0.00969861     0.392982     -2.11174
   -0.625029     0.673714    0.0446994      2.07515   -0.0726591      0.39415     -2.04196
    -1.26722      1.23908      1.56788      2.07515     -1.27921      1.41032     -0.73515
    -1.26724      1.25072      1.57292      2.07515     -1.28741      1.41994    -0.732278
   -0.576561     0.673847   -0.0559558      2.07515    0.0908531     0.394822     -2.22318
   -0.595212     0.673514   -0.0172201      2.07515    0.0280399     0.393138     -2.15355
   -0.613874     0.673533    0.0215336      2.07515   -0.0350572     0.393237     -2.08364
   -0.632057     0.673892    0.0592973      2.07515   -0.0962408     0.395051     -2.01581
    -1.26712      1.23212      1.56469      2.07515     -1.27436      1.40443    -0.736888
    -1.26725      1.24376      1.56995      2.07515     -1.28249      1.41422     -0.73399
    -1.26719       1.2554      1.57484      2.07515     -1.29074      1.42374    -0.731134
   -0.584056     0.673671   -0.0403887      2.07515    0.0656768     0.393932     -2.19526
   -0.602248      0.67348  -0.00260901      2.07515   0.00424975     0.392965     -2.12719
   -0.620442     0.673624    0.0351728      2.07515   -0.0572175     0.393697     -2.05908
     -1.2672       1.2368      1.56685      2.07515     -1.27761       1.4084    -0.735718
    -1.26725      1.24815      1.57184      2.07515     -1.28559      1.41784    -0.732909
    -1.26711      1.25979      1.57659      2.07515     -1.29388      1.42726    -0.730066
   -0.572909     0.673953    -0.063542      2.07515     0.103077      0.39536     -2.23674
   -0.591089     0.673557   -0.0257836      2.07515    0.0419682     0.393357     -2.16899
   -0.609285     0.673496    0.0120031      2.07515   -0.0195476     0.393047     -2.10082
   -0.627939     0.673781    0.0507421      2.07515   -0.0824337     0.394492     -2.03112
    -1.26707      1.22955      1.56347      2.07515     -1.27257      1.40224    -0.737535
    -1.26724      1.24119      1.56882      2.07515     -1.28068      1.41208    -0.734627
    -1.26722      1.25283      1.57379      2.07515     -1.28891      1.42166    -0.731762
    -0.57947     0.673772   -0.0499144      2.07515    0.0810963     0.394443     -2.21236
   -0.598124     0.673494   -0.0111735      2.07515    0.0181973     0.393036     -2.14265
   -0.616786     0.673568      0.02758      2.07515   -0.0448875     0.393414     -2.07274
    -0.63543     0.673995    0.0663024      2.07515    -0.107515     0.395572      -2.0033
    -1.26716      1.23452       1.5658      2.07515     -1.27602      1.40647    -0.736288
    -1.26725      1.24558      1.57074      2.07515     -1.28377      1.41572    -0.733543
    -1.26716      1.25722      1.57558      2.07515     -1.29204       1.4252    -0.730691