   -0.276128      1.51636      1.57042      1.86525     -1.51881      1.55464    0.0365842
   -0.276116      1.52737      1.57119      1.86525     -1.52913      1.55858    0.0367809
    0.330361     0.931173   -0.0217189      1.86525    0.0514425     0.345707     -1.28311
    0.316631     0.931165    0.0190645      1.86525   -0.0451652     0.345593     -1.18159
   -0.276145      1.52079      1.57077      1.86525     -1.52294      1.55627    0.0366497
    0.324842     0.931138  -0.00532377      1.86525    0.0126216      0.34524     -1.24232
    0.311455     0.931231    0.0344367      1.86525   -0.0814431     0.346458     -1.14347
   -0.276107      1.51392       1.5702      1.86525     -1.51654      1.55373    0.0365557
   -0.276134      1.52494      1.57105      1.86525     -1.52684      1.55774    0.0367275
    0.333395     0.931211   -0.0307285      1.86525    0.0727103     0.346204     -1.30546
    0.319665     0.931143    0.0100525      1.86525    -0.023828     0.345317     -1.20402
   -0.276139      1.51835      1.57058      1.86525     -1.52067      1.55538    0.0366115
   -0.276098      1.52909      1.57128      1.86525     -1.53075      1.55916    0.0368219
    0.327876     0.931152   -0.0143365      1.86525     0.033976     0.345427     -1.26476
    0.314146     0.931192    0.0264463      1.86525   -0.0626094     0.345947     -1.16326
   -0.276081      1.51177      1.56999      1.86525     -1.51453       1.5529    0.0365347
   -0.276144      1.52251      1.57089      1.86525     -1.52455      1.55688    0.0366799
    0.322699     0.931135   0.00104082      1.86525  -0.00246741     0.345212     -1.22646
   -0.276125      1.51592      1.57038      1.86525      -1.5184      1.55448    0.0365787
    -0.27612      1.52693      1.57117      1.86525     -1.52871      1.55843    0.0367708
     0.33091     0.931179   -0.0233477      1.86525     0.055292     0.345784     -1.28716
     0.31718      0.93116    0.0174352      1.86525   -0.0413105      0.34553     -1.18565
   -0.276144      1.52007      1.57072      1.86525     -1.52227      1.55601    0.0366379
   -0.276072      1.53109      1.57138      1.86525     -1.53263      1.55983    0.0368731
    0.325733      0.93114  -0.00797224      1.86525    0.0188991     0.345277     -1.24891
    0.312004     0.931222    0.0328084      1.86525   -0.0776098     0.346343      -1.1475
   -0.276102      1.51348      1.57016      1.86525     -1.51613      1.55356     0.036551
   -0.276137       1.5245      1.57103      1.86525     -1.52642      1.55759    0.0367186
    0.333943      0.93122   -0.0323565      1.86525     0.076546     0.346312      -1.3095
    0.320214     0.931141    0.0084241      1.86525   -0.0199694     0.345285     -1.20807
   -0.276138      1.51791      1.57055      1.86525     -1.52026      1.55522    0.0366052
   -0.276103      1.52865      1.57126      1.86525     -1.53033      1.55901    0.0368111
    0.328767     0.931158   -0.0169843      1.86525    0.0402438     0.345514     -1.27134
    0.315037     0.931181    0.0237986      1.86525   -0.0563569     0.345807     -1.16983
   -0.276071      1.51105      1.56991      1.86525     -1.51387      1.55262    0.0365286
   -0.276144      1.52207      1.57086      1.86525     -1.52414      1.55672    0.0366719
    0.323248     0.931135 -0.000588179      1.86525   0.00139476     0.345211     -1.23052
   -0.276119       1.5152      1.57032      1.86525     -1.51773      1.55421      0.03657
   -0.276126      1.52622      1.57113      1.86525     -1.52804      1.55818    0.0367549
    0.331458     0.931185   -0.0249763      1.86525    0.0591391     0.345867      -1.2912
    0.318071     0.931153    0.0147876      1.86525   -0.0350436     0.345441     -1.19223
   -0.276143      1.51963      1.57069      1.86525     -1.52186      1.55585    0.0366309
   -0.276082      1.53037      1.57134      1.86525     -1.53195      1.55959    0.0368543
    0.326282     0.931143  -0.00960094      1.86525    0.0227587     0.345307     -1.25297
    0.312895     0.931209    0.0301608      1.86525   -0.0713717     0.346168     -1.15405
   -0.276097      1.51304      1.57011      1.86525     -1.51572      1.55339    0.0365466
    -0.27614      1.52379      1.57098      1.86525     -1.52575      1.55733    0.0367043
    0.334492     0.931228   -0.0339859      1.86525    0.0803825     0.346425     -1.31353
    0.321105     0.931138   0.00577587      1.86525   -0.0136928     0.345245     -1.21467
   -0.276134       1.5172      1.57049      1.86525     -1.51959      1.55495    0.0365952
   -0.276108      1.52821      1.57124      1.86525     -1.52992      1.55886    0.0368005
    0.329316     0.931163   -0.0186125      1.86525    0.0440965     0.345575     -1.27539
    0.315586     0.931175    0.0221702      1.86525   -0.0525088     0.345728     -1.17388
   -0.276064      1.51061      1.56987      1.86525     -1.51346      1.55245    0.0365251
   -0.276145      1.52135      1.57081      1.86525     -1.52347      1.55647    0.0366593
    0.323796     0.931136  -0.00221908      1.86525    0.0052614     0.345215     -1.23458
   -0.276115      1.51476      1.57027      1.86525     -1.51732      1.55404    0.0365648
   -0.276129      1.52578       1.5711      1.86525     -1.52763      1.55803    0.0367453
    0.332349     0.931197   -0.0276236      1.86525    0.0653883     0.346013     -1.29777
     0.31862     0.931149    0.0131581      1.86525   -0.0311849     0.345393     -1.19629
   -0.276142      1.51892      1.57063      1.86525     -1.52119      1.55559    0.0366199
   -0.276088      1.52993      1.57132      1.86525     -1.53154      1.55944     0.036843
    0.327173     0.931147   -0.0122494      1.86525     0.029033     0.345368     -1.25956
    0.313443     0.931201    0.0285324      1.86525   -0.0675318     0.346067     -1.15809
   -0.276088      1.51233      1.57004      1.86525     -1.51506      1.55312    0.0365398
   -0.276141      1.52335      1.57095      1.86525     -1.52534      1.55718    0.0366958
    0.321654     0.931137   0.00414604      1.86525  -0.00982922     0.345228     -1.21873
   -0.276131      1.51676      1.57045      1.86525     -1.51918      1.55479    0.0365894
   -0.276115       1.5275       1.5712      1.86525     -1.52924      1.55862    0.0367837
    0.329864     0.931168   -0.0202422      1.86525    0.0479512     0.345642     -1.27944
    0.316477     0.931166    0.0195228      1.86525   -0.0462494     0.345612     -1.18045
   -0.276145      1.52091      1.57078      1.86525     -1.52306      1.55631    0.0366518
    0.324688     0.931137  -0.00486645      1.86525    0.0115375     0.345235     -1.24118
    0.310958     0.931239    0.0359122      1.86525   -0.0849143     0.346567     -1.13982
   -0.276111      1.51432      1.57023      1.86525     -1.51691      1.55388      0.03656
   -0.276132      1.52534      1.57108      1.86525     -1.52721      1.55788    0.0367359
    0.332898     0.931204   -0.0292526      1.86525    0.0692308     0.346111     -1.30181
    0.319168     0.931146    0.0115297      1.86525   -0.0273278      0.34535     -1.20034
   -0.276141      1.51875      1.57062      1.86525     -1.52104      1.55553    0.0366174
   -0.276094      1.52949       1.5713      1.86525     -1.53112       1.5593    0.0368318
    0.327379     0.931149   -0.0128597      1.86525    0.0304787     0.345385     -1.26108
    0.313992     0.931194    0.0269035      1.86525   -0.0636885     0.345972     -1.16213
   -0.276083      1.51189         1.57      1.86525     -1.51465      1.55295    0.0365358
   -0.276143      1.52291      1.57092      1.86525     -1.52493      1.55702    0.0366874
    0.322202     0.931136   0.00251713      1.86525  -0.00596753     0.345217     -1.22278
   -0.276126      1.51604      1.57039      1.86525     -1.51851      1.55452    0.0365801
   -0.276119      1.52706      1.57118      1.86525     -1.52883      1.55847    0.0367735
    0.330756     0.931178   -0.0228894      1.86525     0.054209     0.345762     -1.28602
    0.317026     0.931161    0.0178932      1.86525   -0.0423941     0.345548     -1.18451