  -0.0665952      1.47368       1.5706      1.46718     -1.47418      1.58063      2.97185
     0.43291     0.990242  -0.00547233      1.46718   0.00723973     0.684188      1.99509
  -0.0665897      1.47742      1.57125      1.46718     -1.47797      1.58089      2.97188
    0.428714     0.990247    0.0105408      1.46718   -0.0139441     0.684237       2.0161
  -0.0665871      1.47163      1.57022      1.46718      -1.4721      1.58047      2.97184
    0.435369     0.990254   -0.0148582      1.46718    0.0196546     0.684303      1.98279
   -0.066596      1.47537       1.5709      1.46718     -1.47589      1.58076      2.97186
    0.431173     0.990241   0.00115544      1.46718  -0.00152848     0.684171      2.00379
  -0.0665734       1.4698      1.56987      1.46718     -1.47025      1.58031      2.97184
  -0.0665806      1.47888      1.57149      1.46718     -1.47944      1.58098      2.97189
    0.426699     0.990261    0.0182287      1.46718   -0.0241113     0.684369      2.02618
  -0.0665943      1.47331      1.57053      1.46718      -1.4738       1.5806      2.97185
    0.433632     0.990245  -0.00823009      1.46718    0.0108879     0.684211      1.99148
  -0.0665924      1.47682      1.57115      1.46718     -1.47736      1.58085      2.97187
    0.429158     0.990245   0.00884393      1.46718   -0.0116996     0.684218      2.01387
  -0.0665849      1.47126      1.57015      1.46718     -1.47172      1.58044      2.97184
    0.435814     0.990257   -0.0165549      1.46718    0.0218984     0.684334      1.98056
  -0.0665963      1.47476       1.5708      1.46718     -1.47528      1.58071      2.97186
    0.431618     0.990241 -0.000542045      1.46718  0.000717232     0.684171      2.00156
  -0.0665834       1.4785      1.57143      1.46718     -1.47906      1.58096      2.97189
    0.427422     0.990255    0.0154718      1.46718   -0.0204659     0.684314      2.02256
  -0.0665932      1.47294      1.57047      1.46718     -1.47343      1.58058      2.97184
    0.434077     0.990247  -0.00992703      1.46718    0.0131326     0.684229      1.98925
  -0.0665937      1.47645      1.57109      1.46718     -1.47698      1.58083      2.97187
    0.429603     0.990244   0.00714701      1.46718  -0.00945489     0.684201      2.01165
  -0.0665823      1.47088      1.57008      1.46718     -1.47134       1.5804      2.97184
  -0.0665713      1.47996      1.57166      1.46718     -1.48053      1.58104      2.97191
    0.436536     0.990263   -0.0193113      1.46718     0.025543     0.684394      1.97695
  -0.0665962      1.47439      1.57073      1.46718      -1.4749      1.58069      2.97185
    0.432062     0.990241  -0.00223839      1.46718   0.00296144     0.684174      1.99934
  -0.0665872       1.4779      1.57133      1.46718     -1.47845      1.58092      2.97188
    0.427866     0.990252    0.0137756      1.46718   -0.0182227     0.684284      2.02034
  -0.0665908      1.47234      1.57035      1.46718     -1.47281      1.58053      2.97184
    0.434522     0.990249   -0.0116244      1.46718    0.0153777     0.684251      1.98703
  -0.0665952      1.47584      1.57099      1.46718     -1.47637      1.58079      2.97186
    0.430326     0.990242   0.00438935      1.46718  -0.00580679     0.684182      2.00803
  -0.0665776      1.47028      1.56996      1.46718     -1.47073      1.58035      2.97184
  -0.0665748      1.47959      1.57161      1.46718     -1.48015      1.58102       2.9719
  -0.0665958      1.47402      1.57066      1.46718     -1.47452      1.58066      2.97185
    0.432785     0.990242  -0.00499567      1.46718   0.00660916     0.684186      1.99572
  -0.0665893      1.47753      1.57127      1.46718     -1.47807       1.5809      2.97188
    0.428311     0.990249    0.0120783      1.46718   -0.0159777     0.684258      2.01811
   -0.066589      1.47196      1.57029      1.46718     -1.47244       1.5805      2.97184
    0.435244     0.990253   -0.0143809      1.46718    0.0190234     0.684294      1.98341
  -0.0665959      1.47547      1.57092      1.46718     -1.47599      1.58076      2.97186
     0.43077     0.990241    0.0026935      1.46718  -0.00356329     0.684175      2.00581
  -0.0665744      1.46991      1.56989      1.46718     -1.47035      1.58032      2.97184
   -0.066578      1.47921      1.57155      1.46718     -1.47978        1.581       2.9719
  -0.0665946      1.47342      1.57055      1.46718     -1.47391      1.58061      2.97185