    0.400797      1.01155    0.0111795      2.10529    -0.365252    0.0265325    -0.880039
    0.400797      1.01155    0.0111795      2.10529     -3.50684   -0.0265325      2.26155
    0.409059      1.01155   -0.0147251      2.10529     0.466386    0.0277622     -1.71689
    0.409059      1.01155   -0.0147251      2.10529     -2.67521   -0.0277622      1.42471
     0.40385      1.01154   0.00160807      2.10529   -0.0549882    0.0247998     -1.19223
     0.40385      1.01154   0.00160807      2.10529     -3.19658   -0.0247998      1.94937
    0.398297      1.01156    0.0190208      2.10529    -0.576182    0.0295955    -0.667532
    0.398297      1.01156    0.0190208      2.10529     -3.71777   -0.0295955      2.47406
    0.406558      1.01154   -0.0068824      2.10529     0.231321    0.0254499     -1.48024
    0.406558      1.01154   -0.0068824      2.10529     -2.91027   -0.0254499      1.66135
    0.401349      1.01154   0.00944883      2.10529    -0.312674    0.0260404    -0.932965
    0.401349      1.01154   0.00944883      2.10529     -3.45427   -0.0260404      2.20863
     0.40961      1.01156   -0.0164544      2.10529     0.512289    0.0284577     -1.76314
     0.40961      1.01156   -0.0164544      2.10529      -2.6293   -0.0284577      1.37845
    0.404402      1.01154 -0.000122696      2.10529   0.00420369    0.0247638     -1.25177
    0.404402      1.01154 -0.000122696      2.10529     -3.13739   -0.0247638      1.88983
    0.399194      1.01156    0.0162078      2.10529    -0.505875    0.0283549    -0.738404
    0.399194      1.01156    0.0162078      2.10529     -3.64747   -0.0283549      2.40319
    0.407455      1.01154  -0.00969514      2.10529     0.320285    0.0261067     -1.56977
    0.407455      1.01154  -0.00969514      2.10529     -2.82131   -0.0261067      1.57182
    0.401901      1.01154   0.00771812      2.10529    -0.258216    0.0256227    -0.987771
    0.401901      1.01154   0.00771812      2.10529     -3.39981   -0.0256227      2.15382
    0.410507      1.01156   -0.0192679      2.10529     0.582074    0.0297101     -1.83349
    0.410507      1.01156   -0.0192679      2.10529     -2.55952   -0.0297101       1.3081
    0.404954      1.01154  -0.00185335      2.10529    0.0633615    0.0248167     -1.31127
    0.404954      1.01154  -0.00185335      2.10529     -3.07823   -0.0248167      1.83032
    0.399745      1.01155    0.0144778      2.10529    -0.459629    0.0276675    -0.784998
    0.399745      1.01155    0.0144778      2.10529     -3.60122   -0.0276675      2.35659
    0.408007      1.01155   -0.0114252      2.10529     0.372559     0.026611      -1.6224
    0.408007      1.01155   -0.0114252      2.10529     -2.76903    -0.026611       1.5192
    0.402798      1.01154   0.00490648      2.10529     -0.16638    0.0251151     -1.08017
    0.402798      1.01154   0.00490648      2.10529     -3.30797   -0.0251151      2.06142
    0.405506      1.01154  -0.00358352      2.10529     0.122056    0.0249508     -1.37032
    0.405506      1.01154  -0.00358352      2.10529     -3.01954   -0.0249508      1.77128
    0.400297      1.01155    0.0127477      2.10529    -0.411114    0.0270421    -0.833861
    0.400297      1.01155    0.0127477      2.10529     -3.55271   -0.0270421      2.30773
    0.408558      1.01155   -0.0131557      2.10529     0.422765    0.0271828     -1.67295
    0.408558      1.01155   -0.0131557      2.10529     -2.71883   -0.0271828      1.46864
     0.40335      1.01154   0.00317514      2.10529    -0.108257    0.0249102     -1.13864
     0.40335      1.01154   0.00317514      2.10529     -3.24985   -0.0249102      2.00295
    0.398142      1.01156    0.0195075      2.10529    -0.587732    0.0298243    -0.655883
    0.398142      1.01156    0.0195075      2.10529     -3.72932   -0.0298243      2.48571
    0.406403      1.01154  -0.00639677      2.10529     0.215525    0.0253561     -1.46435
    0.406403      1.01154  -0.00639677      2.10529     -2.92607   -0.0253561      1.67724