   -0.245226      1.53827      1.57094      1.64163     -1.53834      1.56864    -0.158843
    0.303323     0.996093      -0.0132      1.64163    0.0229426     0.504024     -1.27915
    0.291559     0.996134    0.0285529      1.64163   -0.0495923     0.504538     -1.20471
   -0.245223      1.53222      1.57058      1.64163     -1.53233      1.56786    -0.158868
   -0.245194      1.54234      1.57112      1.64163     -1.54239       1.5691    -0.158797
    0.298774     0.996082   0.00294572      1.64163  -0.00512059     0.503891     -1.25035
   -0.245232      1.53603      1.57083      1.64163     -1.53612      1.56837    -0.158858
    0.305989     0.996115    -0.022662      1.64163    0.0393738     0.504296     -1.29602
    0.294225     0.996105    0.0190916      1.64163   -0.0331754     0.504177     -1.22156
   -0.245207      1.52998      1.57042      1.64163     -1.53011      1.56754    -0.158864
   -0.245215       1.5401      1.57103      1.64163     -1.54016      1.56886    -0.158825
     0.30144     0.996084  -0.00651723      1.64163    0.0113291     0.503918     -1.26723
   -0.245231      1.53405      1.57071      1.64163     -1.53415      1.56811    -0.158865
   -0.245174      1.54392      1.57117      1.64163     -1.54396      1.56927    -0.158774
     0.29659     0.996089    0.0106998      1.64163    -0.018598     0.503976     -1.23652
   -0.245182      1.52774      1.57024      1.64163     -1.52789       1.5672    -0.158855
   -0.245228      1.53787      1.57092      1.64163     -1.53794      1.56859    -0.158846
    0.304106     0.996098   -0.0159797      1.64163    0.0277715     0.504089     -1.28411
    0.292041     0.996128    0.0268417      1.64163    -0.046625     0.504462     -1.20775
   -0.245221      1.53181      1.57056      1.64163     -1.53193       1.5678    -0.158868
   -0.245201      1.54168      1.57109      1.64163     -1.54174      1.56903    -0.158806
    0.299256     0.996082   0.00123566      1.64163  -0.00214789     0.503885      -1.2534
   -0.245232      1.53563       1.5708      1.64163     -1.53572      1.56831    -0.158859
    0.306772     0.996123   -0.0254419      1.64163    0.0441973     0.504404     -1.30097
    0.294707     0.996101    0.0173811      1.64163   -0.0302052     0.504127     -1.22461
   -0.245203      1.52957      1.57039      1.64163      -1.5297      1.56748    -0.158863
   -0.245218       1.5397      1.57101      1.64163     -1.53976      1.56881    -0.158829
    0.301922     0.996086  -0.00822785      1.64163    0.0143023     0.503938     -1.27029
   -0.245229      1.53339      1.57066      1.64163     -1.53349      1.56802    -0.158867
    -0.24518      1.54352      1.57116      1.64163     -1.54356      1.56922     -0.15878
    0.297373     0.996086   0.00791842      1.64163   -0.0137642     0.503935     -1.24148
   -0.245177      1.52734      1.57021      1.64163     -1.52749      1.56714    -0.158852
    -0.24523      1.53721      1.57089      1.64163     -1.53729      1.56851     -0.15885
    0.304588     0.996102   -0.0176909      1.64163    0.0307434     0.504135     -1.28716
    0.292523     0.996122    0.0251325      1.64163   -0.0436603     0.504391      -1.2108
   -0.245217      1.53115      1.57051      1.64163     -1.53127      1.56771    -0.158867
   -0.245205      1.54128      1.57108      1.64163     -1.54133      1.56899    -0.158811
    0.299738     0.996082 -0.000475287      1.64163  0.000826404     0.503884     -1.25645
   -0.245232      1.53522      1.57078      1.64163     -1.53531      1.56826    -0.158861
    0.307254     0.996129   -0.0271511      1.64163     0.047162     0.504476     -1.30401
    0.295189     0.996097     0.015671      1.64163    -0.027235     0.504081     -1.22765
   -0.245196      1.52892      1.57034      1.64163     -1.52905      1.56738    -0.158861
   -0.245222      1.53904      1.57098      1.64163     -1.53911      1.56873    -0.158836
    0.302705     0.996089   -0.0110087      1.64163    0.0191351     0.503981     -1.27525
   -0.245227      1.53299      1.57064      1.64163     -1.53309      1.56796    -0.158867
   -0.245188      1.54286      1.57113      1.64163     -1.54291      1.56916     -0.15879
    0.297855     0.996084   0.00620779      1.64163   -0.0107909     0.503915     -1.24453
   -0.245171      1.52693      1.57017      1.64163     -1.52708      1.56707     -0.15885
   -0.245231       1.5368      1.57087      1.64163     -1.53688      1.56846    -0.158853
     0.30507     0.996106   -0.0194006      1.64163    0.0337122     0.504186     -1.29021
    0.293306     0.996114    0.0223525      1.64163   -0.0388363     0.504285     -1.21575
   -0.245214      1.53075      1.57048      1.64163     -1.53087      1.56765    -0.158866
   -0.245211      1.54062      1.57105      1.64163     -1.54068      1.56891    -0.158819
    0.300521     0.996082  -0.00325617      1.64163    0.0056606     0.503893     -1.26142
   -0.245232      1.53457      1.57074      1.64163     -1.53466      1.56818    -0.158864
    0.307736     0.996135   -0.0288613      1.64163    0.0501273     0.504552     -1.30705
    0.295972     0.996092    0.0128906      1.64163   -0.0224047     0.504017     -1.23261
   -0.245192      1.52851      1.57031      1.64163     -1.52865      1.56732    -0.158859
   -0.245225      1.53864      1.57096      1.64163     -1.53871      1.56868    -0.158839
    0.303187     0.996092   -0.0127177      1.64163    0.0221047     0.504014     -1.27829
    0.291122      0.99614    0.0301022      1.64163   -0.0522781     0.504611     -1.20195
   -0.245225      1.53258      1.57061      1.64163     -1.53269      1.56791    -0.158867
   -0.245193      1.54246      1.57112      1.64163      -1.5425      1.56911    -0.158796
    0.298337     0.996083   0.00449708      1.64163  -0.00781733     0.503901     -1.24758
   -0.245232       1.5364      1.57085      1.64163     -1.53648      1.56841    -0.158856
    0.305853     0.996113   -0.0221809      1.64163    0.0385389     0.504279     -1.29516
    0.293788     0.996109    0.0206427      1.64163   -0.0358685     0.504226     -1.21879
    -0.24521      1.53034      1.57045      1.64163     -1.53047      1.56759    -0.158865
   -0.245212      1.54047      1.57104      1.64163     -1.54053       1.5689    -0.158821
    0.301003     0.996083  -0.00496596      1.64163   0.00863271     0.503904     -1.26447
   -0.245231      1.53416      1.57071      1.64163     -1.53426      1.56812    -0.158865
   -0.245169      1.54429      1.57118      1.64163     -1.54433       1.5693    -0.158768
    0.296454      0.99609    0.0111804      1.64163    -0.019433     0.503985     -1.23566
    -0.24519      1.52836      1.57029      1.64163      -1.5285      1.56729    -0.158858
   -0.245228      1.53798      1.57093      1.64163     -1.53805      1.56861    -0.158845
    0.303368     0.996093    -0.013359      1.64163    0.0232188     0.504027     -1.27944
    0.291905      0.99613     0.027324      1.64163   -0.0474613     0.504483     -1.20689