    -1.14101       1.4813      1.57058      1.26996     -1.48524      1.59707     -1.42511
    -1.14096      1.48957      1.57203      1.26996     -1.49357      1.59602     -1.42515
   -0.705537      1.05417    0.0125648      1.26996   -0.0149765     0.817556     -2.24426
    -1.14097      1.47636      1.56956      1.26996     -1.48022      1.59757     -1.42503
    -1.14101      1.48442      1.57116      1.26996     -1.48839      1.59671     -1.42514
   -0.699614      1.05417   -0.0156991      1.26996    0.0187119     0.817603     -2.27534
   -0.709122       1.0542    0.0296668      1.26996   -0.0353511     0.817935     -2.22546
      -1.141      1.47948      1.57021      1.26996     -1.48339      1.59727     -1.42509
    -1.14098      1.48774      1.57174      1.26996     -1.49173      1.59627     -1.42515
   -0.703437      1.05416   0.00253993      1.26996  -0.00302755     0.817477     -2.25529
    -1.14094      1.47453      1.56916      1.26996     -1.47835      1.59773     -1.42499
    -1.14101      1.48259      1.57082      1.26996     -1.48654      1.59693     -1.42512
   -0.697751      1.05419   -0.0245893      1.26996    0.0293041      0.81779     -2.28512
   -0.707021      1.05418    0.0196441      1.26996   -0.0234126     0.817676     -2.23648
    -1.14099      1.47765      1.56984      1.26996     -1.48153      1.59745     -1.42506
      -1.141      1.48592      1.57142      1.26996      -1.4899      1.59652     -1.42515
   -0.701336      1.05416  -0.00748616      1.26996   0.00892358     0.817503     -2.26631
    -1.14101      1.48097      1.57051      1.26996      -1.4849      1.59711     -1.42511
    -1.14097      1.48903      1.57195      1.26996     -1.49303      1.59609     -1.42515
    -0.70492      1.05416   0.00961983      1.26996   -0.0114665     0.817522      -2.2475
    -1.14096      1.47582      1.56945      1.26996     -1.47967      1.59762     -1.42502
    -1.14101      1.48409       1.5711      1.26996     -1.48806      1.59675     -1.42514
   -0.699235      1.05417   -0.0175111      1.26996    0.0208712     0.817634     -2.27734
   -0.708742      1.05419    0.0278552      1.26996   -0.0331937      0.81788     -2.22745
      -1.141      1.47915      1.57015      1.26996     -1.48305       1.5973     -1.42508
    -1.14099      1.48721      1.57165      1.26996      -1.4912      1.59635     -1.42515
   -0.703057      1.05416  0.000726283      1.26996 -0.000865644     0.817474     -2.25728
    -1.14101      1.48226      1.57076      1.26996     -1.48621      1.59696     -1.42512
   -0.697134      1.05419   -0.0275332      1.26996    0.0328104     0.817871     -2.28835
   -0.706641      1.05417     0.017832      1.26996   -0.0212533      0.81764     -2.23847
    -1.14098      1.47732      1.56977      1.26996     -1.48119      1.59748     -1.42505
      -1.141      1.48559      1.57137      1.26996     -1.48957      1.59656     -1.42514
   -0.700956      1.05416  -0.00929844      1.26996    0.0110837     0.817519     -2.26831
    -1.14101      1.48064      1.57045      1.26996     -1.48457      1.59714      -1.4251
    -1.14097       1.4887      1.57189      1.26996      -1.4927      1.59614     -1.42515
    -0.70454      1.05416   0.00780737      1.26996  -0.00930624     0.817505     -2.24949
    -1.14096      1.47549      1.56938      1.26996     -1.47933      1.59765     -1.42501
    -1.14101      1.48355        1.571      1.26996     -1.48751      1.59681     -1.42513
   -0.698855      1.05418   -0.0193243      1.26996    0.0230317     0.817669     -2.27933
   -0.708125      1.05419    0.0249099      1.26996   -0.0296857     0.817799     -2.23069
      -1.141      1.47861      1.57004      1.26996     -1.48251      1.59735     -1.42507
    -1.14099      1.48688      1.57159      1.26996     -1.49086      1.59639     -1.42515
   -0.702439      1.05416  -0.00221878      1.26996   0.00264493     0.817476     -2.26052
    -1.14101      1.48193       1.5707      1.26996     -1.48588        1.597     -1.42512
    -1.14095      1.48999       1.5721      1.26996     -1.49399      1.59596     -1.42515
   -0.696754       1.0542   -0.0293468      1.26996    0.0349702     0.817925     -2.29034
   -0.706024      1.05417    0.0148863      1.26996   -0.0177432      0.81759     -2.24171
    -1.14098      1.47699       1.5697      1.26996     -1.48086      1.59751     -1.42504
      -1.141      1.48505      1.57127      1.26996     -1.48902      1.59663     -1.42514
   -0.700338      1.05417   -0.0122453      1.26996    0.0145959     0.817552     -2.27155
    -1.14101      1.48011      1.57034      1.26996     -1.48403       1.5972     -1.42509
    -1.14097      1.48837      1.57184      1.26996     -1.49237      1.59619     -1.42515
   -0.704161      1.05416   0.00599509      1.26996  -0.00714609     0.817492     -2.25149
    -1.14095      1.47516       1.5693      1.26996       -1.479      1.59767     -1.42501
    -1.14101      1.48322      1.57094      1.26996     -1.48718      1.59685     -1.42513
   -0.698475      1.05418   -0.0211342      1.26996    0.0251881     0.817708     -2.28132
   -0.707745      1.05418    0.0230978      1.26996   -0.0275272     0.817753     -2.23268
    -1.14099      1.47828      1.56997      1.26996     -1.48217      1.59739     -1.42507
    -1.14099      1.48655      1.57153      1.26996     -1.49053      1.59644     -1.42515
    -0.70206      1.05416  -0.00403112      1.26996   0.00480526     0.817482     -2.26251
    -1.14101       1.4816      1.57063      1.26996     -1.48554      1.59704     -1.42511
    -1.14096      1.48966      1.57205      1.26996     -1.49366        1.596     -1.42515
   -0.705644      1.05417    0.0130748      1.26996   -0.0155843     0.817563      -2.2437
    -1.14097      1.47645      1.56958      1.26996     -1.48031      1.59756     -1.42503
    -1.14101      1.48472      1.57121      1.26996     -1.48869      1.59667     -1.42514
   -0.699959      1.05417   -0.0140565      1.26996    0.0167545     0.817577     -2.27354
      -1.141      1.47978      1.57027      1.26996     -1.48369      1.59724     -1.42509
    -1.14098      1.48804      1.57178      1.26996     -1.49204      1.59623     -1.42515
   -0.703781      1.05416   0.00418156      1.26996  -0.00498438     0.817483     -2.25348
    -1.14095      1.47483      1.56923      1.26996     -1.47866       1.5977       -1.425
    -1.14101      1.48289      1.57088      1.26996     -1.48685      1.59689     -1.42513
   -0.697858      1.05418   -0.0240803      1.26996    0.0286977     0.817777     -2.28456
   -0.707365      1.05418    0.0212867      1.26996   -0.0253696     0.817711     -2.23467
    -1.14099      1.47816      1.56994      1.26996     -1.48204       1.5974     -1.42506
      -1.141      1.48601      1.57144      1.26996     -1.48999      1.59651     -1.42515
   -0.701442      1.05416  -0.00697696      1.26996   0.00831663     0.817499     -2.26575
    -1.14101      1.48127      1.57057      1.26996     -1.48521      1.59707     -1.42511
    -1.14096      1.48913      1.57196      1.26996     -1.49312      1.59608     -1.42515