  -0.701858      1.2454     1.57106     1.98112    -1.27065     1.44315    -0.19599
  -0.701858      1.2454     1.57106     1.98112    -4.41225    -1.44315      2.9456
 -0.0426139    0.685617  -0.0245863     1.98112   0.0340257    0.475234    -1.54788
 -0.0426139    0.685617  -0.0245863     1.98112    -3.10757   -0.475234     1.59371
 -0.0601533    0.685567   0.0129656     1.98112  -0.0179488    0.475007    -1.49013
 -0.0601533    0.685567   0.0129656     1.98112    -3.15954   -0.475007     1.65146
  -0.701829     1.23858     1.56797     1.98112    -1.26542     1.43785   -0.197641
  -0.701829     1.23858     1.56797     1.98112    -4.40702    -1.43785     2.94395
   -0.70184     1.24969     1.57295     1.98112    -1.27397     1.44644   -0.194957
   -0.70184     1.24969     1.57295     1.98112    -4.41556    -1.44644     2.94664
 -0.0493956    0.685559  -0.0100665     1.98112   0.0139365    0.474973    -1.52556
 -0.0493956    0.685559  -0.0100665     1.98112    -3.12766   -0.474973     1.61604
 -0.0673839    0.685641   0.0284464     1.98112  -0.0393616    0.475341    -1.46634
 -0.0673839    0.685641   0.0284464     1.98112    -3.18095   -0.475341     1.67526
  -0.701855     1.24288     1.56993     1.98112    -1.26872     1.44121   -0.196598
  -0.701855     1.24288     1.56993     1.98112    -4.41031    -1.44121     2.94499
 -0.0386401    0.685673  -0.0330946     1.98112   0.0457844     0.47549    -1.56094
 -0.0386401    0.685673  -0.0330946     1.98112    -3.09581    -0.47549     1.58065
 -0.0566275    0.685551  0.00541688     1.98112 -0.00749946    0.474935    -1.50174
 -0.0566275    0.685551  0.00541688     1.98112    -3.14909   -0.474935     1.63985
  -0.701802     1.23607     1.56679     1.98112     -1.2635     1.43587   -0.198255
  -0.701802     1.23607     1.56679     1.98112    -4.40509    -1.43587     2.94334
  -0.701853     1.24746     1.57197     1.98112    -1.27224     1.44474   -0.195493
  -0.701853     1.24746     1.57197     1.98112    -4.41383    -1.44474      2.9461
 -0.0454207    0.685587  -0.0185768     1.98112   0.0257139    0.475099    -1.53864
 -0.0454207    0.685587  -0.0185768     1.98112    -3.11588   -0.475099     1.60295
 -0.0634096    0.685593   0.0199373     1.98112  -0.0275956    0.475127    -1.47941
 -0.0634096    0.685593   0.0199373     1.98112    -3.16919   -0.475127     1.66218
  -0.701843     1.24036     1.56879     1.98112    -1.26679     1.43924   -0.197208
  -0.701843     1.24036     1.56879     1.98112    -4.40838    -1.43924     2.94438
  -0.701822     1.25175     1.57383     1.98112    -1.27556     1.44801   -0.194463
  -0.701822     1.25175     1.57383     1.98112    -4.41715    -1.44801     2.94713
 -0.0526522    0.685549 -0.00309425     1.98112  0.00428421    0.474925    -1.51483
 -0.0526522    0.685549 -0.00309425     1.98112    -3.13731   -0.474925     1.62676
   -0.07019    0.685684   0.0344546     1.98112  -0.0476624    0.475537    -1.45711
   -0.07019    0.685684   0.0344546     1.98112    -3.18925   -0.475537     1.68448
  -0.701858     1.24494     1.57086     1.98112     -1.2703      1.4428   -0.196099
  -0.701858     1.24494     1.57086     1.98112     -4.4119     -1.4428     2.94549
 -0.0414463    0.685632  -0.0270863     1.98112    0.037482    0.475302    -1.55172
 -0.0414463    0.685632  -0.0270863     1.98112    -3.10411   -0.475302     1.58987
 -0.0594347    0.685563    0.011427     1.98112  -0.0158193    0.474988     -1.4925
 -0.0594347    0.685563    0.011427     1.98112    -3.15741   -0.474988      1.6491
  -0.701822     1.23785     1.56762     1.98112    -1.26486     1.43727   -0.197821
  -0.701822     1.23785     1.56762     1.98112    -4.40645    -1.43727     2.94377
  -0.701843     1.24923     1.57275     1.98112    -1.27361      1.4461   -0.195066
  -0.701843     1.24923     1.57275     1.98112    -4.41521     -1.4461     2.94653
  -0.048677    0.685563   -0.011605     1.98112   0.0160661     0.47499    -1.52792
  -0.048677    0.685563   -0.011605     1.98112    -3.12553    -0.47499     1.61367
 -0.0662163    0.685625   0.0259465     1.98112  -0.0359059     0.47527    -1.47018
 -0.0662163    0.685625   0.0259465     1.98112     -3.1775    -0.47527     1.67142
  -0.701854     1.24242     1.56973     1.98112    -1.26837     1.44085   -0.196708
  -0.701854     1.24242     1.56973     1.98112    -4.40996    -1.44085     2.94488
  -0.701802     1.25353     1.57459     1.98112    -1.27694     1.44935   -0.194039
  -0.701802     1.25353     1.57459     1.98112    -4.41853    -1.44935     2.94755
 -0.0379218    0.685685  -0.0346326     1.98112   0.0479085    0.475544    -1.56331
 -0.0379218    0.685685  -0.0346326     1.98112    -3.09368   -0.475544     1.57829
 -0.0554595    0.685549  0.00291616     1.98112 -0.00403728    0.474924    -1.50559
 -0.0554595    0.685549  0.00291616     1.98112    -3.14563   -0.474924     1.63601
  -0.701792     1.23533     1.56644     1.98112    -1.26294     1.43528   -0.198436
  -0.701792     1.23533     1.56644     1.98112    -4.40453    -1.43528     2.94316
  -0.701855     1.24672     1.57165     1.98112    -1.27167     1.44417   -0.195671
  -0.701855     1.24672     1.57165     1.98112    -4.41326    -1.44417     2.94592
 -0.0447021    0.685594  -0.0201154     1.98112   0.0278423     0.47513    -1.54101
 -0.0447021    0.685594  -0.0201154     1.98112    -3.11375    -0.47513     1.60059
 -0.0626911    0.685587   0.0183989     1.98112  -0.0254673    0.475096    -1.48178
 -0.0626911    0.685587   0.0183989     1.98112    -3.16706   -0.475096     1.65982
   -0.70184     1.23991     1.56858     1.98112    -1.26644     1.43889   -0.197319
   -0.70184     1.23991     1.56858     1.98112    -4.40803    -1.43889     2.94427
  -0.701827      1.2513     1.57364     1.98112    -1.27521     1.44767   -0.194572
  -0.701827      1.2513     1.57364     1.98112     -4.4168    -1.44767     2.94702
 -0.0519336     0.68555 -0.00463283     1.98112  0.00641434    0.474931     -1.5172
 -0.0519336     0.68555 -0.00463283     1.98112    -3.13518   -0.474931     1.62439
 -0.0694717    0.685672   0.0329167     1.98112  -0.0455383    0.475483    -1.45947
 -0.0694717    0.685672   0.0329167     1.98112    -3.18713   -0.475483     1.68212
  -0.701858      1.2442     1.57053     1.98112    -1.26973     1.44223   -0.196278
  -0.701858      1.2442     1.57053     1.98112    -4.41133    -1.44223     2.94531
 -0.0407279    0.685642  -0.0286244     1.98112    0.039608    0.475346    -1.55408
 -0.0407279    0.685642  -0.0286244     1.98112    -3.10198   -0.475346     1.58751
 -0.0587161    0.685559  0.00988843     1.98112  -0.0136896    0.474971    -1.49486
 -0.0587161    0.685559  0.00988843     1.98112    -3.15528   -0.474971     1.64673
  -0.701817     1.23739     1.56741     1.98112    -1.26451     1.43691   -0.197932
  -0.701817     1.23739     1.56741     1.98112     -4.4061    -1.43691     2.94366
  -0.701846     1.24878     1.57255     1.98112    -1.27326     1.44575   -0.195175
  -0.701846     1.24878     1.57255     1.98112    -4.41486    -1.44575     2.94642
 -0.0479584    0.685568  -0.0131436     1.98112   0.0181955     0.47501    -1.53029
 -0.0479584    0.685568  -0.0131436     1.98112     -3.1234    -0.47501      1.6113
 -0.0654978    0.685616   0.0244082     1.98112  -0.0337791     0.47523    -1.47254
 -0.0654978    0.685616   0.0244082     1.98112    -3.17537    -0.47523     1.66905
  -0.701851     1.24168     1.56939     1.98112     -1.2678     1.44028   -0.196887
  -0.701851     1.24168     1.56939     1.98112    -4.40939    -1.44028     2.94471
  -0.701808     1.25307      1.5744     1.98112    -1.27659     1.44901   -0.194147
  -0.701808     1.25307      1.5744     1.98112    -4.41818    -1.44901     2.94745
 -0.0367545    0.685706  -0.0371321     1.98112   0.0513595    0.475637    -1.56714
 -0.0367545    0.685706  -0.0371321     1.98112    -3.09023   -0.475637     1.57445
 -0.0547409    0.685548  0.00137754     1.98112 -0.00190705    0.474921    -1.50795
 -0.0547409    0.685548  0.00137754     1.98112     -3.1435   -0.474921     1.63364
 -0.0722774    0.685721   0.0389242     1.98112  -0.0538327    0.475708    -1.45025
 -0.0722774    0.685721   0.0389242     1.98112    -3.19543   -0.475708     1.69134
  -0.701856     1.24626     1.57145     1.98112    -1.27132     1.44382   -0.195781
  -0.701856     1.24626     1.57145     1.98112    -4.41291    -1.44382     2.94581
 -0.0439836    0.685601  -0.0216536     1.98112     0.02997    0.475164    -1.54337
 -0.0439836    0.685601  -0.0216536     1.98112    -3.11162   -0.475164     1.59822
 -0.0615232    0.685577   0.0158985     1.98112  -0.0220077    0.475051    -1.48562
 -0.0615232    0.685577   0.0158985     1.98112     -3.1636   -0.475051     1.65597
  -0.701837     1.23945     1.56837     1.98112    -1.26609     1.43853   -0.197429
  -0.701837     1.23945     1.56837     1.98112    -4.40768    -1.43853     2.94416
  -0.701831     1.25084     1.57344     1.98112    -1.27486     1.44732   -0.194681
  -0.701831     1.25084     1.57344     1.98112    -4.41645    -1.44732     2.94691
 -0.0507656    0.685554 -0.00713334     1.98112   0.0098761    0.474946    -1.52104
 -0.0507656    0.685554 -0.00713334     1.98112    -3.13172   -0.474946     1.62055
 -0.0687534     0.68566   0.0313786     1.98112  -0.0434135    0.475432    -1.46183
 -0.0687534     0.68566   0.0313786     1.98112    -3.18501   -0.475432     1.67976
  -0.701857     1.24375     1.57032     1.98112    -1.26938     1.44188   -0.196388
  -0.701857     1.24375     1.57032     1.98112    -4.41098    -1.44188      2.9452
 -0.0400095    0.685652  -0.0301625     1.98112   0.0417336    0.475393    -1.55644
 -0.0400095    0.685652  -0.0301625     1.98112    -3.09986   -0.475393     1.58515
 -0.0575482    0.685554  0.00738788     1.98112  -0.0102281    0.474948    -1.49871
 -0.0575482    0.685554  0.00738788     1.98112    -3.15182   -0.474948     1.64289
  -0.701812     1.23694      1.5672     1.98112    -1.26416     1.43655   -0.198043
  -0.701812     1.23694      1.5672     1.98112    -4.40576    -1.43655     2.94355
   -0.70185     1.24804     1.57223     1.98112    -1.27269     1.44518   -0.195353
   -0.70185     1.24804     1.57223     1.98112    -4.41428    -1.44518     2.94624
 -0.0467905    0.685576   -0.015644     1.98112   0.0216559    0.475047    -1.53413
 -0.0467905    0.685576   -0.015644     1.98112    -3.11994   -0.475047     1.60746
 -0.0647793    0.685608   0.0228699     1.98112  -0.0316518    0.475192     -1.4749
 -0.0647793    0.685608   0.0228699     1.98112    -3.17324   -0.475192     1.66669
  -0.701849     1.24123     1.56918     1.98112    -1.26745     1.43992   -0.196998
  -0.701849     1.24123     1.56918     1.98112    -4.40904    -1.43992     2.94459
  -0.701816     1.25233     1.57408     1.98112    -1.27601     1.44845   -0.194324
  -0.701816     1.25233     1.57408     1.98112    -4.41761    -1.44845     2.94727
 -0.0360363    0.685719  -0.0386699     1.98112    0.053482    0.475698     -1.5695
 -0.0360363    0.685719  -0.0386699     1.98112    -3.08811   -0.475698     1.57209
 -0.0535729    0.685548 -0.00112312     1.98112  0.00155516    0.474921     -1.5118
 -0.0535729    0.685548 -0.00112312     1.98112    -3.14004   -0.474921     1.62979
 -0.0715592    0.685708   0.0373864     1.98112  -0.0517102    0.475647    -1.45261
 -0.0715592    0.685708   0.0373864     1.98112     -3.1933   -0.475647     1.68898
  -0.701857     1.24552     1.57112     1.98112    -1.27075     1.44325   -0.195959
  -0.701857     1.24552     1.57112     1.98112    -4.41234    -1.44325     2.94563
 -0.0428159    0.685615  -0.0241539     1.98112   0.0334278    0.475224    -1.54721
 -0.0428159    0.685615  -0.0241539     1.98112    -3.10816   -0.475224     1.59438
 -0.0608047    0.685571     0.01436     1.98112  -0.0198787    0.475027    -1.48798
 -0.0608047    0.685571     0.01436     1.98112    -3.16147   -0.475027     1.65361
  -0.701831     1.23871     1.56802     1.98112    -1.26552     1.43795    -0.19761
  -0.701831     1.23871     1.56802     1.98112    -4.40711    -1.43795     2.94398
  -0.701837      1.2501     1.57312     1.98112    -1.27429     1.44676   -0.194858
  -0.701837      1.2501     1.57312     1.98112    -4.41588    -1.44676     2.94673
  -0.050047    0.685556 -0.00867195     1.98112    0.012006    0.474959    -1.52341
  -0.050047    0.685556 -0.00867195     1.98112    -3.12959   -0.474959     1.61818
 -0.0675858    0.685643   0.0288788     1.98112  -0.0399592    0.475354    -1.46567
 -0.0675858    0.685643   0.0288788     1.98112    -3.18155   -0.475354     1.67592
  -0.701856     1.24329     1.57012     1.98112    -1.26903     1.44153   -0.196498
  -0.701856     1.24329     1.57012     1.98112    -4.41063    -1.44153     2.94509
  -0.038842     0.68567  -0.0326623     1.98112   0.0451872    0.475475    -1.56028
  -0.038842     0.68567  -0.0326623     1.98112    -3.09641   -0.475475     1.58131
 -0.0568295    0.685552  0.00584931     1.98112 -0.00809813    0.474938    -1.50107
 -0.0568295    0.685552  0.00584931     1.98112    -3.14969   -0.474938     1.64052
  -0.701803      1.2362     1.56685     1.98112     -1.2636     1.43597   -0.198224
  -0.701803      1.2362     1.56685     1.98112    -4.40519    -1.43597     2.94337
  -0.701852     1.24758     1.57203     1.98112    -1.27234     1.44484   -0.195462
  -0.701852     1.24758     1.57203     1.98112    -4.41393    -1.44484     2.94613
  -0.046072    0.685582  -0.0171825     1.98112   0.0237846    0.475074     -1.5365
  -0.046072    0.685582  -0.0171825     1.98112    -3.11781   -0.475074     1.60509
 -0.0636116    0.685595   0.0203698     1.98112  -0.0281938    0.475136    -1.47875
 -0.0636116    0.685595   0.0203698     1.98112    -3.16979   -0.475136     1.66285
  -0.701846     1.24077     1.56897     1.98112     -1.2671     1.43957   -0.197108
  -0.701846     1.24077     1.56897     1.98112     -4.4087    -1.43957     2.94448
  -0.701818     1.25216     1.57401     1.98112    -1.27588     1.44832   -0.194365
  -0.701818     1.25216     1.57401     1.98112    -4.41747    -1.44832     2.94723
 -0.0528543    0.685549  -0.0026617     1.98112  0.00368534    0.474924    -1.51417
 -0.0528543    0.685549  -0.0026617     1.98112    -3.13791   -0.474924     1.62743
  -0.070841    0.685695   0.0358486     1.98112  -0.0495872    0.475588    -1.45497
  -0.070841    0.685695   0.0358486     1.98112    -3.19118   -0.475588     1.68662
  -0.701858     1.24507     1.57092     1.98112     -1.2704      1.4429   -0.196069
  -0.701858     1.24507     1.57092     1.98112    -4.41199     -1.4429     2.94552