    0.506343      1.04186     -1.58034      1.81345      1.05296       1.4573     -2.79858
    0.506479      1.03103     -1.57219      1.81345      1.04379      1.44816     -2.79321
     0.50641       1.0202     -1.56368      1.81345      1.03462      1.43881      -2.7877
    0.506141      1.00964     -1.55503      1.81345      1.02566       1.4295     -2.78219
   -0.101841     0.541286   -0.0986754      1.81345    0.0714968     0.790284     -1.75581
   -0.122298     0.540569   -0.0597382      1.81345    0.0433163     0.788827     -1.72305
   -0.143334       0.5402   -0.0197305      1.81345    0.0143122     0.788076     -1.68933
   -0.163863     0.540199    0.0193017      1.81345    -0.014001     0.788072     -1.65641
   -0.184899     0.540564    0.0593099      1.81345   -0.0430059     0.788815     -1.62269
    -0.20588     0.541299    0.0992443      1.81345   -0.0719079      0.79031     -1.58909
   -0.813559      1.00953      1.55493      1.81345     -1.02557       1.4294    -0.563249
   -0.813834      1.02035       1.5638      1.81345     -1.03475      1.43894    -0.557594
   -0.813901      1.03091       1.5721      1.81345      -1.0437      1.44806    -0.552223
   -0.813767      1.04174      1.58026      1.81345     -1.05286       1.4572    -0.546853
    0.506165      1.04833     -1.58505      1.81345      1.05844      1.46267     -2.80173
    0.506422       1.0375      -1.5771      1.81345      1.04928      1.45365     -2.79644
    0.506477      1.02695     -1.56902      1.81345      1.04034      1.44466     -2.79115
     0.50633      1.01612     -1.56037      1.81345      1.03116      1.43523     -2.78559
   -0.109743     0.540967   -0.0836303      1.81345    0.0606156     0.789636     -1.74316
    -0.13075     0.540376    -0.043661      1.81345    0.0316651     0.788435      -1.7095
   -0.151272     0.540158  -0.00463752      1.81345   0.00336422     0.787989      -1.6766
   -0.172324     0.540301    0.0353905      1.81345   -0.0256688      0.78828     -1.64285
   -0.192818     0.540797    0.0743775      1.81345   -0.0539184     0.789291        -1.61
   -0.813688      1.01361      1.55832      1.81345     -1.02903      1.43302    -0.561099
   -0.813883      1.02444      1.56705      1.81345     -1.03821      1.44249    -0.555501
   -0.813872      1.03526      1.57542      1.81345     -1.04738      1.45176    -0.550048
   -0.813664      1.04582      1.58324      1.81345     -1.05632       1.4606    -0.544863
    0.506292      1.04398      -1.5819      1.81345      1.05476      1.45907     -2.79962
    0.506466      1.03342     -1.57402      1.81345      1.04582      1.45019     -2.79441
    0.506443      1.02259     -1.56559      1.81345      1.03665      1.44089     -2.78893
     0.50622      1.01204     -1.55702      1.81345      1.02769      1.43163     -2.78345
   -0.117656     0.540701   -0.0685704      1.81345    0.0497139     0.789095     -1.73048
   -0.138682      0.54025   -0.0285749      1.81345    0.0207267     0.788177     -1.69678
   -0.159736     0.540171    0.0114559      1.81345  -0.00831001     0.788015     -1.66303
   -0.180254     0.540451    0.0504739      1.81345   -0.0366031     0.788586     -1.63014
    -0.20125     0.541105    0.0904288      1.81345   -0.0655337     0.789915      -1.5965
   -0.813792      1.01796      1.56187      1.81345     -1.03272      1.43685     -0.55883
   -0.813903      1.02852      1.57025      1.81345     -1.04167      1.44601    -0.553428
   -0.813814      1.03935      1.57848      1.81345     -1.05084       1.4552    -0.548028
    0.506382       1.0399     -1.57889      1.81345       1.0513      1.45566     -2.79762
    0.506482      1.02907     -1.57067      1.81345      1.04213      1.44648     -2.79223
     0.50638      1.01851     -1.56232      1.81345      1.03319      1.43733     -2.78683
    -0.10511     0.541148   -0.0924502      1.81345    0.0669959     0.790002     -1.75058
   -0.126103     0.540475   -0.0524995      1.81345    0.0380713     0.788635     -1.71695
   -0.146619     0.540176   -0.0134838      1.81345   0.00978121     0.788027     -1.68406
   -0.167673     0.540237    0.0265475      1.81345   -0.0192562     0.788151      -1.6503
   -0.188702     0.540669     0.066546      1.81345   -0.0482475      0.78903      -1.6166
   -0.813625      1.01149      1.55657      1.81345     -1.02723      1.43114    -0.562214
   -0.813858      1.02204      1.56515      1.81345     -1.03618      1.44041    -0.556725
   -0.813892      1.03287       1.5736      1.81345     -1.04536      1.44973    -0.551241
   -0.813728      1.04343       1.5815      1.81345     -1.05429      1.45861    -0.546027
    0.506226      1.04637     -1.58364      1.81345      1.05678      1.46105     -2.80078
    0.506444      1.03581     -1.57583      1.81345      1.04785      1.45222      -2.7956
    0.506466      1.02498     -1.56748      1.81345      1.03868      1.44296     -2.79016
     0.50628      1.01416     -1.55877      1.81345       1.0295       1.4335     -2.78457
   -0.113541     0.540833   -0.0764009      1.81345    0.0553834     0.789362     -1.73708
   -0.134032     0.540318   -0.0374179      1.81345     0.027139     0.788315     -1.70424
   -0.155084     0.540156   0.00260964      1.81345  -0.00189296     0.787986     -1.67049
   -0.175607     0.540356    0.0416346      1.81345   -0.0301959     0.788394     -1.63759
   -0.196617     0.540928    0.0816077      1.81345   -0.0591518     0.789557     -1.60392
   -0.813739      1.01557      1.55993      1.81345     -1.03069      1.43475    -0.560074
   -0.813897       1.0264      1.56859      1.81345     -1.03987      1.44418    -0.554503
   -0.813852      1.03695      1.57669      1.81345     -1.04881      1.45319    -0.549209
   -0.813605      1.04778      1.58465      1.81345     -1.05798      1.46222    -0.543914
    0.506333      1.04229     -1.58066      1.81345      1.05333      1.45766     -2.79879
    0.506477      1.03146     -1.57252      1.81345      1.04416      1.44852     -2.79343
     0.50642       1.0209     -1.56424      1.81345      1.03522      1.43942     -2.78807
    0.506156      1.01008     -1.55539      1.81345      1.02603      1.42989     -2.78242
   -0.100482     0.541346    -0.101265      1.81345    0.0733684     0.790405     -1.75799
   -0.121458     0.540592   -0.0613352      1.81345    0.0444733     0.788873     -1.72439
   -0.142493     0.540208   -0.0213293      1.81345    0.0154718     0.788092     -1.69067
   -0.163022     0.540192    0.0177028      1.81345   -0.0128412     0.788059     -1.65776
    -0.18406     0.540542    0.0577129      1.81345   -0.0418488     0.788771     -1.62404
    -0.20452      0.54124     0.096655      1.81345    -0.070036      0.79019     -1.59126
   -0.813544       1.0091      1.55457      1.81345      -1.0252      1.42901    -0.563478
   -0.813823      1.01965      1.56324      1.81345     -1.03415      1.43833    -0.557957
   -0.813902      1.03048      1.57176      1.81345     -1.04333      1.44769     -0.55244
   -0.813777      1.04131      1.57994      1.81345      -1.0525      1.45684    -0.547065
    0.506415      1.03794     -1.57743      1.81345      1.04964      1.45401     -2.79665
    0.506479      1.02738     -1.56936      1.81345       1.0407      1.44503     -2.79137
    0.506339      1.01655     -1.56073      1.81345      1.03152      1.43561     -2.78581
   -0.108905     0.540999   -0.0852252      1.81345    0.0617696     0.789699      -1.7445
   -0.129384     0.540404   -0.0462582      1.81345    0.0335477      0.78849     -1.71169
   -0.150431      0.54016  -0.00623676      1.81345   0.00452431     0.787994     -1.67795
   -0.171483     0.540288    0.0337923      1.81345   -0.0245099     0.788254      -1.6442
   -0.191979      0.54077    0.0727817      1.81345    -0.052763     0.789235     -1.61135
   -0.813675      1.01318      1.55796      1.81345     -1.02866      1.43264    -0.561326
    -0.81388        1.024      1.56671      1.81345     -1.03784      1.44212    -0.555721
   -0.813879      1.03456      1.57489      1.81345     -1.04679      1.45116    -0.550398
   -0.813677      1.04539      1.58293      1.81345     -1.05595      1.46024    -0.545073
    0.506274      1.04468     -1.58241      1.81345      1.05535      1.45965     -2.79996
    0.506463      1.03385     -1.57435      1.81345      1.04619      1.45056     -2.79463
    0.506448      1.02302     -1.56593      1.81345      1.03701      1.44127     -2.78915
    0.506233      1.01247     -1.55738      1.81345      1.02806      1.43201     -2.78368
   -0.116817     0.540727   -0.0701668      1.81345    0.0508699     0.789147     -1.73183
   -0.137842     0.540261   -0.0301735      1.81345    0.0218859     0.788199     -1.69813
   -0.158369     0.540164   0.00885712      1.81345   -0.0064249     0.788003     -1.66522
   -0.179414     0.540432    0.0488761      1.81345    -0.035445     0.788548     -1.63148
   -0.199889     0.541051    0.0878376      1.81345   -0.0636594     0.789806     -1.59868
   -0.813783      1.01753      1.56152      1.81345     -1.03236      1.43647    -0.559055
   -0.813902      1.02809      1.56991      1.81345      -1.0413      1.44564    -0.553647
   -0.813822      1.03891      1.57816      1.81345     -1.05047      1.45484    -0.548241
    0.506374      1.04033     -1.57921      1.81345      1.05167      1.45602     -2.79783
    0.506481      1.02977     -1.57122      1.81345      1.04273      1.44708     -2.79258
    0.506388      1.01894     -1.56266      1.81345      1.03355      1.43771     -2.78705
   -0.104273     0.541182   -0.0940441      1.81345    0.0681485     0.790073     -1.75192
   -0.124738     0.540508   -0.0550959      1.81345    0.0399528     0.788701     -1.71914
   -0.145778     0.540182   -0.0150829      1.81345    0.0109412     0.788038     -1.68541
   -0.166833     0.540227    0.0249487      1.81345   -0.0180967     0.788131     -1.65165
   -0.187339      0.54063    0.0639512      1.81345   -0.0463681      0.78895     -1.61878
   -0.813602      1.01078      1.55598      1.81345     -1.02663      1.43052    -0.562584
   -0.813853      1.02161      1.56481      1.81345     -1.03582      1.44004    -0.556947
   -0.813896      1.03217      1.57306      1.81345     -1.04476      1.44913    -0.551592
   -0.813739        1.043      1.58118      1.81345     -1.05393      1.45825    -0.546238
    0.506213       1.0468     -1.58395      1.81345      1.05715      1.46141     -2.80099
    0.506439      1.03625     -1.57616      1.81345      1.04821      1.45259     -2.79582
    0.506469      1.02542     -1.56782      1.81345      1.03904      1.44334     -2.79038
    0.506299      1.01486     -1.55935      1.81345      1.03009      1.43412     -2.78493
   -0.112178      0.54088   -0.0789941      1.81345    0.0572604     0.789458     -1.73926
   -0.133192     0.540332   -0.0390162      1.81345    0.0282978     0.788344     -1.70559
   -0.153717     0.540155  1.04159e-05      1.81345 -7.45069e-06     0.787984     -1.67268
   -0.174766     0.540341    0.0400363      1.81345   -0.0290371     0.788363     -1.63893
   -0.195779     0.540899    0.0800125      1.81345   -0.0579973     0.789496     -1.60526
   -0.813728      1.01514      1.55957      1.81345     -1.03033      1.43437      -0.5603
   -0.813893      1.02569      1.56804      1.81345     -1.03928      1.44358     -0.55486
   -0.813857      1.03652      1.57637      1.81345     -1.04845      1.45282    -0.549424
   -0.813627      1.04708      1.58415      1.81345     -1.05738      1.46164    -0.544254
    0.506323      1.04272     -1.58098      1.81345      1.05369      1.45802       -2.799
    0.506474      1.03216     -1.57306      1.81345      1.04476      1.44912     -2.79378
    0.506427      1.02134     -1.56458      1.81345      1.03558       1.4398     -2.78829
     0.50618      1.01078     -1.55598      1.81345      1.02663      1.43051     -2.78279
   -0.120619     0.540615   -0.0629319      1.81345      0.04563     0.788919     -1.72574
   -0.141126     0.540222   -0.0239282      1.81345    0.0173567      0.78812     -1.69287
   -0.162181     0.540185    0.0161037      1.81345   -0.0116814     0.788046     -1.65911
   -0.182695     0.540508    0.0551168      1.81345   -0.0399677     0.788701     -1.62622
   -0.203683     0.541205    0.0950613      1.81345   -0.0688838     0.790118      -1.5926
   -0.813815      1.01922      1.56289      1.81345     -1.03379      1.43795     -0.55818
   -0.813903      1.02978      1.57122      1.81345     -1.04273      1.44709    -0.552794
   -0.813791       1.0406      1.57941      1.81345      -1.0519      1.45625     -0.54741
    0.506404      1.03864     -1.57795      1.81345      1.05024       1.4546       -2.797
     0.50648      1.02781     -1.56969      1.81345      1.04107       1.4454     -2.79159
    0.506355      1.01725      -1.5613      1.81345      1.03212      1.43623     -2.78618
   -0.108067     0.541031   -0.0868199      1.81345    0.0629233     0.789764     -1.74584
   -0.128544     0.540421   -0.0478561      1.81345     0.034706     0.788525     -1.71304
    -0.14959     0.540163  -0.00783616      1.81345   0.00568452     0.787999      -1.6793
   -0.170117     0.540268    0.0311941      1.81345   -0.0226258     0.788214     -1.64639
   -0.191141     0.540743    0.0711856      1.81345   -0.0516074     0.789181     -1.61269
   -0.813663      1.01274      1.55761      1.81345      -1.0283      1.43226    -0.561552
   -0.813873       1.0233      1.56615      1.81345     -1.03725      1.44151    -0.556081
   -0.813883      1.03413      1.57456      1.81345     -1.04642       1.4508    -0.550613
   -0.813689      1.04496      1.58261      1.81345     -1.05559      1.45988    -0.545283
    0.506262      1.04511     -1.58272      1.81345      1.05572      1.46001     -2.80017
    0.506457      1.03456     -1.57488      1.81345      1.04678      1.45116     -2.79498
    0.506455      1.02373     -1.56649      1.81345      1.03761      1.44188     -2.78951
    0.506245       1.0129     -1.55773      1.81345      1.02843      1.43239     -2.78391
   -0.115454      0.54077   -0.0727609      1.81345    0.0527482     0.789234     -1.73401
   -0.136475      0.54028   -0.0327719      1.81345    0.0237702     0.788238     -1.70032
   -0.157528     0.540161    0.0072577      1.81345  -0.00526469     0.787997     -1.66657
   -0.178574     0.540415    0.0472782      1.81345   -0.0342869     0.788512     -1.63283
   -0.199052     0.541019    0.0862429      1.81345   -0.0625057     0.789741     -1.60002
   -0.813768      1.01683      1.56095      1.81345     -1.03176      1.43585     -0.55942
   -0.813901      1.02765      1.56957      1.81345     -1.04094      1.44526    -0.553866
   -0.813833      1.03821      1.57763      1.81345     -1.04988      1.45424    -0.548588
     0.50636      1.04103     -1.57973      1.81345      1.05226      1.45661     -2.79818
    0.506481       1.0302     -1.57155      1.81345       1.0431      1.44745      -2.7928
    0.506396      1.01938     -1.56301      1.81345      1.03392      1.43809     -2.78728
    0.506112      1.00882     -1.55434      1.81345      1.02496      1.42877     -2.78175
   -0.103436     0.541218   -0.0956377      1.81345    0.0693007     0.790144     -1.75326
   -0.123898     0.540528   -0.0566931      1.81345    0.0411101     0.788743     -1.72048
   -0.144937     0.540188    -0.016682      1.81345     0.012101      0.78805     -1.68676
   -0.165992     0.540219    0.0233499      1.81345   -0.0169371     0.788113       -1.653
   -0.186499     0.540606    0.0623545      1.81345   -0.0452115     0.788902     -1.62013
   -0.813587      1.01035      1.55562      1.81345     -1.02626      1.43013    -0.562812
   -0.813847      1.02118      1.56446      1.81345     -1.03545      1.43966    -0.557169
   -0.813898      1.03174      1.57273      1.81345     -1.04439      1.44876    -0.551809
   -0.813749      1.04256      1.58086      1.81345     -1.05356      1.45789    -0.546449
    0.506192      1.04751     -1.58446      1.81345      1.05774      1.46199     -2.80133
    0.506433      1.03668     -1.57648      1.81345      1.04858      1.45295     -2.79603
    0.506473      1.02612     -1.56837      1.81345      1.03964      1.44395     -2.79073
     0.50631      1.01529      -1.5597      1.81345      1.03046      1.43451     -2.78516
    -0.11134     0.540909   -0.0805894      1.81345    0.0584151     0.789518      -1.7406
   -0.132352     0.540347   -0.0406141      1.81345    0.0294562     0.788374     -1.70693
   -0.152875     0.540156  -0.00158869      1.81345   0.00115256     0.787985     -1.67403
   -0.173401     0.540318    0.0374385      1.81345   -0.0271537     0.788315     -1.64112
   -0.194416     0.540851    0.0774195      1.81345   -0.0561206     0.789399     -1.60744
   -0.813717       1.0147      1.55922      1.81345     -1.02996      1.43399    -0.560526
    -0.81389      1.02526       1.5677      1.81345     -1.03891       1.4432    -0.555081
   -0.813863      1.03609      1.57604      1.81345     -1.04808      1.45246    -0.549638
    -0.81364      1.04665      1.58384      1.81345     -1.05702      1.46128    -0.544464
    0.506306      1.04342     -1.58149      1.81345      1.05429      1.45861     -2.79935
    0.506472       1.0326     -1.57339      1.81345      1.04512      1.44949       -2.794
    0.506436      1.02204     -1.56515      1.81345      1.03618      1.44041     -2.78865
    0.506194      1.01121     -1.55634      1.81345      1.02699      1.43089     -2.78302
    -0.11978     0.540639   -0.0645282      1.81345    0.0467862     0.788967     -1.72708
   -0.140285     0.540231    -0.025527      1.81345    0.0185163     0.788138     -1.69421
   -0.160814     0.540176    0.0135047      1.81345  -0.00979615     0.788027      -1.6613
   -0.181855     0.540488    0.0535195      1.81345   -0.0388103     0.788661     -1.62757
   -0.202323     0.541148    0.0924712      1.81345   -0.0670108     0.790003     -1.59478
   -0.813807      1.01879      1.56254      1.81345     -1.03342      1.43757    -0.558404
   -0.813904      1.02934      1.57089      1.81345     -1.04237      1.44672    -0.553012
   -0.813804       1.0399      1.57889      1.81345     -1.05131      1.45566    -0.547755
    0.506397      1.03907     -1.57828      1.81345       1.0506      1.45497     -2.79721
    0.506481      1.02851     -1.57024      1.81345      1.04166        1.446     -2.79195
    0.506364      1.01769     -1.56165      1.81345      1.03249      1.43661      -2.7864
   -0.106706     0.541084   -0.0894112      1.81345    0.0647978     0.789872     -1.74802
   -0.127179     0.540451   -0.0504528      1.81345     0.036588     0.788585     -1.71522
   -0.148223     0.540168   -0.0104353      1.81345   0.00756992      0.78801     -1.68149
   -0.169276     0.540257    0.0295955      1.81345   -0.0214666     0.788191     -1.64773
   -0.189777     0.540701    0.0685912      1.81345   -0.0497287     0.789095     -1.61488
   -0.813642      1.01204      1.55703      1.81345      -1.0277      1.43163    -0.561922
   -0.813868      1.02287      1.56581      1.81345     -1.03688      1.44113    -0.556303
   -0.813886       1.0337      1.57423      1.81345     -1.04605      1.45043    -0.550829
   -0.813707      1.04425       1.5821      1.81345     -1.05499       1.4593    -0.545625
    0.506243      1.04582     -1.58323      1.81345      1.05631      1.46059     -2.80051
    0.506453      1.03499     -1.57521      1.81345      1.04715      1.45152     -2.79519
    0.506459      1.02416     -1.56683      1.81345      1.03798      1.44225     -2.78974
    0.506265       1.0136     -1.55831      1.81345      1.02902      1.43302     -2.78428
   -0.114615     0.540797   -0.0743565      1.81345    0.0539034      0.78929     -1.73536
   -0.135635     0.540292   -0.0343702      1.81345    0.0249292     0.788263     -1.70167
   -0.156161     0.540158   0.00465859      1.81345  -0.00337929      0.78799     -1.66876
   -0.177209     0.540387    0.0446811      1.81345   -0.0324044     0.788456     -1.63502
   -0.198214     0.540987    0.0846483      1.81345    -0.061352     0.789676     -1.60136
   -0.813752      1.01612      1.56038      1.81345     -1.03116      1.43524    -0.559785
     -0.8139      1.02722      1.56924      1.81345     -1.04057      1.44489    -0.554085
    -0.81384      1.03778      1.57731      1.81345     -1.04951      1.45388    -0.548801
    0.506351      1.04146     -1.58005      1.81345      1.05263      1.45697     -2.79839
     0.50648      1.03064     -1.57188      1.81345      1.04346      1.44782     -2.79302
    0.506408      1.02008     -1.56358      1.81345      1.03452       1.4387     -2.78764
    0.506127      1.00925      -1.5547      1.81345      1.02533      1.42915     -2.78198
   -0.102076     0.541276   -0.0982275      1.81345    0.0711731     0.790263     -1.75544
   -0.123059      0.54055   -0.0582906      1.81345    0.0422676     0.788787     -1.72183
    -0.14357     0.540198    -0.019281      1.81345    0.0139862     0.788072     -1.68895
   -0.164625     0.540205    0.0207511      1.81345   -0.0150523     0.788086     -1.65519
    -0.18566     0.540584    0.0607575      1.81345   -0.0440546     0.788856     -1.62147
   -0.206115      0.54131    0.0996926      1.81345   -0.0722319     0.790331     -1.58871
   -0.813573      1.00992      1.55526      1.81345      -1.0259      1.42975    -0.563042
   -0.813836      1.02048       1.5639      1.81345     -1.03485      1.43905    -0.557531
     -0.8139       1.0313       1.5724      1.81345     -1.04403      1.44839    -0.552026
   -0.813759      1.04213      1.58054      1.81345      -1.0532      1.45753    -0.546661
    0.506178      1.04794     -1.58477      1.81345      1.05811      1.46235     -2.80154
    0.506424      1.03738     -1.57701      1.81345      1.04917      1.45355     -2.79638
    0.506475      1.02655     -1.56871      1.81345         1.04      1.44432     -2.79095
    0.506327        1.016     -1.56027      1.81345      1.03105      1.43513     -2.78553
   -0.109978     0.540959   -0.0831818      1.81345    0.0602911     0.789618     -1.74278
   -0.130986     0.540372    -0.043212      1.81345    0.0313396     0.788425     -1.70912
   -0.152034     0.540156  -0.00318797      1.81345    0.0023127     0.787987     -1.67538
    -0.17256     0.540304    0.0358402      1.81345   -0.0259948     0.788288     -1.64247
   -0.193578     0.540823    0.0758239      1.81345   -0.0549655     0.789342     -1.60879
   -0.813698        1.014      1.55864      1.81345     -1.02936      1.43337    -0.560893
   -0.813884      1.02456      1.56714      1.81345     -1.03831       1.4426    -0.555439
   -0.813868      1.03566      1.57571      1.81345     -1.04771      1.45209    -0.549853
   -0.813653      1.04621      1.58352      1.81345     -1.05665      1.46092    -0.544673
    0.506296      1.04386     -1.58181      1.81345      1.05466      1.45897     -2.79956
    0.506469      1.03303     -1.57372      1.81345      1.04549      1.44986     -2.79421
    0.506438       1.0222     -1.56528      1.81345      1.03632      1.44055     -2.78873
    0.506207      1.01164     -1.55669      1.81345      1.02736      1.43128     -2.78325
   -0.118416     0.540678   -0.0671236      1.81345    0.0486661     0.789048     -1.72927
   -0.139445     0.540241    -0.027126      1.81345    0.0196759     0.788158     -1.69556
   -0.159973     0.540172    0.0119055      1.81345  -0.00863616     0.788018     -1.66265
   -0.181015     0.540468    0.0519218      1.81345   -0.0376524     0.788621     -1.62892
   -0.202009     0.541135    0.0918736      1.81345   -0.0665786     0.789977     -1.59528
   -0.813799      1.01835      1.56219      1.81345     -1.03305      1.43719    -0.558628
   -0.813904      1.02891      1.57055      1.81345       -1.042      1.44634     -0.55323
   -0.813807      1.03974      1.57877      1.81345     -1.05117      1.45553    -0.547835
     0.50639       1.0395      -1.5786      1.81345      1.05097      1.45533     -2.79743
    0.506482      1.02895     -1.57058      1.81345      1.04203      1.44637     -2.79216
    0.506373      1.01812       -1.562      1.81345      1.03285      1.43699     -2.78663
   -0.105869     0.541117   -0.0910053      1.81345    0.0659509      0.78994     -1.74936
   -0.126339      0.54047   -0.0520506      1.81345    0.0377459     0.788624     -1.71657
   -0.147382     0.540172   -0.0120343      1.81345   0.00872982     0.788018     -1.68284
   -0.168435     0.540246    0.0279967      1.81345   -0.0203071      0.78817     -1.64908
   -0.188938     0.540676    0.0669951      1.81345   -0.0485728     0.789044     -1.61622
   -0.813637      1.01188      1.55689      1.81345     -1.02756      1.43149    -0.562007
   -0.813863      1.02244      1.56546      1.81345     -1.03651      1.44076    -0.556524
   -0.813891      1.03299      1.57369      1.81345     -1.04546      1.44983     -0.55118
   -0.813712      1.04409      1.58198      1.81345     -1.05485      1.45916    -0.545704
     0.50623      1.04625     -1.58355      1.81345      1.05668      1.46095     -2.80072
    0.506448      1.03542     -1.57554      1.81345      1.04751      1.45189     -2.79541
    0.506463      1.02459     -1.56717      1.81345      1.03834      1.44263     -2.78996
    0.506284      1.01431     -1.55889      1.81345      1.02962      1.43364     -2.78464
   -0.114301     0.540807   -0.0749548      1.81345    0.0543366     0.789311     -1.73586
   -0.134269     0.540314   -0.0369684      1.81345     0.026813     0.788307     -1.70386
    -0.15532     0.540156   0.00305913      1.81345  -0.00221903     0.787987     -1.67011
   -0.176368     0.540371    0.0430832      1.81345    -0.031246     0.788423     -1.63636
   -0.197376     0.540956    0.0830534      1.81345    -0.060198     0.789613      -1.6027
   -0.813748      1.01596      1.56025      1.81345     -1.03102      1.43509     -0.55987
   -0.813898      1.02679       1.5689      1.81345      -1.0402      1.44452    -0.554304
    -0.81385      1.03708      1.57678      1.81345     -1.04892      1.45329    -0.549149
   -0.813601       1.0479      1.58474      1.81345     -1.05808      1.46232    -0.543855
    0.506336      1.04217     -1.58057      1.81345      1.05323      1.45756     -2.79873
    0.506478      1.03134     -1.57242      1.81345      1.04406      1.44842     -2.79337
    0.506415      1.02051     -1.56393      1.81345      1.03488      1.43908     -2.78786