   -0.178511      1.84664      1.57244      1.40961     -1.84348      1.52863    -0.306357
    0.319084      1.33843   -0.0189203      1.40961     0.047977     0.394004     -1.27259
   -0.178487      1.85565      1.56761      1.40961     -1.85168      1.52266    -0.304627
   -0.178521      1.85003      1.57066      1.40961     -1.84657      1.52641    -0.305745
     0.31536      1.33843    0.0150841      1.40961   -0.0382594     0.393843     -1.18884
   -0.178495      1.84464      1.57346      1.40961     -1.84166      1.52991    -0.306694
   -0.178506      1.85366      1.56871      1.40961     -1.84987        1.524    -0.305039
   -0.178518      1.84804      1.57171      1.40961     -1.84476      1.52772    -0.306109
    0.317407      1.33842  -0.00360644      1.40961   0.00915172     0.393577     -1.23489
   -0.178518      1.85167      1.56979      1.40961     -1.84806      1.52533    -0.305434
   -0.178509      1.84628      1.57262      1.40961     -1.84315      1.52887    -0.306419
   -0.178493      1.85506      1.56794      1.40961     -1.85115      1.52306     -0.30475
   -0.178521      1.84967      1.57085      1.40961     -1.84625      1.52665    -0.305812
    0.315962      1.33843   0.00959429      1.40961   -0.0243417     0.393675     -1.20236
   -0.178491      1.84428      1.57365      1.40961     -1.84133      1.53015    -0.306753
    -0.17851      1.85307      1.56903      1.40961     -1.84934       1.5244    -0.305156
   -0.178517      1.84768      1.57189      1.40961     -1.84443      1.52795    -0.306174
    0.318009      1.33842  -0.00910038      1.40961    0.0230895     0.393663     -1.24842
   -0.178519      1.85131      1.56998      1.40961     -1.84773      1.52557    -0.305503
   -0.178505      1.84569      1.57293      1.40961     -1.84262      1.52924    -0.306519
   -0.178497       1.8547      1.56814      1.40961     -1.85082       1.5233    -0.304825
   -0.178521      1.84931      1.57104      1.40961     -1.84592      1.52689    -0.305878
    0.316332      1.33842   0.00621277      1.40961   -0.0157641     0.393609     -1.21069
   -0.178487      1.84392      1.57383      1.40961     -1.84101      1.53038    -0.306812
   -0.178513      1.85271      1.56922      1.40961     -1.84901      1.52464    -0.305228
   -0.178515      1.84732      1.57208      1.40961     -1.84411      1.52819    -0.306237
    0.318379      1.33843   -0.0124799      1.40961    0.0316591     0.393754     -1.25674
    -0.17852      1.85072      1.57029      1.40961      -1.8472      1.52596    -0.305615
   -0.178502      1.84533      1.57311      1.40961     -1.84229      1.52947     -0.30658
     -0.1785      1.85434      1.56833      1.40961     -1.85049      1.52354    -0.304899
    -0.17852      1.84873      1.57135      1.40961     -1.84539      1.52727    -0.305985
    0.316933      1.33842  0.000720948      1.40961  -0.00182927     0.393561     -1.22422
   -0.178514      1.85235      1.56941      1.40961     -1.84868      1.52488    -0.305299
   -0.178513      1.84696      1.57227      1.40961     -1.84378      1.52842      -0.3063
    0.318749      1.33843   -0.0158565      1.40961    0.0402168     0.393872     -1.26505
   -0.178485      1.85575      1.56756      1.40961     -1.85177      1.52259    -0.304606
   -0.178521      1.85036      1.57048      1.40961     -1.84687       1.5262    -0.305683
    0.315256      1.33843    0.0160329      1.40961   -0.0406634      0.39388     -1.18651
   -0.178498      1.84497      1.57329      1.40961     -1.84196      1.52971     -0.30664
   -0.178505      1.85376      1.56865      1.40961     -1.84996      1.52394    -0.305018
   -0.178519      1.84837      1.57153      1.40961     -1.84506      1.52751    -0.306051
    0.317072      1.33842 -0.000546366      1.40961   0.00138668     0.393561     -1.22735
   -0.178517      1.85177      1.56973      1.40961     -1.84815      1.52527    -0.305414
   -0.178511       1.8466      1.57245      1.40961     -1.84345      1.52865    -0.306363
   -0.178487      1.85562      1.56763      1.40961     -1.85165      1.52268    -0.304634