  -0.230506     1.51017     1.57028     1.85369    -1.51272     1.55339    0.136127
   -0.23051     1.52115     1.57118     1.85369    -1.52301     1.55731    0.136331
   0.376447    0.929359    -0.03027     1.85369   0.0689749    0.359551    -1.19278
   0.363091    0.929292   0.0094409     1.85369  -0.0215468    0.358712    -1.09762
  -0.230529     1.51458     1.57069     1.85369    -1.51685     1.55501    0.136196
  -0.230466     1.52529     1.57142     1.85369    -1.52692      1.5587    0.136437
   0.371283    0.929303  -0.0149161     1.85369   0.0340345    0.358848    -1.15604
   0.357927    0.929335   0.0247967     1.85369  -0.0565355    0.359246    -1.06083
  -0.230485     1.50802     1.57007     1.85369    -1.51071     1.55259    0.136099
  -0.230525     1.51872     1.57101     1.85369    -1.52073     1.55647    0.136276
   0.366118    0.929285 0.000440419     1.85369  -0.0010051    0.358622    -1.11921
   -0.23052     1.51216     1.57047     1.85369    -1.51458     1.55413    0.136156
  -0.230492     1.52313      1.5713     1.85369    -1.52488     1.55798     0.13638
   0.374309    0.929331  -0.0239147     1.85369   0.0545297    0.359202    -1.17759
   0.360611    0.929308   0.0168151     1.85369  -0.0383625    0.358909    -1.07994
  -0.230452      1.5056     1.56981     1.85369    -1.50846     1.55166    0.136073
  -0.230531      1.5163     1.57083     1.85369    -1.51845     1.55562    0.136227
   0.369145    0.929291 -0.00856012     1.85369   0.0195377    0.358696     -1.1408
   0.355447    0.929368   0.0321679     1.85369  -0.0732821    0.359671    -1.04322
  -0.230503     1.50973     1.57024     1.85369    -1.51231     1.55323    0.136121
  -0.230514     1.52071     1.57115     1.85369     -1.5226     1.55716    0.136321
   0.377336    0.929372   -0.032913     1.85369    0.074973     0.35972    -1.19908
   0.363638     0.92929  0.00781459     1.85369   -0.017836    0.358684    -1.10152
  -0.230528     1.51415     1.57065     1.85369    -1.51643     1.55485    0.136188
  -0.230472     1.52485      1.5714     1.85369     -1.5265     1.55856    0.136425
   0.372172     0.92931  -0.0175599     1.85369   0.0400601    0.358935    -1.16238
   0.358474    0.929328   0.0231702     1.85369  -0.0528352    0.359166    -1.06472
  -0.230476     1.50731     1.56999     1.85369    -1.51005     1.55231    0.136091
  -0.230526     1.51828     1.57098     1.85369    -1.52032     1.55632    0.136267
   0.366665    0.929285 -0.00118691     1.85369  0.00270959    0.358623    -1.12311
  -0.230518     1.51172     1.57043     1.85369    -1.51417     1.55397    0.136149
  -0.230499     1.52242     1.57126     1.85369    -1.52421     1.55774    0.136362
   0.374856    0.929338  -0.0255423     1.85369   0.0582319    0.359284    -1.18148
   0.361501    0.929301     0.01417     1.85369  -0.0323331    0.358826    -1.08628
  -0.230531     1.51586     1.57079     1.85369    -1.51804     1.55546    0.136219
   0.369692    0.929293   -0.010187     1.85369   0.0232494    0.358727    -1.14471
   0.355994     0.92936   0.0305411     1.85369  -0.0695899    0.359568    -1.04711
  -0.230498      1.5093      1.5702     1.85369     -1.5119     1.55306    0.136115
  -0.230518        1.52      1.5711     1.85369    -1.52193     1.55692    0.136304
   0.377883    0.929381  -0.0345393     1.85369   0.0786608    0.359831    -1.20296
   0.364528    0.929287  0.00517029     1.85369  -0.0118014    0.358649    -1.10786
  -0.230526     1.51343     1.57059     1.85369    -1.51577     1.55459    0.136176
  -0.230477     1.52441     1.57138     1.85369    -1.52609     1.55841    0.136413
   0.372719    0.929315  -0.0191865     1.85369    0.043766    0.358995    -1.16627
   0.359021    0.929322   0.0215431     1.85369   -0.049132    0.359093    -1.06862
   -0.23047     1.50687     1.56995     1.85369    -1.50964     1.55215    0.136086
  -0.230528     1.51785     1.57095     1.85369     -1.5199     1.55617    0.136258
   0.367212    0.929286 -0.00281325     1.85369  0.00642196     0.35863    -1.12702
  -0.230513     1.51101     1.57036     1.85369     -1.5135      1.5537    0.136138
  -0.230503     1.52198     1.57123     1.85369     -1.5238      1.5576    0.136351
   0.375746    0.929349  -0.0281865     1.85369   0.0642424    0.359428     -1.1878
   0.362048    0.929298   0.0125443     1.85369  -0.0286258    0.358781    -1.09017
   -0.23053     1.51515     1.57074     1.85369    -1.51737     1.55521    0.136206
  -0.230454     1.52612     1.57147     1.85369    -1.52771     1.55897    0.136461
   0.370239    0.929296  -0.0118147     1.85369   0.0269623    0.358764    -1.14861
   0.356884    0.929348   0.0278993     1.85369  -0.0635893    0.359411    -1.05342
  -0.230491     1.50858     1.57013     1.85369    -1.51124      1.5528    0.136106
  -0.230521     1.51956     1.57107     1.85369    -1.52151     1.55676    0.136295
   0.365075    0.929286  0.00354296     1.85369 -0.00808709    0.358634    -1.11176
  -0.230524       1.513     1.57055     1.85369    -1.51536     1.55443    0.136169
  -0.230486      1.5237     1.57134     1.85369    -1.52542     1.55817    0.136394
   0.373266     0.92932  -0.0208137     1.85369   0.0474718    0.359061    -1.17017
    0.35991    0.929314   0.0188994     1.85369  -0.0431115    0.358984    -1.07495
  -0.230464     1.50643      1.5699     1.85369    -1.50923     1.55198    0.136082
   -0.23053     1.51713     1.57089     1.85369    -1.51924     1.55592    0.136243
   0.368102    0.929287 -0.00545809     1.85369   0.0124587    0.358652    -1.13336
   0.354404    0.929385   0.0352681     1.85369  -0.0803122    0.359882    -1.03583
   -0.23051     1.51057     1.57032     1.85369    -1.51309     1.55354    0.136132
  -0.230509     1.52127     1.57119     1.85369    -1.52313     1.55735    0.136334
   0.376293    0.929357   -0.029813     1.85369    0.067937    0.359523    -1.19169
   0.362595    0.929295   0.0109166     1.85369  -0.0249132    0.358743    -1.09408
   -0.23053     1.51471      1.5707     1.85369    -1.51696     1.55505    0.136198
   -0.23046     1.52568     1.57145     1.85369    -1.52729     1.55883    0.136448
   0.370787      0.9293  -0.0134411     1.85369   0.0306716    0.358805    -1.15251
   0.357431    0.929341   0.0262718     1.85369  -0.0598901    0.359322    -1.05731
  -0.230486     1.50814     1.57008     1.85369    -1.51083     1.55263    0.136101
  -0.230523     1.51912     1.57104     1.85369     -1.5211     1.55661    0.136285
   0.365622    0.929285  0.00191572     1.85369 -0.00437275    0.358626    -1.11567
  -0.230521     1.51228     1.57048     1.85369    -1.51469     1.55417    0.136158
  -0.230491     1.52326     1.57131     1.85369      -1.525     1.55802    0.136383
   0.373813    0.929326  -0.0224398     1.85369   0.0511736    0.359133    -1.17406
   0.360115    0.929312   0.0182895     1.85369  -0.0417222    0.358961    -1.07641
  -0.230458     1.50599     1.56985     1.85369    -1.50883     1.55181    0.136077
   -0.23053     1.51642     1.57084     1.85369    -1.51857     1.55566    0.136229
   0.368991     0.92929  -0.0081014     1.85369    0.018491    0.358688     -1.1397
   0.355294    0.929371    0.032625     1.85369  -0.0743191    0.359701    -1.04213
  -0.230506     1.51013     1.57028     1.85369    -1.51268     1.55338    0.136126
  -0.230511     1.52111     1.57118     1.85369    -1.52297      1.5573     0.13633