   -1.21907     1.04287  -0.0176531      2.0716    0.511296   0.0311691   -0.168256
   -1.23254      1.0429   0.0269973      2.0716    -0.70804   0.0358648     1.05958
   -1.22448     1.04285 0.000297308      2.0716 -0.00946141   0.0271389     0.35592
   -1.21643      1.0429  -0.0264032      2.0716    0.697153   0.0355308    -0.35578
   -1.22956     1.04287   0.0171328      2.0716   -0.498666   0.0309484    0.848332
   -1.22151     1.04286  -0.0095706      2.0716    0.295614   0.0283822   0.0489645
   -1.22659     1.04286  0.00726593      2.0716   -0.227251   0.0278608    0.575037
   -1.21853     1.04288  -0.0194359      2.0716    0.553191   0.0319605   -0.210491
     -1.232      1.0429   0.0252142      2.0716    -0.67473    0.034872     1.02594
   -1.22361     1.04285 -0.00260043      2.0716   0.0825975    0.027231     0.26331
   -1.21556     1.04291  -0.0293008      2.0716    0.748362    0.037203    -0.40754
   -1.22902     1.04287   0.0153494      2.0716   -0.454031   0.0302372    0.803357
   -1.22097     1.04286  -0.0113539      2.0716    0.346626   0.0288737 -0.00238609
   -1.22605     1.04286  0.00548208      2.0716   -0.172753   0.0275531      0.5202
     -1.218     1.04288  -0.0212195      2.0716    0.593001   0.0328037   -0.250641
   -1.23112     1.04289   0.0223159      2.0716   -0.616436    0.033348    0.967089
   -1.22307     1.04285 -0.00438523      2.0716    0.138699   0.0274034    0.206868
   -1.22815     1.04286   0.0124494      2.0716   -0.377053   0.0292123    0.725827
    -1.2201     1.04287  -0.0142523      2.0716    0.425544   0.0298283   -0.081857
   -1.23356     1.04291   0.0303972      2.0716   -0.766522   0.0378606     1.11871
   -1.22551     1.04285  0.00369728      2.0716   -0.117154   0.0273293     0.46426
   -1.21712     1.04289  -0.0241189      2.0716    0.653319   0.0342824   -0.311511
   -1.23059     1.04288   0.0205326      2.0716   -0.577912    0.032473    0.928226
   -1.22253     1.04286  -0.0061692      2.0716    0.193895   0.0276632    0.151332
   -1.22761     1.04286   0.0106671      2.0716   -0.327183   0.0286769    0.675617
   -1.21956     1.04287  -0.0160357      2.0716     0.47146   0.0305022   -0.128112
   -1.23269      1.0429   0.0274994      2.0716   -0.717084   0.0361496     1.06872
   -1.22464     1.04285 0.000798941      2.0716  -0.0254258   0.0271455     0.37198
   -1.21658      1.0429  -0.0259012      2.0716    0.687792   0.0352495   -0.346323
   -1.23005     1.04288   0.0187491      2.0716   -0.537298   0.0316493    0.887272
     -1.222     1.04286 -0.00795364      2.0716    0.247918   0.0280037   0.0969687
   -1.22707     1.04286  0.00888252      2.0716   -0.275469   0.0282137    0.623564