   -0.69262     1.45479     1.56998     2.04446    -1.46783     1.51725    -0.30287
   -0.69262     1.45479     1.56998     2.04446    -4.60943    -1.51725     2.83872
  -0.692613     1.46606     1.57167     2.04446    -1.47713     1.52386    -0.30221
  -0.692613     1.46606     1.57167     2.04446    -4.61872    -1.52386     2.83938
 -0.0489775    0.848571  -0.0197607     2.04446   0.0601781    0.249091    -1.77227
 -0.0489775    0.848571  -0.0197607     2.04446    -3.08141   -0.249091     1.36932
 -0.0640043    0.848567    0.018512     2.04446   -0.056384    0.249031    -1.64902
 -0.0640043    0.848567    0.018512     2.04446    -3.19798   -0.249031     1.49257
  -0.692638     1.45915     1.57067     2.04446    -1.47141     1.51984   -0.302622
  -0.692638     1.45915     1.57067     2.04446      -4.613    -1.51984     2.83897
  -0.054788    0.848536  -0.0049616     2.04446   0.0151293    0.248631    -1.72463
  -0.054788    0.848536  -0.0049616     2.04446    -3.12646   -0.248631     1.41696
   -0.69263     1.46351     1.57131     2.04446    -1.47501     1.52239   -0.302365
   -0.69263     1.46351     1.57131     2.04446     -4.6166    -1.52239     2.83923
 -0.0609837    0.848545   0.0108188     2.04446  -0.0329777    0.248747    -1.67377
 -0.0609837    0.848545   0.0108188     2.04446    -3.17457   -0.248747     1.46782
  -0.692631     1.45659     1.57027     2.04446    -1.46931     1.51833   -0.302768
  -0.692631     1.45659     1.57027     2.04446     -4.6109    -1.51833     2.83882
 -0.0513824    0.848552  -0.0136355     2.04446   0.0415545    0.248833    -1.75257
 -0.0513824    0.848552  -0.0136355     2.04446    -3.10004   -0.248833     1.38902
 -0.0667939    0.848597   0.0256168     2.04446   -0.077939    0.249425    -1.62622
 -0.0667939    0.848597   0.0256168     2.04446    -3.21953   -0.249425     1.51537
  -0.692638     1.46095     1.57094     2.04446     -1.4729      1.5209   -0.302517
  -0.692638     1.46095     1.57094     2.04446    -4.61449     -1.5209     2.83908
  -0.057578    0.848534  0.00214458     2.04446 -0.00653938    0.248605    -1.70172
  -0.057578    0.848534  0.00214458     2.04446    -3.14813   -0.248605     1.43987
  -0.692615     1.45404     1.56985     2.04446    -1.46722      1.5168   -0.302911
  -0.692615     1.45404     1.56985     2.04446    -4.60881     -1.5168     2.83868
  -0.692617      1.4656      1.5716     2.04446    -1.47675      1.5236   -0.302238
  -0.692617      1.4656      1.5716     2.04446    -4.61834     -1.5236     2.83935
  -0.047977    0.848582  -0.0223088     2.04446   0.0679124    0.249225    -1.78045
  -0.047977    0.848582  -0.0223088     2.04446    -3.07368   -0.249225     1.36114
 -0.0633886    0.848561    0.016944     2.04446  -0.0516181    0.248961    -1.65406
 -0.0633886    0.848561    0.016944     2.04446    -3.19321   -0.248961     1.48753
  -0.692638     1.45869      1.5706     2.04446    -1.47103     1.51957   -0.302648
  -0.692638     1.45869      1.5706     2.04446    -4.61262    -1.51957     2.83894
 -0.0541723    0.848538  -0.0065297     2.04446   0.0199095    0.248653    -1.72969
 -0.0541723    0.848538  -0.0065297     2.04446    -3.12168   -0.248653      1.4119
  -0.692632     1.46305     1.57125     2.04446    -1.47463     1.52212   -0.302393
  -0.692632     1.46305     1.57125     2.04446    -4.61622    -1.52212      2.8392
 -0.0599831     0.84854   0.0082703     2.04446  -0.0252136    0.248686    -1.68198
 -0.0599831     0.84854   0.0082703     2.04446    -3.16681   -0.248686     1.45961
  -0.692629     1.45613      1.5702     2.04446    -1.46893     1.51805   -0.302794
  -0.692629     1.45613      1.5702     2.04446    -4.61052    -1.51805      2.8388
 -0.0507667    0.848556  -0.0152035     2.04446   0.0463255    0.248891    -1.75762
 -0.0507667    0.848556  -0.0152035     2.04446    -3.09527   -0.248891     1.38397
 -0.0661783     0.84859   0.0240491     2.04446  -0.0731889    0.249327    -1.63125
 -0.0661783     0.84859   0.0240491     2.04446    -3.21478   -0.249327     1.51035
  -0.692639     1.46049     1.57087     2.04446    -1.47252     1.52063   -0.302544
  -0.692639     1.46049     1.57087     2.04446    -4.61411    -1.52063     2.83905
 -0.0569624    0.848533 0.000576477     2.04446  -0.0017576      0.2486    -1.70678
 -0.0569624    0.848533 0.000576477     2.04446    -3.14335     -0.2486     1.43481
  -0.692611     1.45357     1.56978     2.04446    -1.46684     1.51652   -0.302937
  -0.692611     1.45357     1.56978     2.04446    -4.60843    -1.51652     2.83866
   -0.69262     1.46514     1.57154     2.04446    -1.47636     1.52333   -0.302266
   -0.69262     1.46514     1.57154     2.04446    -4.61796    -1.52333     2.83933
 -0.0473614    0.848589  -0.0238765     2.04446   0.0726665    0.249316    -1.78548
 -0.0473614    0.848589  -0.0238765     2.04446    -3.06893   -0.249316     1.35612
  -0.062773    0.848557    0.015376     2.04446  -0.0468497    0.248897     -1.6591
  -0.062773    0.848557    0.015376     2.04446    -3.18844   -0.248897     1.48249
  -0.692637     1.45822     1.57053     2.04446    -1.47065      1.5193   -0.302675
  -0.692637     1.45822     1.57053     2.04446    -4.61224     -1.5193     2.83892
 -0.0535567     0.84854 -0.00809791     2.04446    0.024689    0.248682    -1.73474
 -0.0535567     0.84854 -0.00809791     2.04446     -3.1169   -0.248682     1.40685
  -0.692634     1.46258     1.57118     2.04446    -1.47425     1.52185    -0.30242
  -0.692634     1.46258     1.57118     2.04446    -4.61584    -1.52185     2.83917
 -0.0593674    0.848538  0.00670214     2.04446  -0.0204344    0.248656    -1.68703
 -0.0593674    0.848538  0.00670214     2.04446    -3.16203   -0.248656     1.45456
  -0.692624     1.45538     1.57008     2.04446    -1.46832      1.5176   -0.302836
  -0.692624     1.45538     1.57008     2.04446    -4.60991     -1.5176     2.83876
  -0.692605     1.46694     1.57178     2.04446    -1.47786     1.52436   -0.302156
  -0.692605     1.46694     1.57178     2.04446    -4.61946    -1.52436     2.83944
 -0.0501511    0.848561  -0.0167715     2.04446   0.0510944    0.248953    -1.76266
 -0.0501511    0.848561  -0.0167715     2.04446     -3.0905   -0.248953     1.37893
 -0.0651778    0.848579    0.021501     2.04446  -0.0654607    0.249181    -1.63942
 -0.0651778    0.848579    0.021501     2.04446    -3.20705   -0.249181     1.50217
  -0.692639     1.46003     1.57081     2.04446    -1.47214     1.52036   -0.302571
  -0.692639     1.46003     1.57081     2.04446    -4.61373    -1.52036     2.83902
 -0.0559617    0.848534 -0.00197214     2.04446  0.00601423    0.248604      -1.715
 -0.0559617    0.848534 -0.00197214     2.04446    -3.13558   -0.248604      1.4266
  -0.692604     1.45282     1.56965     2.04446    -1.46623     1.51607   -0.302978
  -0.692604     1.45282     1.56965     2.04446    -4.60782    -1.51607     2.83861
  -0.692623     1.46468     1.57148     2.04446    -1.47598     1.52306   -0.302294
  -0.692623     1.46468     1.57148     2.04446    -4.61757    -1.52306      2.8393
 -0.0467459    0.848596  -0.0254443     2.04446   0.0774171    0.249413     -1.7905
 -0.0467459    0.848596  -0.0254443     2.04446    -3.06418   -0.249413     1.35109
 -0.0617724    0.848549   0.0128276     2.04446  -0.0390946    0.248807     -1.6673
 -0.0617724    0.848549   0.0128276     2.04446    -3.18069   -0.248807     1.47429
  -0.692634     1.45747     1.57041     2.04446    -1.47003     1.51885   -0.302718
  -0.692634     1.45747     1.57041     2.04446    -4.61163    -1.51885     2.83887
 -0.0525561    0.848544  -0.0106463     2.04446   0.0324529    0.248742    -1.74295
 -0.0525561    0.848544  -0.0106463     2.04446    -3.10914   -0.248742     1.39864
  -0.692636     1.46183     1.57107     2.04446    -1.47362     1.52142   -0.302465
  -0.692636     1.46183     1.57107     2.04446    -4.61522    -1.52142     2.83913
 -0.0583668    0.848535  0.00415362     2.04446  -0.0126652    0.248621    -1.69525
 -0.0583668    0.848535  0.00415362     2.04446    -3.15426   -0.248621     1.44635
  -0.692621     1.45492        1.57     2.04446    -1.46794     1.51733   -0.302862
  -0.692621     1.45492        1.57     2.04446    -4.60953    -1.51733     2.83873
   -0.69261     1.46648     1.57172     2.04446    -1.47748      1.5241   -0.302184
   -0.69261     1.46648     1.57172     2.04446    -4.61907     -1.5241     2.83941
 -0.0491506     0.84857  -0.0193199     2.04446    0.058839    0.249069    -1.77085
 -0.0491506     0.84857  -0.0193199     2.04446    -3.08275   -0.249069     1.37074
 -0.0645622    0.848572   0.0199331     2.04446  -0.0607009    0.249099    -1.64445
 -0.0645622    0.848572   0.0199331     2.04446    -3.20229   -0.249099     1.49714
  -0.692638     1.45928     1.57069     2.04446    -1.47152     1.51992   -0.302614
  -0.692638     1.45928     1.57069     2.04446    -4.61311    -1.51992     2.83898
  -0.055346    0.848535 -0.00354018     2.04446   0.0107955    0.248615    -1.72005
  -0.055346    0.848535 -0.00354018     2.04446     -3.1308   -0.248615     1.42154
  -0.692629     1.46364     1.57133     2.04446    -1.47512     1.52246   -0.302357
  -0.692629     1.46364     1.57133     2.04446    -4.61671    -1.52246     2.83924
 -0.0611568    0.848546   0.0112596     2.04446  -0.0343204    0.248759    -1.67235
 -0.0611568    0.848546   0.0112596     2.04446    -3.17591   -0.248759     1.46924
  -0.692631     1.45672     1.57029     2.04446    -1.46942     1.51841   -0.302761
  -0.692631     1.45672     1.57029     2.04446    -4.61101    -1.51841     2.83883
 -0.0519404    0.848548  -0.0122143     2.04446   0.0372281    0.248787      -1.748
 -0.0519404    0.848548  -0.0122143     2.04446    -3.10436   -0.248787     1.39359
 -0.0669669      0.8486   0.0260576     2.04446  -0.0792738    0.249453    -1.62481
 -0.0669669      0.8486   0.0260576     2.04446    -3.22087   -0.249453     1.51678
  -0.692638     1.46108     1.57096     2.04446      -1.473     1.52098   -0.302509
  -0.692638     1.46108     1.57096     2.04446     -4.6146    -1.52098     2.83908
 -0.0577511    0.848534  0.00258552     2.04446 -0.00788394    0.248608     -1.7003
 -0.0577511    0.848534  0.00258552     2.04446    -3.14948   -0.248608     1.44129
  -0.692618     1.45446     1.56992     2.04446    -1.46756     1.51705   -0.302888
  -0.692618     1.45446     1.56992     2.04446    -4.60915    -1.51705      2.8387
  -0.692613     1.46602     1.57166     2.04446    -1.47709     1.52384   -0.302212
  -0.692613     1.46602     1.57166     2.04446    -4.61869    -1.52384     2.83938