  -0.897518      1.8834     1.57262     1.58381    -1.88335     1.57653      2.2559
  -0.897494     1.89302     1.56746     1.58381    -1.89303     1.57175      2.2575
  -0.344312     1.31343  -0.0133755     1.58381   0.0534142    0.244708     1.17125
  -0.897528     1.88712     1.57066     1.58381    -1.88709     1.57471     2.25647
  -0.348413     1.31344   0.0173778     1.58381    -0.06935    0.244952     1.29409
    -0.8975     1.88122     1.57374     1.58381    -1.88116     1.57757     2.25558
  -0.897512     1.89108     1.56852     1.58381    -1.89108     1.57273     2.25715
  -0.897525     1.88494     1.57181     1.58381     -1.8849     1.57578     2.25613
  -0.346159     1.31343 0.000471681     1.58381 -0.00188509    0.244354     1.22659
  -0.897525      1.8889      1.5697     1.58381    -1.88889     1.57383     2.25677
  -0.897513     1.88276     1.57295     1.58381    -1.88271     1.57684      2.2558
  -0.897498     1.89262     1.56768     1.58381    -1.89263     1.57195     2.25742
  -0.343904     1.31344  -0.0164329     1.58381    0.065591    0.244888     1.15907
  -0.897528     1.88672     1.57087     1.58381     -1.8867     1.57491     2.25641
  -0.347751     1.31343   0.0124137     1.58381  -0.0495794    0.244659     1.27431
  -0.897496     1.88082     1.57394     1.58381    -1.88076     1.57776     2.25553
  -0.897517     1.89044     1.56887     1.58381    -1.89044     1.57305     2.25703
  -0.897523     1.88454     1.57202     1.58381     -1.8845     1.57597     2.25607
  -0.345496     1.31343 -0.00449473     1.58381   0.0179651    0.244394     1.20672
  -0.897526     1.88826     1.57005     1.58381    -1.88824     1.57414     2.25666
   -0.89751     1.88236     1.57315     1.58381    -1.88231     1.57703     2.25574
  -0.897502     1.89223     1.56789     1.58381    -1.89224     1.57215     2.25735
  -0.897528     1.88633     1.57108     1.58381     -1.8863      1.5751     2.25635
  -0.347343     1.31343  0.00935748     1.58381  -0.0373865    0.244527     1.26211
  -0.897519     1.89005     1.56908     1.58381    -1.89004     1.57325     2.25696
  -0.897522     1.88415     1.57222     1.58381    -1.88411     1.57616     2.25601
  -0.345089     1.31343 -0.00754938     1.58381   0.0301681    0.244467     1.19451
  -0.897527     1.88787     1.57026     1.58381    -1.88785     1.57434      2.2566
  -0.897505     1.88172     1.57348     1.58381    -1.88167     1.57733     2.25565
  -0.897506     1.89183     1.56811     1.58381    -1.89184     1.57235     2.25728
  -0.897527     1.88569     1.57142     1.58381    -1.88565     1.57542     2.25625
  -0.346936     1.31343  0.00629929     1.58381  -0.0251743    0.244432     1.24989
  -0.897522     1.88941     1.56943     1.58381     -1.8894     1.57357     2.25685
  -0.897518     1.88351     1.57256     1.58381    -1.88346     1.57648     2.25591
  -0.344681     1.31343  -0.0106071     1.58381    0.042374    0.244577      1.1823
  -0.897528     1.88723      1.5706     1.58381     -1.8872     1.57466     2.25649
  -0.348528     1.31344   0.0182379     1.58381  -0.0727705    0.245012     1.29752
  -0.897503     1.88157     1.57356     1.58381    -1.88152      1.5774     2.25563
  -0.897511     1.89119     1.56846     1.58381     -1.8912     1.57268     2.25717
  -0.897527     1.88554     1.57149     1.58381    -1.88551     1.57549     2.25622
  -0.346273     1.31343  0.00133297     1.58381 -0.00532787    0.244357     1.23003
  -0.897524     1.88901     1.56964     1.58381      -1.889     1.57377     2.25679
  -0.897514     1.88287     1.57289     1.58381    -1.88282     1.57678     2.25582
  -0.897497     1.89273     1.56761     1.58381    -1.89275     1.57189     2.25745