    -1.87957      1.47737      1.56942      2.16157     -1.49389      1.51767     -1.22798
    -1.87965      1.48919      1.57086      2.16157     -1.50294      1.52543     -1.22749
    -1.87955      1.50072      1.57191      2.16157     -1.51195      1.53271     -1.22694
    -1.22548     0.855765   -0.0074358      2.16157    0.0452676     0.124395     -2.78315
    -1.24114     0.855861    0.0319641      2.16157    -0.192134      0.12672     -2.53743
    -1.87962      1.48212      1.57004      2.16157     -1.49751      1.52082     -1.22779
    -1.87963      1.49365      1.57131      2.16157      -1.5064      1.52828     -1.22729
    -1.21611     0.855855   -0.0309951      2.16157     0.186458     0.126575     -2.92932
    -1.23177     0.855767   0.00840509      2.16157   -0.0511565     0.124432     -2.68338
    -1.87965      1.48658      1.57057      2.16157     -1.50092      1.52374     -1.22761
    -1.87959      1.49811      1.57171      2.16157     -1.50989      1.53109     -1.22707
    -1.22241     0.855783   -0.0151582      2.16157    0.0920653     0.124818     -2.83158
    -1.23768     0.855813    0.0232598      2.16157    -0.140691     0.125568     -2.59071
     -1.8796      1.47951      1.56971      2.16157     -1.49552      1.51909      -1.2279
    -1.87965      1.49104      1.57105      2.16157     -1.50437      1.52662     -1.22741
    -1.21266     0.855915    -0.039698      2.16157     0.236936     0.128035     -2.98163
    -1.22831      0.85576 -0.000302196      2.16157   0.00184173      0.12426     -2.73822
    -1.24397      0.85591    0.0390937      2.16157     -0.23347     0.127922     -2.49458
    -1.87964      1.48396      1.57027      2.16157     -1.49892      1.52204     -1.22772
    -1.87962      1.49579      1.57151      2.16157     -1.50807      1.52963     -1.22719
    -1.21895     0.855816    -0.023864      2.16157     0.144293     0.125637     -2.88565
    -1.23422     0.855781    0.0145545      2.16157   -0.0884184     0.124774     -2.64482
    -1.87956      1.47689      1.56935      2.16157     -1.49354      1.51735       -1.228
    -1.87965      1.48842      1.57078      2.16157     -1.50235      1.52494     -1.22753
    -1.87956      1.50025      1.57188      2.16157     -1.51157      1.53242     -1.22696
    -1.22485     0.855768  -0.00900924      2.16157    0.0548274     0.124457     -2.79304
    -1.24051     0.855851    0.0303907      2.16157    -0.182909     0.126486     -2.54698
    -1.87962      1.48135      1.56995      2.16157     -1.49692      1.52032     -1.22782
    -1.87964      1.49318      1.57127      2.16157     -1.50603      1.52798     -1.22731
    -1.21549     0.855864   -0.0325685      2.16157      0.19567     0.126813     -2.93886
    -1.23076     0.855763   0.00584638      2.16157   -0.0356004     0.124343     -2.69948
    -1.24641     0.855961    0.0452391      2.16157     -0.26841     0.129141     -2.45835
    -1.87965      1.48581      1.57049      2.16157     -1.50033      1.52324     -1.22764
     -1.8796      1.49763      1.57167      2.16157     -1.50952      1.53079      -1.2271
    -1.22139     0.855791   -0.0177152      2.16157     0.107476     0.125021     -2.84753
    -1.23705     0.855806    0.0216851      2.16157    -0.131288     0.125398     -2.60044
    -1.87959      1.47903      1.56964      2.16157     -1.49516      1.51878     -1.22792
    -1.87965      1.49056      1.57101      2.16157       -1.504      1.52631     -1.22743
    -1.21203     0.855928   -0.0412703      2.16157     0.245923     0.128335     -2.99095
    -1.22769      0.85576  -0.00187528      2.16157    0.0114247     0.124269     -2.74813
    -1.24295     0.855891    0.0365375      2.16157    -0.218742     0.127465     -2.50985
    -1.87963      1.48349      1.57021      2.16157     -1.49856      1.52173     -1.22774
    -1.87962      1.49502      1.57144      2.16157     -1.50747      1.52915     -1.22722
    -1.21793     0.855829   -0.0264213      2.16157     0.159487     0.125946     -2.90138
    -1.23359     0.855777    0.0129794      2.16157    -0.078895     0.124669     -2.65467
    -1.87955      1.47613      1.56925      2.16157     -1.49296      1.51684     -1.22803
    -1.87965      1.48795      1.57073      2.16157     -1.50198      1.52463     -1.22755
    -1.87957      1.49977      1.57184      2.16157      -1.5112      1.53213     -1.22699
    -1.22423     0.855771   -0.0105832      2.16157    0.0643791     0.124532     -2.80293
     -1.2395     0.855836    0.0278339      2.16157    -0.167845      0.12613     -2.56259
    -1.87961      1.48088      1.56989      2.16157     -1.49656         1.52     -1.22784
    -1.87964       1.4927      1.57122      2.16157     -1.50566      1.52768     -1.22733
    -1.21486     0.855875    -0.034142      2.16157     0.204847     0.127063     -2.94837
    -1.23013     0.855762   0.00427318      2.16157    -0.026026     0.124304     -2.70938
    -1.24579     0.855948    0.0436654      2.16157    -0.259528     0.128813     -2.46756
    -1.87964      1.48534      1.57043      2.16157     -1.49997      1.52293     -1.22766
     -1.8796      1.49716      1.57163      2.16157     -1.50915       1.5305     -1.22712
    -1.22077     0.855797   -0.0192899      2.16157     0.116939     0.125162     -2.85732
    -1.23604     0.855796    0.0191286      2.16157     -0.11597     0.125146      -2.6163
    -1.87958      1.47827      1.56954      2.16157     -1.49458      1.51827     -1.22795
    -1.87965       1.4898      1.57093      2.16157     -1.50341      1.52582     -1.22747
    -1.22667     0.855762  -0.00443506      2.16157    0.0270129     0.124308     -2.76426
    -1.24233      0.85588    0.0349638      2.16157    -0.209623     0.127198      -2.5193
    -1.87963      1.48272      1.57012      2.16157     -1.49797      1.52122     -1.22777
    -1.87963      1.49455       1.5714      2.16157      -1.5071      1.52885     -1.22725
    -1.21731     0.855837   -0.0279956      2.16157     0.168801     0.126151     -2.91103
    -1.23297     0.855773    0.0114056      2.16157   -0.0693639     0.124576     -2.66454
    -1.87954      1.47565      1.56918      2.16157      -1.4926      1.51652     -1.22805
    -1.87965      1.48748      1.57068      2.16157     -1.50162      1.52432     -1.22757
    -1.87958      1.49901      1.57178      2.16157      -1.5106      1.53165     -1.22703
    -1.22321     0.855777   -0.0131416      2.16157    0.0798781     0.124679     -2.81897
    -1.23887     0.855828    0.0262591      2.16157    -0.158524     0.125925     -2.57224
    -1.87961      1.48041      1.56983      2.16157      -1.4962      1.51969     -1.22786
    -1.87964      1.49194      1.57115      2.16157     -1.50507      1.52719     -1.22737
    -1.21385     0.855893   -0.0366988      2.16157     0.219676     0.127493     -2.96374
    -1.22951     0.855761   0.00269842      2.16157    -0.016437     0.124278      -2.7193
    -1.24477     0.855926    0.0411094      2.16157    -0.245005     0.128303     -2.48262
    -1.87964      1.48486      1.57038      2.16157     -1.49961      1.52263     -1.22768
    -1.87961      1.49639      1.57156      2.16157     -1.50855      1.53001     -1.22716
    -1.22014     0.855803   -0.0208634      2.16157     0.126373     0.125314     -2.86709
    -1.23541      0.85579    0.0175542      2.16157    -0.106505     0.125007      -2.6261
    -1.87957       1.4775      1.56944      2.16157     -1.49399      1.51776     -1.22798
    -1.87965      1.48932      1.57088      2.16157     -1.50304      1.52552     -1.22749
    -1.87955      1.50115      1.57195      2.16157     -1.51228      1.53298     -1.22692
    -1.22605     0.855764  -0.00600898      2.16157     0.036591     0.124348     -2.77417
    -1.24131     0.855863    0.0324064      2.16157    -0.194722     0.126788     -2.53474
    -1.87962      1.48225      1.57006      2.16157     -1.49761      1.52091     -1.22779
    -1.87963      1.49408      1.57135      2.16157     -1.50673      1.52855     -1.22727
    -1.21668     0.855846   -0.0295688      2.16157     0.178077     0.126368     -2.92063
    -1.23195     0.855768   0.00884724      2.16157   -0.0538421      0.12445      -2.6806
    -1.87965      1.48671      1.57059      2.16157     -1.50103      1.52383      -1.2276
    -1.87959      1.49853      1.57174      2.16157     -1.51022      1.53136     -1.22705
    -1.22259     0.855781   -0.0147154      2.16157     0.089392     0.124785     -2.82881
    -1.23824      0.85582    0.0246856      2.16157    -0.149182     0.125733     -2.58192
     -1.8796      1.47964      1.56972      2.16157     -1.49562      1.51918     -1.22789
    -1.87965      1.49146       1.5711      2.16157      -1.5047      1.52689     -1.22739
    -1.21322     0.855904   -0.0382714      2.16157     0.228745     0.127772     -2.97314
    -1.22888      0.85576   0.00112498      2.16157  -0.00685277     0.124263     -2.72922
    -1.24415     0.855914     0.039536      2.16157    -0.236007     0.128004     -2.49195
    -1.87964       1.4841      1.57029      2.16157     -1.49902      1.52212     -1.22771
    -1.87962      1.49592      1.57152      2.16157     -1.50818      1.52972     -1.22718
    -1.21913     0.855814   -0.0234215      2.16157     0.141656     0.125586     -2.88291
    -1.23478     0.855785    0.0159805      2.16157   -0.0970254     0.124879     -2.63591
    -1.87957      1.47732      1.56941      2.16157     -1.49386      1.51764     -1.22798
    -1.87965      1.48915      1.57086      2.16157      -1.5029       1.5254     -1.22749
    -1.87956      1.50038      1.57189      2.16157     -1.51168       1.5325     -1.22696