   -0.842309      1.04856   -0.0139506      1.95976    0.0907225     0.133855     -2.59116
   -0.842309      1.04856   -0.0139506      1.95976     -3.05087    -0.133855     0.550437
   -0.847236      1.04855   0.00302202      1.95976   -0.0197065     0.133308     -2.47817
   -0.847236      1.04855   0.00302202      1.95976      -3.1613    -0.133308     0.663424
   -0.844348      1.04855  -0.00692427      1.95976    0.0451288     0.133423      -2.5445
   -0.844348      1.04855  -0.00692427      1.95976     -3.09646    -0.133423      0.59709
   -0.849601      1.04856     0.011169      1.95976   -0.0727077     0.133649     -2.42394
   -0.849601      1.04856     0.011169      1.95976      -3.2143    -0.133649     0.717653
   -0.841787      1.04857   -0.0157471      1.95976     0.102323     0.134012     -2.60303
   -0.841787      1.04857   -0.0157471      1.95976     -3.03927    -0.134012     0.538567
   -0.846714      1.04855   0.00122279      1.95976  -0.00797431     0.133286     -2.49017
   -0.846714      1.04855   0.00122279      1.95976     -3.14957    -0.133286     0.651421
   -0.843826      1.04856  -0.00872451      1.95976    0.0568375     0.133506     -2.55648
   -0.843826      1.04856  -0.00872451      1.95976     -3.08476    -0.133506      0.58511
   -0.848753      1.04856   0.00824684      1.95976   -0.0537309     0.133482     -2.44336
   -0.848753      1.04856   0.00824684      1.95976     -3.19532    -0.133482     0.698236
   -0.846192      1.04855 -0.000575781      1.95976   0.00375593     0.133282     -2.50217
   -0.846192      1.04855 -0.000575781      1.95976     -3.13784    -0.133282     0.639419
   -0.851119      1.04857    0.0163944      1.95976    -0.106495     0.134073     -2.38937
   -0.851119      1.04857    0.0163944      1.95976     -3.24809    -0.134073     0.752227
   -0.843304      1.04856   -0.0105208      1.95976    0.0685042     0.133608     -2.56842
   -0.843304      1.04856   -0.0105208      1.95976     -3.07309    -0.133608     0.573173
   -0.848231      1.04855   0.00644946      1.95976    -0.042037     0.133404     -2.45532
   -0.848231      1.04855   0.00644946      1.95976     -3.18363    -0.133404     0.686271
   -0.845343      1.04855  -0.00349689      1.95976    0.0228035     0.133318     -2.52166
   -0.845343      1.04855  -0.00349689      1.95976     -3.11879    -0.133318     0.619932
   -0.850596      1.04856    0.0145961      1.95976   -0.0948924     0.133909     -2.40124
   -0.850596      1.04856    0.0145961      1.95976     -3.23649    -0.133909     0.740354
   -0.842456      1.04856   -0.0134439      1.95976     0.087445     0.133814      -2.5878
   -0.842456      1.04856   -0.0134439      1.95976     -3.05415    -0.133814     0.553792
   -0.847709      1.04855    0.0046491      1.95976   -0.0303113     0.133345     -2.46732
   -0.847709      1.04855    0.0046491      1.95976      -3.1719    -0.133345     0.674274
   -0.844495      1.04855  -0.00642014      1.95976    0.0418474     0.133403     -2.54115
   -0.844495      1.04855  -0.00642014      1.95976     -3.09975    -0.133403     0.600447
   -0.849422      1.04856    0.0105482      1.95976   -0.0686805      0.13361     -2.42806
   -0.849422      1.04856    0.0105482      1.95976     -3.21027     -0.13361     0.713531
   -0.841934      1.04857    -0.015242      1.95976    0.0990641     0.133966     -2.59969
   -0.841934      1.04857    -0.015242      1.95976     -3.04253    -0.133966     0.541902