    -1.89534      1.26144      1.57281      2.10813     -1.30186      1.41599     -1.31575
    -1.89517      1.27286       1.5772      2.10813      -1.3098      1.42529     -1.31308
     -1.2067     0.678292   -0.0451084      2.10813    0.0811107     0.356739     -2.82574
    -1.22491     0.678059  -0.00731647      2.10813    0.0131886      0.35544     -2.75085
    -1.24358     0.678169    0.0314517      2.10813   -0.0566272     0.356054     -2.67388
    -1.89522      1.24271      1.56485      2.10813     -1.28911       1.4002     -1.32019
    -1.89535      1.25414      1.56982      2.10813     -1.29685      1.40992     -1.31747
    -1.89529      1.26585      1.57455      2.10813     -1.30492      1.41962     -1.31471
    -1.19555     0.678602   -0.0682665      2.10813     0.122354     0.358454     -2.87125
    -1.21374     0.678162   -0.0304984      2.10813    0.0549153     0.356015     -2.79685
    -1.23242     0.678061   0.00826967      2.10813    -0.014906      0.35545     -2.71988
    -1.25062     0.678303    0.0460612      2.10813   -0.0828143     0.356796       -2.645
    -1.89529      1.24713      1.56682      2.10813     -1.29209      1.40399     -1.31913
    -1.89535      1.25885      1.57176      2.10813     -1.30008      1.41385     -1.31636
    -1.89522      1.27027      1.57624      2.10813     -1.30799       1.4232     -1.31368
    -1.20258     0.678392   -0.0536687      2.10813    0.0964021     0.357292     -2.84261
    -1.22125     0.678079   -0.0149146      2.10813    0.0268791     0.355551     -2.76594
    -1.23946     0.678115    0.0228863      2.10813   -0.0412294     0.355749     -2.69086
    -1.25812       0.6785    0.0616312      2.10813    -0.110579     0.357891     -2.61437
    -1.89516      1.24013      1.56368      2.10813     -1.28737      1.39797     -1.32081
    -1.89534      1.25184      1.56885      2.10813     -1.29529      1.40799     -1.31801
    -1.89532      1.26326      1.57353      2.10813     -1.30313       1.4175     -1.31532
    -1.20962     0.678233   -0.0390623      2.10813    0.0702833     0.356405      -2.8138
    -1.22829     0.678053 -0.000297785      2.10813  0.000537054     0.355405      -2.7369
    -1.24696     0.678227    0.0384668      2.10813   -0.0692154     0.356375        -2.66
    -1.89525      1.24454      1.56567      2.10813     -1.29034      1.40178     -1.31975
    -1.89535      1.25626       1.5707      2.10813      -1.2983      1.41169     -1.31697
    -1.89527      1.26768      1.57525      2.10813     -1.30619      1.42111     -1.31429
    -1.19846     0.678509   -0.0622253      2.10813     0.111635     0.357939     -2.85942
    -1.21712     0.678118   -0.0234815      2.10813    0.0423007     0.355767     -2.78294
    -1.23533     0.678077      0.01432      2.10813   -0.0258075      0.35554     -2.70786
      -1.254     0.678385     0.053074      2.10813   -0.0953408      0.35725     -2.63118
    -1.89532      1.24925      1.56774      2.10813     -1.29353       1.4058     -1.31863
    -1.89534      1.26067       1.5725      2.10813     -1.30134      1.41536     -1.31593
    -1.89518      1.27239      1.57703      2.10813     -1.30947      1.42491     -1.31319
    -1.20549      0.67832    -0.047624      2.10813    0.0856092     0.356891      -2.8307
    -1.22416     0.678062  -0.00886536      2.10813    0.0159801     0.355456     -2.75393
    -1.24284     0.678158    0.0299037      2.10813   -0.0538464     0.355991     -2.67695
    -1.26103     0.678592    0.0676723      2.10813    -0.121301     0.358401     -2.60253
     -1.8952      1.24195      1.56451      2.10813      -1.2886      1.39955     -1.32037
    -1.89535      1.25367      1.56962      2.10813     -1.29653      1.40953     -1.31758
     -1.8953      1.26538      1.57437      2.10813     -1.30459      1.41923     -1.31482
      -1.213     0.678174   -0.0320468      2.10813    0.0576964     0.356079     -2.79992
     -1.2312     0.678057   0.00575268      2.10813   -0.0103696     0.355426     -2.72488
    -1.24988     0.678286    0.0445133      2.10813   -0.0800454     0.356704     -2.64806
    -1.89529      1.24666      1.56661      2.10813     -1.29178      1.40359     -1.31925
    -1.89535      1.25809      1.57145      2.10813     -1.29956      1.41322     -1.31654
    -1.89523       1.2698      1.57606      2.10813     -1.30767      1.42283     -1.31379
    -1.20137     0.678425   -0.0561831      2.10813     0.100884     0.357472     -2.84755
    -1.22004     0.678089   -0.0174323      2.10813    0.0314132     0.355604     -2.77094
    -1.23871     0.678107    0.0213379      2.10813   -0.0384432     0.355704     -2.69393
    -1.25691     0.678464    0.0591171      2.10813    -0.106107     0.357693      -2.6193
    -1.89515      1.23966      1.56347      2.10813     -1.28706      1.39756     -1.32092
    -1.89533      1.25108      1.56853      2.10813     -1.29477      1.40734     -1.31819
    -1.89533       1.2628      1.57335      2.10813      -1.3028      1.41711     -1.31543
    -1.20887     0.678247   -0.0406104      2.10813    0.0730577     0.356486     -2.81686
    -1.22754     0.678053  -0.00184655      2.10813   0.00332897     0.355407     -2.73998
    -1.24575     0.678205    0.0359514      2.10813   -0.0647043     0.356253     -2.66498
    -1.89525      1.24407      1.56546      2.10813     -1.29003      1.40137     -1.31986
    -1.89535      1.25579      1.57051      2.10813     -1.29798       1.4113     -1.31708
    -1.89527      1.26721      1.57507      2.10813     -1.30586      1.42072      -1.3144
    -1.19772     0.678532   -0.0637715      2.10813     0.114381     0.358066     -2.86245
    -1.21591     0.678133   -0.0259987      2.10813    0.0468281     0.355848     -2.78793
    -1.23459     0.678072    0.0127711      2.10813   -0.0230173     0.355512     -2.71094
    -1.25325     0.678366    0.0515261      2.10813   -0.0925787     0.357144     -2.63423
    -1.89531      1.24849      1.56741      2.10813     -1.29301      1.40515     -1.31881
    -1.89534      1.26021      1.57232      2.10813     -1.30102      1.41498     -1.31604
    -1.89519      1.27163      1.57675      2.10813     -1.30894       1.4243     -1.31336
    -1.20475     0.678338   -0.0491719      2.10813    0.0883753     0.356989     -2.83375
    -1.22342     0.678066   -0.0104146      2.10813    0.0187719     0.355476       -2.757
    -1.24163     0.678141    0.0273868      2.10813   -0.0493232     0.355897     -2.68194
    -1.26029     0.678568    0.0661258      2.10813    -0.118559     0.358266     -2.60556
     -1.8952      1.24149       1.5643      2.10813     -1.28829      1.39914     -1.32049
    -1.89535       1.2532      1.56943      2.10813     -1.29622      1.40913     -1.31769
     -1.8953      1.26492      1.57418      2.10813     -1.30427      1.41885     -1.31493
    -1.21225     0.678186   -0.0335951      2.10813    0.0604763     0.356145     -2.80298
    -1.23046     0.678055   0.00420368      2.10813  -0.00757747     0.355416     -2.72796
    -1.24913      0.67827    0.0429661      2.10813   -0.0772761     0.356615     -2.65111
    -1.89528       1.2459      1.56628      2.10813     -1.29126      1.40294     -1.31943
    -1.89535      1.25762      1.57126      2.10813     -1.29924      1.41283     -1.31665
    -1.89524      1.26904      1.57577      2.10813     -1.30714      1.42221     -1.31397
    -1.20063     0.678445   -0.0577302      2.10813     0.103639     0.357587     -2.85059
    -1.21929     0.678095   -0.0189812      2.10813    0.0342019     0.355641     -2.77401
     -1.2375     0.678095    0.0188211      2.10813   -0.0339132     0.355637     -2.69893
    -1.25617     0.678443    0.0575707      2.10813    -0.103355     0.357575     -2.62234
    -1.89533      1.25061      1.56832      2.10813     -1.29445      1.40695     -1.31831
    -1.89533      1.26204      1.57305      2.10813     -1.30228      1.41649     -1.31561
    -1.20813     0.678262   -0.0421579      2.10813    0.0758294      0.35657     -2.81991
    -1.22633     0.678055  -0.00436389      2.10813   0.00786676     0.355417     -2.74498
    -1.24501     0.678192    0.0344028      2.10813   -0.0619256     0.356181     -2.66804
    -1.89523      1.24331      1.56512      2.10813     -1.28952      1.40072     -1.32005
    -1.89535      1.25503      1.57019      2.10813     -1.29746      1.41066     -1.31726
    -1.89528      1.26674      1.57489      2.10813     -1.30554      1.42034      -1.3145
    -1.19651      0.67857   -0.0662854      2.10813     0.118842      0.35828     -2.86737
    -1.21516     0.678142   -0.0275464      2.10813    0.0496106     0.355903       -2.791
    -1.23384     0.678068    0.0112225      2.10813   -0.0202271     0.355487     -2.71401
    -1.25204     0.678336    0.0490116      2.10813   -0.0880883     0.356979     -2.63919
     -1.8953      1.24802      1.56721      2.10813      -1.2927      1.40475     -1.31892
    -1.89535      1.25945      1.57201      2.10813     -1.30049      1.41435     -1.31622
     -1.8952      1.27116      1.57657      2.10813     -1.30861      1.42392     -1.31347
      -1.204     0.678356   -0.0507188      2.10813     0.091138      0.35709      -2.8368
     -1.2222     0.678073   -0.0129308      2.10813    0.0233054     0.355515       -2.762
    -1.24088     0.678131    0.0258383      2.10813   -0.0465391     0.355843     -2.68501
    -1.25954     0.678544    0.0645789      2.10813    -0.115814     0.358134     -2.60859
    -1.89519      1.24102      1.56409      2.10813     -1.28797      1.39874      -1.3206
    -1.89534      1.25244       1.5691      2.10813      -1.2957      1.40849     -1.31787
    -1.89531      1.26416      1.57389      2.10813     -1.30374      1.41823     -1.31511
    -1.21104     0.678207   -0.0361109      2.10813    0.0649909      0.35626     -2.80796
    -1.22971     0.678054   0.00265479      2.10813  -0.00478545     0.355409     -2.73104
    -1.24792     0.678246    0.0404507      2.10813    -0.072771     0.356478     -2.65608
    -1.89527      1.24543      1.56607      2.10813     -1.29095      1.40254     -1.31954
    -1.89535      1.25715      1.57107      2.10813     -1.29892      1.41244     -1.31676
    -1.89525      1.26857      1.57559      2.10813     -1.30681      1.42183     -1.31408
    -1.19988     0.678467   -0.0592769      2.10813     0.106392     0.357705     -2.85363
    -1.21854     0.678103   -0.0205294      2.10813    0.0369887     0.355681     -2.77709
    -1.23675     0.678088    0.0172727      2.10813   -0.0311253     0.355601       -2.702
    -1.25542     0.678422    0.0560232      2.10813    -0.100599     0.357461     -2.62538
    -1.89533      1.25014      1.56812      2.10813     -1.29413      1.40655     -1.31842
    -1.89534      1.26157      1.57286      2.10813     -1.30195       1.4161     -1.31572
    -1.20691     0.678288   -0.0446738      2.10813     0.080333     0.356713     -2.82488
    -1.22559     0.678057  -0.00591254      2.10813    0.0106582     0.355428     -2.74806
    -1.24379     0.678173    0.0318869      2.10813   -0.0574089     0.356072     -2.67302
    -1.89522      1.24285      1.56491      2.10813      -1.2892      1.40032     -1.32016
    -1.89535      1.25456         1.57      2.10813     -1.29714      1.41027     -1.31737
    -1.89529      1.26598       1.5746      2.10813     -1.30501      1.41972     -1.31468
    -1.19576     0.678595   -0.0678312      2.10813     0.121583     0.358415      -2.8704
    -1.21442     0.678153   -0.0290951      2.10813     0.052394      0.35596     -2.79407
    -1.23263     0.678062   0.00870478      2.10813   -0.0156902     0.355455     -2.71902
     -1.2513     0.678318    0.0474644      2.10813   -0.0853234     0.356881     -2.64224
     -1.8953      1.24755        1.567      2.10813     -1.29238      1.40435     -1.31903
    -1.89535      1.25927      1.57194      2.10813     -1.30037       1.4142     -1.31626
    -1.89521      1.27069       1.5764      2.10813     -1.30829      1.42355     -1.31358
    -1.20279     0.678387   -0.0532336      2.10813     0.095626     0.357261     -2.84175
    -1.22146     0.678078     -0.01448      2.10813    0.0260962     0.355542     -2.76508
    -1.24013     0.678122    0.0242902      2.10813    -0.043755     0.355792     -2.68808
    -1.25833     0.678506    0.0620657      2.10813    -0.111351     0.357927     -2.61352
    -1.89517      1.24055      1.56387      2.10813     -1.28766      1.39834     -1.32071
    -1.89534      1.25197       1.5689      2.10813     -1.29538       1.4081     -1.31798
    -1.89532       1.2634      1.57359      2.10813     -1.30322       1.4176     -1.31529
    -1.21029      0.67822   -0.0376598      2.10813    0.0677689     0.356335     -2.81102
    -1.22897     0.678053   0.00110614      2.10813  -0.00199377     0.355406     -2.73411
    -1.24717     0.678231    0.0389025      2.10813   -0.0699965     0.356397     -2.65914
    -1.89526      1.24497      1.56586      2.10813     -1.29063      1.40214     -1.31965
    -1.89535      1.25668      1.57088      2.10813      -1.2986      1.41205     -1.31687
    -1.89526      1.26781       1.5753      2.10813     -1.30628      1.42121     -1.31426
    -1.19867     0.678503   -0.0617909      2.10813     0.110863     0.357904     -2.85857
    -1.21733     0.678115   -0.0230459      2.10813    0.0415171     0.355754     -2.78208
    -1.23601     0.678082    0.0157237      2.10813   -0.0283358     0.355567     -2.70508
    -1.25467     0.678402    0.0544764      2.10813   -0.0978418     0.357349     -2.62843
    -1.89532      1.24938       1.5678      2.10813     -1.29362      1.40591      -1.3186
    -1.89534       1.2611      1.57267      2.10813     -1.30163      1.41571     -1.31583
    -1.89517      1.27281      1.57718      2.10813     -1.30977      1.42525     -1.31309