    -1.18921      1.50968      1.57061      1.96347     -1.51439      1.54725    -0.685103
    -1.18916      1.52101      1.57144      1.96347     -1.52455      1.55235    -0.684788
   -0.560995      0.90419    -0.024438      1.96347    0.0708502     0.274729       -2.103
    -0.57542     0.904159    0.0157393      1.96347   -0.0456807     0.274292     -1.98041
    -1.18916       1.5029      1.56995      1.96347     -1.50838      1.54405    -0.685245
    -1.18921      1.51424      1.57099      1.96347     -1.51846      1.54934    -0.684989
   -0.566794     0.904143  -0.00828695      1.96347    0.0240656     0.274067     -2.05378
   -0.580858     0.904221    0.0308849      1.96347   -0.0894398     0.275175     -1.93436
     -1.1892      1.50717      1.57038      1.96347     -1.51216      1.54608    -0.685159
    -1.18919      1.51851      1.57129      1.96347      -1.5223      1.55125    -0.684866
   -0.557808     0.904234   -0.0333141      1.96347    0.0964283      0.27537     -2.12992
   -0.572233     0.904141   0.00686127      1.96347   -0.0199261      0.27404      -2.0075
    -1.18922      1.51173      1.57079      1.96347     -1.51622       1.5482    -0.685054
    -1.18913      1.52278      1.57154      1.96347     -1.52615      1.55311    -0.684729
   -0.563606     0.904163   -0.0171664      1.96347     0.049816      0.27435     -2.08087
   -0.577671      0.90418    0.0220081      1.96347   -0.0638275     0.274588     -1.96131
    -1.18918      1.50467      1.57013      1.96347     -1.50994      1.54489    -0.685211
     -1.1892        1.516      1.57112      1.96347     -1.52004      1.55014     -0.68494
   -0.569045     0.904138  -0.00201786      1.96347   0.00586135     0.273986     -2.03463
   -0.583469     0.904264    0.0381556      1.96347    -0.110322     0.275801     -1.91238
    -1.18921      1.50923      1.57057      1.96347     -1.51399      1.54704    -0.685114
    -1.18917      1.52028       1.5714      1.96347     -1.52389      1.55203    -0.684812
   -0.560419     0.904197   -0.0260435      1.96347    0.0754854     0.274831     -2.10788
   -0.574484     0.904152    0.0131311      1.96347   -0.0381199     0.274197     -1.98836
    -1.18916      1.50245       1.5699      1.96347     -1.50798      1.54383    -0.685253
    -1.18922       1.5135      1.57093      1.96347      -1.5178        1.549    -0.685008
   -0.565857     0.904148   -0.0108964      1.96347    0.0316385      0.27413     -2.06175
   -0.580282     0.904212    0.0292802      1.96347   -0.0848187     0.275055     -1.93922
     -1.1892      1.50672      1.57034      1.96347     -1.51176      1.54587    -0.685169
    -1.18919      1.51806      1.57126      1.96347     -1.52189      1.55105     -0.68488
   -0.557232     0.904244   -0.0349189      1.96347     0.101039     0.275506     -2.13477
   -0.571296     0.904139   0.00425225      1.96347   -0.0123502     0.274004     -2.01547
    -1.18922      1.51099      1.57073      1.96347     -1.51556      1.54786    -0.685072
    -1.18914      1.52233      1.57151      1.96347     -1.52574      1.55292    -0.684745
    -0.56267     0.904171   -0.0197741      1.96347     0.057366     0.274471     -2.08881
   -0.577095     0.904174    0.0204039      1.96347   -0.0591877     0.274503     -1.96619
    -1.18918      1.50422      1.57009      1.96347     -1.50954      1.54468     -0.68522
    -1.18921      1.51555      1.57109      1.96347     -1.51964      1.54993    -0.684953
   -0.568469     0.904139  -0.00362289      1.96347     0.010523     0.273998     -2.03953
   -0.582532     0.904248    0.0355485      1.96347    -0.102846     0.275562     -1.92025
    -1.18921      1.50877      1.57053      1.96347     -1.51358      1.54683    -0.685124
    -1.18917      1.51983      1.57137      1.96347     -1.52348      1.55183    -0.684826
   -0.559843     0.904204   -0.0276482      1.96347     0.080115     0.274938     -2.11275
   -0.573907     0.904149    0.0115262      1.96347   -0.0334648     0.274148     -1.99326
    -1.18915      1.50171      1.56982      1.96347     -1.50733      1.54347    -0.685266
    -1.18922      1.51305      1.57089      1.96347      -1.5174       1.5488     -0.68502
   -0.565281     0.904151   -0.0125005      1.96347    0.0362917     0.274177     -2.06664
   -0.579346     0.904199    0.0266726      1.96347   -0.0773002     0.274872     -1.94714
    -1.18919      1.50598      1.57027      1.96347     -1.51111      1.54552    -0.685184
     -1.1892      1.51732      1.57121      1.96347     -1.52123      1.55072    -0.684902
   -0.556656     0.904254   -0.0365223      1.96347     0.105641      0.27565     -2.13962
    -0.57072     0.904138   0.00264728      1.96347  -0.00768886      0.27399     -2.02037
    -1.18922      1.51054      1.57069      1.96347     -1.51516      1.54765    -0.685083
    -1.18915      1.52188      1.57149      1.96347     -1.52533      1.55272     -0.68476
   -0.562094     0.904177   -0.0213795      1.96347    0.0620104     0.274554      -2.0937
   -0.576519     0.904168    0.0187991      1.96347   -0.0545431     0.274424     -1.97108
    -1.18917      1.50376      1.57004      1.96347     -1.50914      1.54446    -0.685228
    -1.18921       1.5151      1.57105      1.96347     -1.51923      1.54973    -0.684965
   -0.567892      0.90414  -0.00522763      1.96347    0.0151833     0.274015     -2.04444
   -0.581956     0.904238    0.0339446      1.96347   -0.0982396     0.275423      -1.9251
    -1.18921      1.50804      1.57046      1.96347     -1.51293      1.54649    -0.685141
    -1.18918      1.51937      1.57134      1.96347     -1.52307      1.55163     -0.68484
   -0.558907     0.904217   -0.0302567      1.96347    0.0876321     0.275127     -2.12066
   -0.573331     0.904146   0.00992006      1.96347   -0.0288048     0.274104     -1.99816
    -1.18914      1.50126      1.56977      1.96347     -1.50693      1.54325    -0.685274
    -1.18922      1.51259      1.57086      1.96347     -1.51699      1.54859    -0.685032
   -0.564705     0.904155   -0.0141061      1.96347    0.0409475     0.274231     -2.07154
    -0.57877     0.904192     0.025068      1.96347    -0.072669     0.274768     -1.95201
    -1.18919      1.50553      1.57022      1.96347     -1.51071      1.54531    -0.685194
     -1.1892      1.51687      1.57118      1.96347     -1.52082      1.55052    -0.684915
   -0.570144     0.904137   0.00104213      1.96347  -0.00302666     0.273982     -2.02528
    -1.18922      1.51009      1.57065      1.96347     -1.51476      1.54744    -0.685094
    -1.18915      1.52143      1.57146      1.96347     -1.52492      1.55253    -0.684774
   -0.561518     0.904183    -0.022984      1.96347    0.0666491     0.274643     -2.09858
   -0.575942     0.904163    0.0171941      1.96347   -0.0498955     0.274352     -1.97597
    -1.18917      1.50331      1.56999      1.96347     -1.50874      1.54424    -0.685237
    -1.18921      1.51436        1.571      1.96347     -1.51857       1.5494    -0.684985
   -0.566956     0.904143  -0.00783652      1.96347     0.022758     0.274058      -2.0524
    -0.58102     0.904223    0.0313361      1.96347   -0.0907385      0.27521     -1.93299
     -1.1892       1.5073      1.57039      1.96347     -1.51228      1.54614    -0.685157
    -1.18918      1.51864       1.5713      1.96347     -1.52241       1.5513    -0.684863
    -0.55797     0.904232   -0.0328633      1.96347    0.0951324     0.275333     -2.12856
   -0.572395     0.904142   0.00731188      1.96347   -0.0212343     0.274048     -2.00612
    -1.18913      1.50052      1.56968      1.96347     -1.50628      1.54289    -0.685286
    -1.18922      1.51186       1.5708      1.96347     -1.51633      1.54826     -0.68505
    -1.18913      1.52291      1.57154      1.96347     -1.52627      1.55317    -0.684725
   -0.563768     0.904162   -0.0167149      1.96347    0.0485079     0.274331     -2.07949
   -0.577833     0.904181    0.0224606      1.96347   -0.0651356     0.274613     -1.95994
    -1.18919      1.50508      1.57017      1.96347      -1.5103      1.54509    -0.685203
     -1.1892      1.51642      1.57115      1.96347     -1.52041      1.55032    -0.684928
   -0.569567     0.904137 -0.000562906      1.96347   0.00163534     0.273982     -2.03018
    -0.58327     0.904261    0.0376026      1.96347    -0.108737      0.27575     -1.91405