  -0.877855      1.5065     1.57002     2.26072    -1.52167     1.52929   -0.161187
  -0.877908     1.51847     1.57097     2.26072    -1.53031     1.53763   -0.160862
  -0.200061    0.868522  -0.0455204     2.26072     1.21648   0.0370456    -2.98874
  -0.215351    0.868324 -0.00691785     2.26072    0.398064   0.0136196    -2.16086
  -0.231035    0.868424   0.0326828     2.26072     -1.0997   0.0279952   -0.653387
  -0.877898     1.51131     1.57044     2.26072    -1.52512     1.53268   -0.161067
   -0.87788     1.52298     1.57123     2.26072    -1.53363     1.54071   -0.160716
  -0.205972    0.868411   -0.030597     2.26072     1.07316   0.0265774    -2.84176
  -0.221264    0.868326   0.0080145     2.26072   -0.453246   0.0139653    -1.30589
  -0.877823     1.50415     1.56978     2.26072    -1.52001     1.52762   -0.161241
  -0.877912     1.51582     1.57079     2.26072    -1.52838     1.53581   -0.160942
  -0.877821      1.5278     1.57146     2.26072     -1.5372     1.54394   -0.160545
  -0.211885    0.868343  -0.0156687     2.26072    0.759889     0.01736    -2.52483
   -0.22757    0.868375   0.0239339     2.26072   -0.965746   0.0222132   -0.789485
  -0.877878     1.50867     1.57022     2.26072    -1.52322     1.53082   -0.161135
  -0.877898     1.52064      1.5711     2.26072     -1.5319     1.53911   -0.160794
  -0.202507    0.868471  -0.0393442     2.26072     1.16855   0.0326342     -2.9393
   -0.21819    0.868319 0.000252157     2.26072  -0.0153278   0.0125538    -1.74571
  -0.233482    0.868467   0.0388599     2.26072    -1.16422   0.0322926   -0.587347
  -0.877907     1.51318     1.57059     2.26072    -1.52647     1.53398   -0.161017
  -0.877857     1.52515     1.57134     2.26072    -1.53523     1.54217   -0.160641
  -0.208811    0.868373  -0.0234301     2.26072    0.955894   0.0218943    -2.72274
  -0.224104    0.868342   0.0151836     2.26072   -0.744284    0.017104    -1.01309
  -0.877849     1.50602     1.56997     2.26072    -1.52133     1.52895   -0.161198
  -0.877909     1.51799     1.57094     2.26072    -1.52996     1.53731   -0.160877
  -0.214724    0.868326 -0.00850005     2.26072    0.476792    0.014135    -2.23998
  -0.230017    0.868408   0.0301124     2.26072    -1.06657   0.0262501   -0.687143
  -0.877893     1.51053     1.57038     2.26072    -1.52456     1.53213   -0.161087
  -0.877884     1.52251     1.57121     2.26072    -1.53328     1.54038   -0.160732
  -0.205345     0.86842  -0.0321791     2.26072     1.09354   0.0276524    -2.86254
  -0.220638    0.868323  0.00643222     2.26072   -0.372729   0.0134832    -1.38679
   -0.23632    0.868526   0.0460241     2.26072    -1.21988   0.0374107    -0.52994
   -0.87781     1.50337      1.5697     2.26072    -1.51946     1.52706   -0.161258
  -0.877912     1.51535     1.57076     2.26072    -1.52804     1.53548   -0.160955
  -0.877832     1.52702     1.57142     2.26072    -1.53662     1.54342   -0.160574
  -0.211258    0.868348  -0.0172506     2.26072    0.807665   0.0182178      -2.573
  -0.226943    0.868368   0.0223519     2.26072   -0.933795   0.0212224   -0.821824
   -0.87787     1.50789     1.57015     2.26072    -1.52266     1.53027   -0.161154
  -0.877902     1.51986     1.57106     2.26072    -1.53133     1.53858   -0.160818
  -0.201881    0.868483  -0.0409257     2.26072     1.18204   0.0337566    -2.95318
  -0.217172     0.86832 -0.00231932     2.26072    0.140133   0.0126766     -1.9018
  -0.232855    0.868455   0.0372788     2.26072    -1.14944   0.0311806   -0.602522
  -0.877905      1.5127     1.57055     2.26072    -1.52612     1.53365    -0.16103
  -0.877862     1.52467     1.57132     2.26072    -1.53488     1.54185   -0.160658
  -0.207793    0.868385  -0.0260005     2.26072     1.00336   0.0235345    -2.77083
  -0.223477    0.868337   0.0136015     2.26072   -0.690065   0.0163083     -1.0677
  -0.877842     1.50554     1.56992     2.26072    -1.52099     1.52861   -0.161209
  -0.877911     1.51721     1.57089     2.26072     -1.5294     1.53677     -0.1609
  -0.877798     1.52919     1.57151     2.26072    -1.53824     1.54487   -0.160493
  -0.213706    0.868331  -0.0110705     2.26072    0.591924   0.0151447    -2.35574
   -0.22939    0.868399   0.0285305     2.26072    -1.04389   0.0251933   -0.710215
   -0.87789     1.51006     1.57034     2.26072    -1.52422      1.5318     -0.1611
  -0.877888     1.52203     1.57118     2.26072    -1.53292     1.54006   -0.160748
  -0.204327    0.868437  -0.0347488     2.26072     1.12341   0.0294177    -2.89304
  -0.220011    0.868322  0.00484991     2.26072   -0.286754   0.0130838    -1.47316
  -0.235693    0.868512   0.0444435     2.26072    -1.20898   0.0362715   -0.541223
  -0.877802      1.5029     1.56966     2.26072    -1.51912     1.52672   -0.161268
  -0.877911     1.51457      1.5707     2.26072    -1.52747     1.53494   -0.160978
  -0.877839     1.52654      1.5714     2.26072    -1.53627      1.5431   -0.160591
  -0.210632    0.868354  -0.0188328     2.26072    0.851023   0.0191182    -2.61674
  -0.225925    0.868358   0.0197808     2.26072   -0.875067   0.0196684   -0.881183
  -0.877865     1.50741      1.5701     2.26072    -1.52232     1.52993   -0.161165
  -0.877904     1.51938     1.57103     2.26072    -1.53098     1.53826   -0.160834
  -0.201255    0.868496  -0.0425069     2.26072     1.19464    0.034884    -2.96617
  -0.216545    0.868321 -0.00390117     2.26072    0.232924   0.0129003    -1.99498
  -0.232229    0.868444   0.0356974     2.26072    -1.13353    0.030077   -0.618814
  -0.877903     1.51222     1.57052     2.26072    -1.52578     1.53331   -0.161043
  -0.877868     1.52419     1.57129     2.26072    -1.53453     1.54153   -0.160674
  -0.206774    0.868399  -0.0285713     2.26072      1.0445   0.0252193    -2.81261
  -0.222851    0.868333   0.0120192     2.26072   -0.630423   0.0155602    -1.12773
  -0.877836     1.50506     1.56988     2.26072    -1.52065     1.52827    -0.16122
  -0.877911     1.51674     1.57085     2.26072    -1.52905     1.53644   -0.160915
  -0.877811     1.52841     1.57148     2.26072    -1.53766     1.54435   -0.160522
  -0.213079    0.868335   -0.012653     2.26072    0.654994   0.0158524     -2.4192
  -0.228764     0.86839   0.0269496     2.26072    -1.01922    0.024152   -0.735271
  -0.877886     1.50958      1.5703     2.26072    -1.52387     1.53146   -0.161112
  -0.877893     1.52125     1.57114     2.26072    -1.53235     1.53953   -0.160774
  -0.203701    0.868448  -0.0363302     2.26072     1.14004   0.0305197    -2.91005
  -0.218993     0.86832  0.00227869     2.26072   -0.137695   0.0126719    -1.62285
  -0.234676    0.868491   0.0418741     2.26072     -1.1897   0.0344333   -0.561135
   -0.87791     1.51409     1.57066     2.26072    -1.52713     1.53461   -0.160991
  -0.877849     1.52576     1.57137     2.26072    -1.53569     1.54258   -0.160619
  -0.210005     0.86836  -0.0204141     2.26072    0.890385   0.0200466    -2.65649
  -0.224907    0.868348   0.0172099     2.26072   -0.806484   0.0181949   -0.950396
   -0.87786     1.50693     1.57006     2.26072    -1.52198     1.52959   -0.161177
  -0.877907      1.5186     1.57098     2.26072    -1.53041     1.53773   -0.160858
  -0.200237    0.868518  -0.0450765     2.26072     1.21343   0.0367272    -2.98559
  -0.215527    0.868324 -0.00647257     2.26072    0.374869    0.013492    -2.13756
  -0.231211    0.868427   0.0331274     2.26072    -1.10501   0.0283002   -0.647971
  -0.877899     1.51145     1.57045     2.26072    -1.52521     1.53277   -0.161064
  -0.877875     1.52342     1.57125     2.26072    -1.53395       1.541   -0.160701
  -0.206148    0.868408   -0.030153     2.26072     1.06713   0.0262796    -2.83563
  -0.221832    0.868328  0.00944808     2.26072   -0.521097   0.0144849    -1.23769
  -0.877825     1.50429      1.5698     2.26072     -1.5201     1.52771   -0.161238
  -0.877912     1.51626     1.57082     2.26072     -1.5287     1.53611   -0.160929
  -0.877818     1.52793     1.57146     2.26072     -1.5373     1.54403    -0.16054
  -0.212453    0.868339  -0.0142349     2.26072    0.712408   0.0166233      -2.477
  -0.227746    0.868377   0.0243786     2.26072   -0.974222   0.0224932     -0.7809
  -0.877879      1.5088     1.57023     2.26072    -1.52332     1.53091   -0.161132
  -0.877897     1.52077     1.57111     2.26072      -1.532     1.53921   -0.160789
  -0.202683    0.868467     -0.0389     2.26072     1.16459   0.0323222    -2.93523
  -0.218366    0.868319 0.000697136     2.26072  -0.0423667   0.0125585    -1.71856
  -0.234049    0.868478   0.0402928     2.26072    -1.17675   0.0333068   -0.574469
  -0.877908     1.51361     1.57063     2.26072    -1.52678     1.53428   -0.161005
  -0.877851     1.52558     1.57136     2.26072    -1.53556     1.54246   -0.160625
  -0.208987    0.868371  -0.0229852     2.26072    0.946941   0.0216148    -2.71368
  -0.224672    0.868346   0.0166172     2.26072   -0.789086   0.0178709    -0.96794
   -0.87785     1.50615     1.56998     2.26072    -1.52143     1.52904   -0.161195
  -0.877909     1.51813     1.57095     2.26072    -1.53006      1.5374   -0.160873