   -0.566605      1.49811      1.56998      2.09954     -1.50842      1.53345    0.0730472
   -0.566646       1.5098      1.57106      2.09954     -1.51798      1.54027    0.0734039
   0.0812027     0.877893   -0.0141751      2.09954    0.0666207     0.164566     -1.45227
   0.0660001     0.877936    0.0255462      2.09954    -0.119627     0.165437     -1.25837
   -0.566644      1.50281      1.57046      2.09954     -1.51224      1.53623      0.07318
   -0.566613      1.51421      1.57138      2.09954     -1.52163      1.54277    0.0735617
   0.0902924      0.87801   -0.0379229      2.09954     0.176483     0.166941     -1.56671
   0.0754708     0.877874  0.000801437      2.09954  -0.00377215     0.164178     -1.37899
   0.0602699     0.878029    0.0405163      2.09954     -0.18825     0.167329     -1.18686
   -0.566572      1.49552      1.56969      2.09954     -1.50633       1.5319    0.0729799
   -0.566653      1.50722      1.57086      2.09954     -1.51585      1.53879    0.0733174
   0.0845619     0.877924   -0.0229519      2.09954     0.107588     0.165195     -1.49493
   0.0693592     0.877901    0.0167699      2.09954   -0.0787635     0.164721     -1.30092
   -0.566626      1.50023       1.5702      2.09954     -1.51014      1.53471    0.0731053
   -0.566636      1.51163       1.5712      2.09954     -1.51949      1.54131    0.0734675
   0.0784506     0.877879  -0.00698433      2.09954    0.0328658     0.164271     -1.41713
   0.0636281     0.877969     0.031743      2.09954    -0.148225     0.166119     -1.22857
   -0.566651      1.50464      1.57063      2.09954     -1.51373       1.5373    0.0732354
   -0.566588      1.51633      1.57151      2.09954      -1.5234      1.54395    0.0736422
   0.0879207     0.877969   -0.0317271      2.09954     0.148154     0.166116     -1.53719
   0.0727186      0.87788   0.00799219      2.09954   -0.0376026     0.164301     -1.34377
     -0.5666      1.49764      1.56993      2.09954     -1.50804      1.53317    0.0730347
   -0.566648      1.50934      1.57103      2.09954      -1.5176      1.54001    0.0733879
     0.08181     0.877898   -0.0157618      2.09954    0.0740491     0.164658        -1.46
    0.066987     0.877924    0.0229676      2.09954     -0.10766     0.165196     -1.27083
   -0.566639      1.50205      1.57038      2.09954     -1.51162      1.53578    0.0731577
   -0.566618      1.51375      1.57135      2.09954     -1.52125      1.54251    0.0735443
    0.091279     0.878029   -0.0405002      2.09954     0.188178     0.167326      -1.5789
   0.0760781     0.877874 -0.000785515      2.09954   0.00369826     0.164178     -1.38677
   0.0608769     0.878017    0.0389304      2.09954     -0.18106     0.167089     -1.19435
   -0.566565      1.49506      1.56963      2.09954     -1.50595      1.53161    0.0729681
   -0.566653      1.50675      1.57082      2.09954     -1.51547      1.53852    0.0733023
   -0.566562      1.51816      1.57162      2.09954     -1.52492      1.54496    0.0737143
   0.0851691     0.877931   -0.0245383      2.09954     0.114954      0.16534      -1.5026
   0.0703462     0.877893    0.0141911      2.09954   -0.0666943     0.164567     -1.31349
   -0.566622      1.49976      1.57015      2.09954     -1.50976      1.53443    0.0730922
   -0.566639      1.51116      1.57117      2.09954      -1.5191      1.54105     0.073451
   0.0794376     0.877883   -0.0095633      2.09954    0.0449858     0.164354     -1.42975
   0.0642353      0.87796    0.0301568      2.09954    -0.140928      0.16593     -1.23618
   -0.566649      1.50417      1.57059      2.09954     -1.51335      1.53702    0.0732211
   -0.566594      1.51586      1.57148      2.09954     -1.52301      1.54369    0.0736242
   0.0885279     0.877979   -0.0333133      2.09954     0.155433     0.166314     -1.54477
   0.0733259     0.877878   0.00640556      2.09954   -0.0301432     0.164257     -1.35154
    -0.56659      1.49688      1.56984      2.09954     -1.50742      1.53271    0.0730147
    -0.56665      1.50858      1.57097      2.09954     -1.51697      1.53957    0.0733623
   0.0824173     0.877903   -0.0173485      2.09954    0.0814694     0.164759     -1.46773
   0.0675942     0.877917    0.0213811      2.09954    -0.100279     0.165061     -1.27852
   -0.566637      1.50158      1.57034      2.09954     -1.51124      1.53551    0.0731441
   -0.566625      1.51299       1.5713      2.09954     -1.52062      1.54208    0.0735164
   0.0918861     0.878041   -0.0420862      2.09954     0.195347     0.167575     -1.58637
   0.0770652     0.877876  -0.00336441      2.09954    0.0158368     0.164199      -1.3994
   0.0618636     0.877999    0.0363528      2.09954     -0.16933     0.166719     -1.20658
   -0.566557      1.49459      1.56958      2.09954     -1.50557      1.53133    0.0729564
   -0.566653      1.50629      1.57078      2.09954     -1.51509      1.53825    0.0732874
   -0.566569      1.51769      1.57159      2.09954     -1.52453       1.5447    0.0736956
    0.086156     0.877944   -0.0271166      2.09954     0.126898     0.165596     -1.51504
   0.0709535     0.877889    0.0126042      2.09954   -0.0592567     0.164485     -1.32123
   -0.566615        1.499      1.57007      2.09954     -1.50914      1.53398    0.0730713
   -0.566641       1.5107      1.57113      2.09954     -1.51872      1.54078    0.0734347
   0.0800449     0.877886   -0.0111502      2.09954    0.0524365     0.164418      -1.4375
   0.0652222     0.877946    0.0275786      2.09954    -0.129033     0.165645     -1.24857
   -0.566646      1.50341      1.57052      2.09954     -1.51273      1.53658    0.0731979
   -0.566604      1.51511      1.57144      2.09954     -1.52238      1.54327    0.0735952
    0.089135     0.877989   -0.0348994      2.09954     0.162694     0.166521     -1.55234
    0.074313     0.877876    0.0038264      2.09954   -0.0180098     0.164205     -1.36417
   -0.566584      1.49641      1.56979      2.09954     -1.50705      1.53243    0.0730025
   -0.566651      1.50811      1.57093      2.09954     -1.51659      1.53931    0.0733468
   0.0834042     0.877912   -0.0199272      2.09954    0.0935065     0.164944     -1.48026
   0.0685812     0.877908    0.0188025      2.09954   -0.0882589     0.164861     -1.29103
   -0.566631      1.50082      1.57026      2.09954     -1.51062      1.53506    0.0731222
   -0.566629      1.51252      1.57127      2.09954     -1.52023      1.54182    0.0734995
   0.0776725     0.877877  -0.00495125      2.09954    0.0233036     0.164224     -1.40717
   0.0624707     0.877988    0.0347669      2.09954    -0.162087     0.166503     -1.21413
   -0.566652      1.50553      1.57071      2.09954     -1.51446      1.53781    0.0732632
   -0.566576      1.51722      1.57156      2.09954     -1.52414      1.54444     0.073677
   0.0867632     0.877952   -0.0287032      2.09954     0.134228     0.165766     -1.52268
   0.0715608     0.877886    0.0110175      2.09954   -0.0518128     0.164412     -1.32898
    -0.56661      1.49853      1.57002      2.09954     -1.50876       1.5337    0.0730586
   -0.566645      1.50994      1.57107      2.09954     -1.51809      1.54035    0.0734084
    0.081032     0.877892    -0.013729      2.09954    0.0645305     0.164542     -1.45009
   0.0658294     0.877938    0.0259922      2.09954    -0.121693     0.165481     -1.25621
   -0.566644      1.50294      1.57047      2.09954     -1.51235      1.53631    0.0731839
   -0.566609      1.51464      1.57141      2.09954     -1.52199        1.543    0.0735776
   0.0901217     0.878007   -0.0374771      2.09954     0.174454     0.166877     -1.56459
   0.0749203     0.877875   0.00223979      2.09954   -0.0105427     0.164187     -1.37194
   0.0597196      0.87804    0.0419538      2.09954    -0.194748     0.167554     -1.18008
   -0.566578      1.49595      1.56974      2.09954     -1.50667      1.53215    0.0729905
   -0.566652      1.50764      1.57089      2.09954      -1.5162      1.53904    0.0733313
   0.0840115     0.877918   -0.0215137      2.09954     0.100898     0.165071     -1.48796
   0.0691885     0.877902    0.0172158      2.09954   -0.0808481      0.16475     -1.29875
    -0.56663      1.50065      1.57025      2.09954     -1.51048      1.53496    0.0731173
   -0.566633      1.51205      1.57123      2.09954     -1.51984      1.54155    0.0734826
   0.0779001     0.877877  -0.00554612      2.09954     0.026102     0.164236     -1.41009
   0.0634575     0.877972    0.0321889      2.09954    -0.150274     0.166173     -1.22644
   -0.566651      1.50506      1.57067      2.09954     -1.51408      1.53754    0.0732486
   -0.566583      1.51676      1.57154      2.09954     -1.52375      1.54418    0.0736587
   0.0873704     0.877961   -0.0302894      2.09954      0.14154     0.165945     -1.53029
   0.0721681     0.877883   0.00943056      2.09954   -0.0443612     0.164349     -1.33674