   -0.35484     1.04647 -0.00284147     1.88136   0.0115948    0.213779    -1.80188
   -0.35484     1.04647 -0.00284147     1.88136       -3.13   -0.213779     1.33971
  -0.359662     1.04648   0.0141133     1.88136  -0.0575217    0.214138    -1.73068
  -0.359662     1.04648   0.0141133     1.88136    -3.19911   -0.214138     1.41092
  -0.959798     1.66069     1.57138     1.88136    -1.65623     1.59879   -0.513947
  -0.959798     1.66069     1.57138     1.88136    -4.79782    -1.59879     2.62765
  -0.352014     1.04647  -0.0127788     1.88136   0.0520946     0.21407    -1.84361
  -0.352014     1.04647  -0.0127788     1.88136     -3.0895    -0.21407     1.29798
  -0.959813     1.66514      1.5708     1.88136    -1.66065     1.59959   -0.514034
  -0.959813     1.66514      1.5708     1.88136    -4.80224    -1.59959     2.62756
  -0.356836     1.04647  0.00417551     1.88136  -0.0170365    0.213796    -1.77239
  -0.356836     1.04647  0.00417551     1.88136    -3.15863   -0.213796     1.36921
  -0.959808     1.66269     1.57113     1.88136    -1.65822     1.59916    -0.51399
  -0.959808     1.66269     1.57113     1.88136    -4.79981    -1.59916      2.6276
  -0.354329     1.04647 -0.00463843     1.88136   0.0189256    0.213804    -1.80944
  -0.354329     1.04647 -0.00463843     1.88136    -3.12267   -0.213804     1.33216
  -0.959811     1.66686     1.57056     1.88136    -1.66237     1.59989   -0.514058
  -0.959811     1.66686     1.57056     1.88136    -4.80396    -1.59989     2.62753
  -0.359152     1.04647   0.0123163     1.88136  -0.0502118    0.214049    -1.73821
  -0.359152     1.04647   0.0123163     1.88136     -3.1918   -0.214049     1.40338
  -0.959795     1.66024     1.57144     1.88136    -1.65579     1.59871   -0.513937
  -0.959795     1.66024     1.57144     1.88136    -4.79738    -1.59871     2.62766
  -0.351503     1.04648   -0.014575     1.88136   0.0593994    0.214163    -1.85114
  -0.351503     1.04648   -0.014575     1.88136    -3.08219   -0.214163     1.29046
  -0.959813     1.66442      1.5709     1.88136    -1.65993     1.59947   -0.514022
  -0.959813     1.66442      1.5709     1.88136    -4.80153    -1.59947     2.62757
  -0.356325     1.04647  0.00238001     1.88136 -0.00971118    0.213774    -1.77993
  -0.356325     1.04647  0.00238001     1.88136     -3.1513   -0.213774     1.36166
  -0.959805     1.66197     1.57122     1.88136     -1.6575     1.59903   -0.513975
  -0.959805     1.66197     1.57122     1.88136     -4.7991    -1.59903     2.62762
  -0.353499     1.04647 -0.00755808     1.88136   0.0308314    0.213871     -1.8217
  -0.353499     1.04647 -0.00755808     1.88136    -3.11076   -0.213871     1.31989
  -0.959812     1.66642     1.57062     1.88136    -1.66193     1.59981   -0.514052
  -0.959812     1.66642     1.57062     1.88136    -4.80352    -1.59981     2.62754
  -0.358641     1.04647   0.0105213     1.88136  -0.0429042    0.213972    -1.74574
  -0.358641     1.04647   0.0105213     1.88136     -3.1845   -0.213972     1.39586
  -0.959792      1.6598     1.57149     1.88136    -1.65535     1.59862   -0.513926
  -0.959792      1.6598     1.57149     1.88136    -4.79695    -1.59862     2.62767
  -0.350992     1.04648  -0.0163724     1.88136   0.0667023    0.214267    -1.85866
  -0.350992     1.04648  -0.0163724     1.88136    -3.07489   -0.214267     1.28293
  -0.959812     1.66398     1.57096     1.88136    -1.65949     1.59939   -0.514014
  -0.959812     1.66398     1.57096     1.88136    -4.80109    -1.59939     2.62758
  -0.355814     1.04646 0.000583053     1.88136  -0.0023788    0.213764    -1.78749
  -0.355814     1.04646 0.000583053     1.88136    -3.14397   -0.213764      1.3541
  -0.959803     1.66153     1.57128     1.88136    -1.65706     1.59895   -0.513966
  -0.959803     1.66153     1.57128     1.88136    -4.79866    -1.59895     2.62763
  -0.352988     1.04647 -0.00935432     1.88136   0.0381517    0.213928    -1.82924
  -0.352988     1.04647 -0.00935432     1.88136    -3.10344   -0.213928     1.31235
  -0.959813      1.6657     1.57072     1.88136    -1.66121     1.59969   -0.514042
  -0.959813      1.6657     1.57072     1.88136     -4.8028    -1.59969     2.62755
   -0.35813     1.04647  0.00872439     1.88136  -0.0355842    0.213907    -1.75328
   -0.35813     1.04647  0.00872439     1.88136    -3.17718   -0.213907     1.38831
  -0.959811     1.66353     1.57102     1.88136    -1.65905     1.59931   -0.514006
  -0.959811     1.66353     1.57102     1.88136    -4.80065    -1.59931     2.62759
  -0.354984     1.04647 -0.00233677     1.88136  0.00953555    0.213774    -1.79976
  -0.354984     1.04647 -0.00233677     1.88136    -3.13206   -0.213774     1.34183
  -0.360126     1.04648   0.0157409     1.88136  -0.0641366    0.214229    -1.72386
  -0.360126     1.04648   0.0157409     1.88136    -3.20573   -0.214229     1.41773
  -0.959801     1.66109     1.57133     1.88136    -1.65663     1.59886   -0.513956
  -0.959801     1.66109     1.57133     1.88136    -4.79822    -1.59886     2.62764
  -0.352477     1.04647  -0.0111506     1.88136   0.0454675    0.213998    -1.83678
  -0.352477     1.04647  -0.0111506     1.88136    -3.09613   -0.213998     1.30481
  -0.959813     1.66526     1.57078     1.88136    -1.66077     1.59961   -0.514036
  -0.959813     1.66526     1.57078     1.88136    -4.80236    -1.59961     2.62756
  -0.357299     1.04647  0.00580496     1.88136  -0.0236826    0.213827    -1.76554
  -0.357299     1.04647  0.00580496     1.88136    -3.16528   -0.213827     1.37605
   -0.95981     1.66309     1.57108     1.88136    -1.65861     1.59923   -0.513998
   -0.95981     1.66309     1.57108     1.88136    -4.80021    -1.59923     2.62759
  -0.354154     1.04647 -0.00525627     1.88136   0.0214456    0.213816    -1.81203
  -0.354154     1.04647 -0.00525627     1.88136    -3.12015   -0.213816     1.32956