   -0.966124      1.04243  -0.00358707      1.93847    0.0193599     0.160722     -2.48351
   -0.966124      1.04243  -0.00358707      1.93847     -3.12223    -0.160722     0.658088
   -0.971365      1.04244    0.0143982      1.93847   -0.0775493     0.161198     -2.38402
   -0.971365      1.04244    0.0143982      1.93847     -3.21914    -0.161198     0.757572
   -0.963243      1.04244   -0.0134739      1.93847    0.0725918     0.161135     -2.53815
   -0.963243      1.04244   -0.0134739      1.93847       -3.069    -0.161135      0.60344
   -0.968484      1.04243   0.00451082      1.93847   -0.0243424     0.160741     -2.43864
   -0.968484      1.04243   0.00451082      1.93847     -3.16594    -0.160741     0.702949
   -0.965603      1.04243  -0.00537544      1.93847    0.0290069     0.160762     -2.49341
   -0.965603      1.04243  -0.00537544      1.93847     -3.11259    -0.160762     0.648184
   -0.970518      1.04244    0.0114918      1.93847   -0.0619439     0.161014     -2.40004
   -0.970518      1.04244    0.0114918      1.93847     -3.20354    -0.161014      0.74155
   -0.962722      1.04245    -0.015259      1.93847     0.082165     0.161261     -2.54798
   -0.962722      1.04245    -0.015259      1.93847     -3.05943    -0.161261     0.593612
   -0.967963      1.04243   0.00272334      1.93847   -0.0146981     0.160709     -2.44854
   -0.967963      1.04243   0.00272334      1.93847     -3.15629    -0.160709     0.693049
   -0.965082      1.04244   -0.0071606      1.93847    0.0386308     0.160816     -2.50329
   -0.965082      1.04244   -0.0071606      1.93847     -3.10296    -0.160816     0.638305
   -0.969997      1.04244   0.00970638      1.93847   -0.0523403     0.160922      -2.4099
   -0.969997      1.04244   0.00970638      1.93847     -3.19393    -0.160922     0.731691
   -0.962201      1.04245   -0.0170454      1.93847    0.0917298     0.161402      -2.5578
   -0.962201      1.04245   -0.0170454      1.93847     -3.04986    -0.161402     0.583791
   -0.967116      1.04243 -0.000178993      1.93847  0.000966693     0.160691     -2.46462
   -0.967116      1.04243 -0.000178993      1.93847     -3.14063    -0.160691     0.676969
   -0.964235      1.04244   -0.0100659      1.93847    0.0542758     0.160939     -2.51935
   -0.964235      1.04244   -0.0100659      1.93847     -3.08732    -0.160939     0.622244
   -0.969477      1.04244   0.00791788      1.93847     -0.04271     0.160844     -2.41979
   -0.969477      1.04244   0.00791788      1.93847      -3.1843    -0.160844     0.721804
   -0.966596      1.04243  -0.00196648      1.93847    0.0106146       0.1607     -2.47453
   -0.966596      1.04243  -0.00196648      1.93847     -3.13098      -0.1607     0.667065
   -0.971511      1.04245    0.0148987      1.93847   -0.0802329     0.161234     -2.38127
   -0.971511      1.04245    0.0148987      1.93847     -3.22183    -0.161234     0.760327
   -0.963715      1.04244   -0.0118521      1.93847    0.0638816     0.161035     -2.52921
   -0.963715      1.04244   -0.0118521      1.93847     -3.07771    -0.161035     0.612383
   -0.968956      1.04243   0.00613153      1.93847   -0.0330827     0.160783     -2.42967
   -0.968956      1.04243   0.00613153      1.93847     -3.17468    -0.160783     0.711922
   -0.965749      1.04243  -0.00487185      1.93847    0.0262908     0.160749     -2.49062
   -0.965749      1.04243  -0.00487185      1.93847      -3.1153    -0.160749     0.650973