    0.619857      1.05699     -1.57801       1.9249      1.08198      1.40551     -2.92665
    0.619857      1.05699     -1.57801       1.9249     -2.05961     -1.40551     0.214947
    0.619944      1.04578     -1.57015       1.9249      1.07328      1.39558     -2.92118
    0.619944      1.04578     -1.57015       1.9249     -2.06832     -1.39558      0.22041
    0.619823      1.03456     -1.56193       1.9249      1.06458      1.38543     -2.91558
    0.619823      1.03456     -1.56193       1.9249     -2.07701     -1.38543      0.22601
  -0.0314852     0.537722   -0.0534359       1.9249    0.0435159     0.680059     -1.77225
  -0.0314852     0.537722   -0.0534359       1.9249     -3.09808    -0.680059      1.36934
  -0.0533817     0.537402   -0.0129058       1.9249    0.0105152     0.679351     -1.73366
  -0.0533817     0.537402   -0.0129058       1.9249     -3.13108    -0.679351      1.40793
  -0.0747441     0.537467    0.0266288       1.9249   -0.0216937     0.679494       -1.696
  -0.0747441     0.537467    0.0266288       1.9249     -3.16329    -0.679494      1.44559
   -0.740602      1.03864      1.56496       1.9249     -1.06774      1.38914    -0.525102
   -0.740602      1.03864      1.56496       1.9249     -4.20933     -1.38914      2.61649
   -0.740649      1.04957      1.57285       1.9249     -1.07622      1.39896     -0.51969
   -0.740649      1.04957      1.57285       1.9249     -4.21781     -1.39896       2.6219
    0.619917      1.05248      -1.5749       1.9249      1.07848      1.40154     -2.92447
    0.619917      1.05248      -1.5749       1.9249     -2.06311     -1.40154     0.217127
    0.619923      1.04155      -1.5671       1.9249         1.07      1.39178     -2.91909
    0.619923      1.04155      -1.5671       1.9249     -2.07159     -1.39178     0.222505
  -0.0402835     0.537546   -0.0371481       1.9249      0.03026     0.679671     -1.75675
  -0.0402835     0.537546   -0.0371481       1.9249     -3.11133    -0.679671      1.38485
  -0.0616428     0.537383   0.00238251       1.9249  -0.00194109     0.679309      -1.7191
  -0.0616428     0.537383   0.00238251       1.9249     -3.14353    -0.679309      1.42249
  -0.0835466     0.537601     0.042922       1.9249   -0.0349601     0.679793     -1.68049
  -0.0835466     0.537601     0.042922       1.9249     -3.17655    -0.679793       1.4611
   -0.740644      1.04286      1.56805       1.9249     -1.07102      1.39296    -0.522993
   -0.740644      1.04286      1.56805       1.9249     -4.21261     -1.39296       2.6186
    -0.74061      1.05408      1.57601       1.9249     -1.07972      1.40296    -0.517495
    -0.74061      1.05408      1.57601       1.9249     -4.22131     -1.40296       2.6241
    0.619943      1.04825     -1.57192       1.9249       1.0752      1.39779      -2.9224
    0.619943      1.04825     -1.57192       1.9249     -2.06639     -1.39779     0.219192
    0.619868      1.03704     -1.56378       1.9249       1.0665      1.38769     -2.91683
    0.619868      1.03704     -1.56378       1.9249     -2.07509     -1.38769     0.224761
  -0.0266525     0.537845   -0.0623846       1.9249    0.0507938     0.680332     -1.78076
  -0.0266525     0.537845   -0.0623846       1.9249      -3.0908    -0.680332      1.36083
  -0.0485406     0.537439   -0.0218651       1.9249    0.0178138     0.679434     -1.74219
  -0.0485406     0.537439   -0.0218651       1.9249     -3.12378    -0.679434       1.3994
  -0.0704507     0.537424    0.0186827       1.9249   -0.0152212     0.679399     -1.70357
  -0.0704507     0.537424    0.0186827       1.9249     -3.15681    -0.679399      1.43802
  -0.0917958     0.537785    0.0581948       1.9249   -0.0473865     0.680199     -1.66596
  -0.0917958     0.537785    0.0581948       1.9249     -3.18898    -0.680199      1.47563
   -0.740564      1.03616      1.56312       1.9249     -1.06582      1.38689    -0.526348
   -0.740564      1.03616      1.56312       1.9249     -4.20741     -1.38689      2.61524
   -0.740655      1.04709       1.5711       1.9249      -1.0743      1.39675    -0.520905
   -0.740655      1.04709       1.5711       1.9249     -4.21589     -1.39675      2.62069
   -0.740545      1.05831      1.57891       1.9249     -1.08301      1.40667    -0.515457
   -0.740545      1.05831      1.57891       1.9249      -4.2246     -1.40667      2.62614
    0.619888      1.05496     -1.57662       1.9249      1.08041      1.40373     -2.92567
    0.619888      1.05496     -1.57662       1.9249     -2.06119     -1.40373     0.215926
    0.619938      1.04375     -1.56869       1.9249       1.0717      1.39376     -2.92018
    0.619938      1.04375     -1.56869       1.9249     -2.06989     -1.39376     0.221414
  -0.0354463     0.537635   -0.0461025       1.9249    0.0375489     0.679867     -1.76527
  -0.0354463     0.537635   -0.0461025       1.9249     -3.10404    -0.679867      1.37632
  -0.0568009     0.537388  -0.00657811       1.9249    0.0053598     0.679319     -1.72763
  -0.0568009     0.537388  -0.00657811       1.9249     -3.13623    -0.679319      1.41396
  -0.0787087     0.537519    0.0339668       1.9249   -0.0276695     0.679611     -1.68902
  -0.0787087     0.537519    0.0339668       1.9249     -3.16926    -0.679611      1.45258
   -0.740623      1.04039      1.56625       1.9249      -1.0691      1.39073    -0.524227
   -0.740623      1.04039      1.56625       1.9249     -4.21069     -1.39073      2.61737
   -0.740635       1.0516      1.57428       1.9249      -1.0778      1.40077    -0.518699
   -0.740635       1.0516      1.57428       1.9249     -4.21939     -1.40077      2.62289
    0.619931      1.05073     -1.57367       1.9249      1.07712      1.39999     -2.92361
    0.619931      1.05073     -1.57367       1.9249     -2.06447     -1.39999      0.21798
    0.619902      1.03952     -1.56561       1.9249      1.06842      1.38994     -2.91807
    0.619902      1.03952     -1.56561       1.9249     -2.07317     -1.38994     0.223519
  -0.0437006     0.537495   -0.0308232       1.9249    0.0251098     0.679558     -1.75073
  -0.0437006     0.537495   -0.0308232       1.9249     -3.11648    -0.679558      1.39087
  -0.0656093     0.537394    0.0097229       1.9249  -0.00792176     0.679332     -1.71211
  -0.0656093     0.537394    0.0097229       1.9249     -3.14951    -0.679332      1.42949
  -0.0869618     0.537671    0.0492445       1.9249   -0.0401056     0.679946     -1.67448
  -0.0869618     0.537671    0.0492445       1.9249      -3.1817    -0.679946      1.46712
   -0.740653       1.0449      1.56952       1.9249     -1.07259      1.39479    -0.521989
   -0.740653       1.0449      1.56952       1.9249     -4.21419     -1.39479       2.6196
   -0.740587      1.05583      1.57722       1.9249     -1.08108       1.4045    -0.516649
   -0.740587      1.05583      1.57722       1.9249     -4.22267      -1.4045      2.62494
     0.61985      1.05744     -1.57832       1.9249      1.08233      1.40591     -2.92686
     0.61985      1.05744     -1.57832       1.9249     -2.05926     -1.40591     0.214731
    0.619944      1.04622     -1.57047       1.9249      1.07362      1.39598      -2.9214
    0.619944      1.04622     -1.57047       1.9249     -2.06797     -1.39598     0.220189
    0.619837      1.03529     -1.56247       1.9249      1.06515      1.38609     -2.91595
    0.619837      1.03529     -1.56247       1.9249     -2.07645     -1.38609     0.225643
  -0.0306114     0.537742   -0.0550539       1.9249    0.0448321     0.680106     -1.77379
  -0.0306114     0.537742   -0.0550539       1.9249     -3.09676    -0.680106      1.36781
  -0.0519593     0.537411   -0.0155381       1.9249    0.0126597     0.679371     -1.73617
  -0.0519593     0.537411   -0.0155381       1.9249     -3.12893    -0.679371      1.40542
  -0.0738691     0.537457    0.0250093       1.9249   -0.0203746     0.679472     -1.69755
  -0.0738691     0.537457    0.0250093       1.9249     -3.16197    -0.679472      1.44405
   -0.740592      1.03791      1.56442       1.9249     -1.06718      1.38848    -0.525467
   -0.740592      1.03791      1.56442       1.9249     -4.20877     -1.38848      2.61613
   -0.740651      1.04912      1.57254       1.9249     -1.07587      1.39856    -0.519909
   -0.740651      1.04912      1.57254       1.9249     -4.21747     -1.39856      2.62168
    0.619913      1.05293     -1.57521       1.9249      1.07883      1.40194     -2.92468
    0.619913      1.05293     -1.57521       1.9249     -2.06276     -1.40194      0.21691
    0.619927        1.042     -1.56742       1.9249      1.07035      1.39218     -2.91931
    0.619927        1.042     -1.56742       1.9249     -2.07125     -1.39218     0.222282
   -0.038862      0.53757   -0.0397793       1.9249    0.0324021     0.679724     -1.75925
   -0.038862      0.53757   -0.0397793       1.9249     -3.10919    -0.679724      1.38234
  -0.0607675     0.537382  0.000762522       1.9249 -0.000621164     0.679308     -1.72064
  -0.0607675     0.537382  0.000762522       1.9249     -3.14221    -0.679308      1.42095
  -0.0821254     0.537575    0.0402912       1.9249   -0.0328186     0.679735       -1.683
  -0.0821254     0.537575    0.0402912       1.9249     -3.17441    -0.679735       1.4586
   -0.740641      1.04242      1.56773       1.9249     -1.07067      1.39256    -0.523216
   -0.740641      1.04242      1.56773       1.9249     -4.21227     -1.39256      2.61838
   -0.740619      1.05335       1.5755       1.9249     -1.07916      1.40231    -0.517849
   -0.740619      1.05335       1.5755       1.9249     -4.22075     -1.40231      2.62374
    0.619941       1.0487     -1.57224       1.9249      1.07555      1.39819     -2.92262
    0.619941       1.0487     -1.57224       1.9249     -2.06605     -1.39819     0.218972
    0.619875      1.03749     -1.56411       1.9249      1.06685       1.3881     -2.91706
    0.619875      1.03749     -1.56411       1.9249     -2.07474      -1.3881     0.224536
  -0.0476655     0.537448   -0.0234845       1.9249    0.0191329     0.679453     -1.74374
  -0.0476655     0.537448   -0.0234845       1.9249     -3.12246    -0.679453      1.39786
  -0.0690284     0.537413    0.0160503       1.9249   -0.0130767     0.679376     -1.70608
  -0.0690284     0.537413    0.0160503       1.9249     -3.15467    -0.679376      1.43551
  -0.0909221     0.537763     0.056577       1.9249   -0.0460708      0.68015      -1.6675
  -0.0909221     0.537763     0.056577       1.9249     -3.18766     -0.68015      1.47409
   -0.740551      1.03543      1.56258       1.9249     -1.06526      1.38622    -0.526715
   -0.740551      1.03543      1.56258       1.9249     -4.20685     -1.38622      2.61488
   -0.740655      1.04665      1.57078       1.9249     -1.07395      1.39635    -0.521125
   -0.740655      1.04665      1.57078       1.9249     -4.21554     -1.39635      2.62047
   -0.740553      1.05786      1.57861       1.9249     -1.08266      1.40628    -0.515672
   -0.740553      1.05786      1.57861       1.9249     -4.22425     -1.40628      2.62592
    0.619878      1.05569     -1.57712       1.9249      1.08097      1.40437     -2.92602
    0.619878      1.05569     -1.57712       1.9249     -2.06062     -1.40437     0.215574
    0.619941      1.04447     -1.56922       1.9249      1.07227      1.39441     -2.92054
    0.619941      1.04447     -1.56922       1.9249     -2.06933     -1.39441     0.221054
  -0.0340255     0.537665   -0.0487329       1.9249    0.0396895     0.679933     -1.76777
  -0.0340255     0.537665   -0.0487329       1.9249      -3.1019    -0.679933      1.37382
  -0.0559256      0.53739  -0.00819797       1.9249   0.00667958     0.679325     -1.72918
  -0.0559256      0.53739  -0.00819797       1.9249     -3.13491    -0.679325      1.41242
  -0.0778339     0.537507    0.0323476       1.9249    -0.026351     0.679583     -1.69056
  -0.0778339     0.537507    0.0323476       1.9249     -3.16794    -0.679583      1.45103
   -0.740618      1.03994      1.56592       1.9249     -1.06875      1.39032    -0.524451
   -0.740618      1.03994      1.56592       1.9249     -4.21034     -1.39032      2.61714
   -0.740641      1.05087      1.57377       1.9249     -1.07723      1.40012    -0.519053
   -0.740641      1.05087      1.57377       1.9249     -4.21882     -1.40012      2.62254
    0.619928      1.05118     -1.57399       1.9249      1.07747      1.40039     -2.92383
    0.619928      1.05118     -1.57399       1.9249     -2.06412     -1.40039     0.217761
     0.61991      1.04024     -1.56614       1.9249      1.06899       1.3906     -2.91844
     0.61991      1.04024     -1.56614       1.9249      -2.0726      -1.3906     0.223154
  -0.0428257     0.537507   -0.0324424       1.9249    0.0264284     0.679585     -1.75227
  -0.0428257     0.537507   -0.0324424       1.9249     -3.11516    -0.679585      1.38933
   -0.064734      0.53739   0.00810304       1.9249  -0.00660199     0.679325     -1.71365
   -0.064734      0.53739   0.00810304       1.9249     -3.14819    -0.679325      1.42794
  -0.0860876     0.537652    0.0476262       1.9249   -0.0387887     0.679905     -1.67602
  -0.0860876     0.537652    0.0476262       1.9249     -3.18038    -0.679905      1.46558
    -0.74065      1.04417        1.569       1.9249     -1.07203      1.39413    -0.522348
    -0.74065      1.04417        1.569       1.9249     -4.21362     -1.39413      2.61924
   -0.740593      1.05538      1.57691       1.9249     -1.08073       1.4041    -0.516865
   -0.740593      1.05538      1.57691       1.9249     -4.22233      -1.4041      2.62473
    0.619842      1.05789     -1.57863       1.9249      1.08268       1.4063     -2.92708
    0.619842      1.05789     -1.57863       1.9249     -2.05891      -1.4063     0.214516
    0.619945      1.04695       -1.571       1.9249      1.07419      1.39663     -2.92176
    0.619945      1.04695       -1.571       1.9249      -2.0674     -1.39663     0.219831
    0.619845      1.03574     -1.56281       1.9249      1.06549       1.3865     -2.91618
    0.619845      1.03574     -1.56281       1.9249      -2.0761      -1.3865     0.225417
  -0.0297376     0.537764   -0.0566718       1.9249    0.0461481     0.680153     -1.77533
  -0.0297376     0.537764   -0.0566718       1.9249     -3.09544    -0.680153      1.36627
  -0.0510841     0.537417   -0.0171579       1.9249    0.0139793     0.679385     -1.73771
  -0.0510841     0.537417   -0.0171579       1.9249     -3.12761    -0.679385      1.40388
  -0.0729941     0.537447    0.0233899       1.9249   -0.0190556     0.679452     -1.69909
  -0.0729941     0.537447    0.0233899       1.9249     -3.16065    -0.679452       1.4425
   -0.740585      1.03746      1.56409       1.9249     -1.06683      1.38807    -0.525693
   -0.740585      1.03746      1.56409       1.9249     -4.20842     -1.38807       2.6159
   -0.740652      1.04868      1.57222       1.9249     -1.07553      1.39817    -0.520128
   -0.740652      1.04868      1.57222       1.9249     -4.21712     -1.39817      2.62146
    0.619908      1.05338     -1.57552       1.9249      1.07918      1.40234      -2.9249
    0.619908      1.05338     -1.57552       1.9249     -2.06242     -1.40234     0.216692
     0.61993      1.04244     -1.56775       1.9249      1.07069      1.39258     -2.91953
     0.61993      1.04244     -1.56775       1.9249      -2.0709     -1.39258      0.22206
  -0.0379875     0.537586   -0.0413981       1.9249    0.0337199     0.679759     -1.76079
  -0.0379875     0.537586   -0.0413981       1.9249     -3.10787    -0.679759       1.3808
  -0.0598921     0.537382 -0.000857372       1.9249  0.000698693     0.679308     -1.72218
  -0.0598921     0.537382 -0.000857372       1.9249     -3.14089    -0.679308      1.41941
  -0.0812508      0.53756    0.0386722       1.9249   -0.0315006     0.679701     -1.68454
  -0.0812508      0.53756    0.0386722       1.9249     -3.17309    -0.679701      1.45705
   -0.740635      1.04169       1.5672       1.9249     -1.07011       1.3919    -0.523578
   -0.740635      1.04169       1.5672       1.9249      -4.2117      -1.3919      2.61801
   -0.740624       1.0529      1.57519       1.9249     -1.07881      1.40192    -0.518066
   -0.740624       1.0529      1.57519       1.9249      -4.2204     -1.40192      2.62353
    0.619938      1.04943     -1.57275       1.9249      1.07611      1.39884     -2.92298
    0.619938      1.04943     -1.57275       1.9249     -2.06548     -1.39884     0.218615
    0.619885      1.03821     -1.56465       1.9249      1.06741      1.38876     -2.91742
    0.619885      1.03821     -1.56465       1.9249     -2.07418     -1.38876      0.22417
  -0.0462434     0.537463   -0.0261168       1.9249    0.0212769     0.679487     -1.74624
  -0.0462434     0.537463   -0.0261168       1.9249     -3.12032    -0.679487      1.39535
  -0.0681532     0.537407    0.0144307       1.9249   -0.0117573     0.679362     -1.70762
  -0.0681532     0.537407    0.0144307       1.9249     -3.15335    -0.679362      1.43397
   -0.089502     0.537728    0.0539476       1.9249   -0.0439319     0.680074        -1.67
   -0.089502     0.537728    0.0539476       1.9249     -3.18552    -0.680074      1.47159
   -0.740542      1.03498      1.56224       1.9249     -1.06491      1.38581    -0.526941
   -0.740542      1.03498      1.56224       1.9249      -4.2065     -1.38581      2.61465
   -0.740655       1.0462      1.57045       1.9249      -1.0736      1.39595    -0.521346
   -0.740655       1.0462      1.57045       1.9249      -4.2152     -1.39595      2.62025
   -0.740566      1.05713      1.57811       1.9249     -1.08209      1.40564    -0.516022
   -0.740566      1.05713      1.57811       1.9249     -4.22368     -1.40564      2.62557
    0.619871      1.05614     -1.57743       1.9249      1.08132      1.40476     -2.92623
    0.619871      1.05614     -1.57743       1.9249     -2.06027     -1.40476     0.215358
    0.619942      1.04492     -1.56954       1.9249      1.07261      1.39481     -2.92076
    0.619942      1.04492     -1.56954       1.9249     -2.06898     -1.39481     0.220832
  -0.0331514     0.537684    -0.050351       1.9249    0.0410061     0.679975     -1.76931
  -0.0331514     0.537684    -0.050351       1.9249     -3.10059    -0.679975      1.37228
  -0.0550503     0.537394  -0.00981778       1.9249   0.00799932     0.679333     -1.73072
  -0.0550503     0.537394  -0.00981778       1.9249     -3.13359    -0.679333      1.41087
  -0.0764121     0.537487    0.0297159       1.9249   -0.0242079      0.67954     -1.69306
  -0.0764121     0.537487    0.0297159       1.9249      -3.1658     -0.67954      1.44853
   -0.740609      1.03921      1.56538       1.9249     -1.06819      1.38966    -0.524815
   -0.740609      1.03921      1.56538       1.9249     -4.20978     -1.38966      2.61678
   -0.740644      1.05043      1.57346       1.9249     -1.07688      1.39972    -0.519272
   -0.740644      1.05043      1.57346       1.9249     -4.21848     -1.39972      2.62232
    0.619924      1.05163      -1.5743       1.9249      1.07782      1.40079     -2.92405
    0.619924      1.05163      -1.5743       1.9249     -2.06377     -1.40079     0.217543
    0.619915      1.04069     -1.56647       1.9249      1.06934        1.391     -2.91866
    0.619915      1.04069     -1.56647       1.9249     -2.07226       -1.391     0.222931
   -0.041404     0.537529    -0.035074       1.9249    0.0285713     0.679631     -1.75477
   -0.041404     0.537529    -0.035074       1.9249     -3.11302    -0.679631      1.38682
  -0.0633115     0.537386   0.00547043       1.9249  -0.00445705     0.679315     -1.71616
  -0.0633115     0.537386   0.00547043       1.9249     -3.14605    -0.679315      1.42544
  -0.0852134     0.537634    0.0460078       1.9249   -0.0374716     0.679865     -1.67756
  -0.0852134     0.537634    0.0460078       1.9249     -3.17906    -0.679865      1.46404
   -0.740648      1.04372      1.56867       1.9249     -1.07168      1.39373     -0.52257
   -0.740648      1.04372      1.56867       1.9249     -4.21327     -1.39373      2.61902
     -0.7406      1.05494       1.5766       1.9249     -1.08038      1.40371    -0.517082
     -0.7406      1.05494       1.5766       1.9249     -4.22198     -1.40371      2.62451
    0.619828      1.05862     -1.57912       1.9249      1.08324      1.40694     -2.92743
    0.619828      1.05862     -1.57912       1.9249     -2.05835     -1.40694     0.214166
    0.619944       1.0474     -1.57131       1.9249      1.07454      1.39703     -2.92198
    0.619944       1.0474     -1.57131       1.9249     -2.06706     -1.39703     0.219611
    0.619858      1.03646     -1.56335       1.9249      1.06606      1.38717     -2.91654
    0.619858      1.03646     -1.56335       1.9249     -2.07553     -1.38717      0.22505
  -0.0288639     0.537786   -0.0582895       1.9249    0.0474638     0.680202     -1.77686
  -0.0288639     0.537786   -0.0582895       1.9249     -3.09413    -0.680202      1.36473
  -0.0502089     0.537424   -0.0187776       1.9249    0.0152987       0.6794     -1.73925
  -0.0502089     0.537424   -0.0187776       1.9249     -3.12629      -0.6794      1.40234
  -0.0715719     0.537434    0.0207577       1.9249   -0.0169115     0.679421      -1.7016
  -0.0715719     0.537434    0.0207577       1.9249      -3.1585    -0.679421         1.44
  -0.0934611     0.537829    0.0612786       1.9249   -0.0498942     0.680296     -1.66303
  -0.0934611     0.537829    0.0612786       1.9249     -3.19149    -0.680296      1.47856
   -0.740578      1.03701      1.56376       1.9249     -1.06648      1.38766    -0.525918
   -0.740578      1.03701      1.56376       1.9249     -4.20808     -1.38766      2.61567
   -0.740654      1.04823       1.5719       1.9249     -1.07518      1.39777    -0.520348
   -0.740654      1.04823       1.5719       1.9249     -4.21677     -1.39777      2.62124
   -0.740533      1.05888       1.5793       1.9249     -1.08345      1.40717    -0.515181
   -0.740533      1.05888       1.5793       1.9249     -4.22504     -1.40717      2.62641
    0.619899      1.05411     -1.57603       1.9249      1.07974      1.40298     -2.92525
    0.619899      1.05411     -1.57603       1.9249     -2.06185     -1.40298     0.216339
    0.619934      1.04317     -1.56828       1.9249      1.07126      1.39324     -2.91989
    0.619934      1.04317     -1.56828       1.9249     -2.07034     -1.39324     0.221698
  -0.0371131     0.537602   -0.0430168       1.9249    0.0350375     0.679795     -1.76233
  -0.0371131     0.537602   -0.0430168       1.9249     -3.10656    -0.679795      1.37926
  -0.0584695     0.537384  -0.00349007       1.9249   0.00284376     0.679311     -1.72469
  -0.0584695     0.537384  -0.00349007       1.9249     -3.13875    -0.679311       1.4169
  -0.0803762     0.537545    0.0370533       1.9249   -0.0301826     0.679669     -1.68608
  -0.0803762     0.537545    0.0370533       1.9249     -3.17178    -0.679669      1.45551
   -0.740631      1.04124      1.56687       1.9249     -1.06976       1.3915    -0.523802
   -0.740631      1.04124      1.56687       1.9249     -4.21135      -1.3915      2.61779
   -0.740631      1.05218      1.57468       1.9249     -1.07824      1.40127     -0.51842
   -0.740631      1.05218      1.57468       1.9249     -4.21984     -1.40127      2.62317
    0.619936      1.04988     -1.57307       1.9249      1.07646      1.39924      -2.9232
    0.619936      1.04988     -1.57307       1.9249     -2.06513     -1.39924     0.218396
    0.619892      1.03866     -1.56498       1.9249      1.06776      1.38917     -2.91765
    0.619892      1.03866     -1.56498       1.9249     -2.07383     -1.38917     0.223946
  -0.0453684     0.537474   -0.0277361       1.9249    0.0225958      0.67951     -1.74779
  -0.0453684     0.537474   -0.0277361       1.9249       -3.119     -0.67951      1.39381
  -0.0667307     0.537399    0.0117982       1.9249  -0.00961256     0.679344     -1.71013
  -0.0667307     0.537399    0.0117982       1.9249     -3.15121    -0.679344      1.43146
   -0.088628     0.537708    0.0523295       1.9249   -0.0426156     0.680028     -1.67154
   -0.088628     0.537708    0.0523295       1.9249     -3.18421    -0.680028      1.47005
   -0.740527      1.03425       1.5617       1.9249     -1.06435      1.38515    -0.527309
   -0.740527      1.03425       1.5617       1.9249     -4.20594     -1.38515      2.61428
   -0.740655      1.04575      1.57013       1.9249     -1.07326      1.39555    -0.521567
   -0.740655      1.04575      1.57013       1.9249     -4.21485     -1.39555      2.62003
   -0.740573      1.05669       1.5778       1.9249     -1.08174      1.40525    -0.516238
   -0.740573      1.05669       1.5778       1.9249     -4.22334     -1.40525      2.62536
    0.619864      1.05659     -1.57774       1.9249      1.08167      1.40516     -2.92645
    0.619864      1.05659     -1.57774       1.9249     -2.05993     -1.40516     0.215142
    0.619943      1.04537     -1.56986       1.9249      1.07296      1.39521     -2.92098
    0.619943      1.04537     -1.56986       1.9249     -2.06863     -1.39521     0.220611
     0.61982      1.03443     -1.56183       1.9249      1.06449      1.38531     -2.91552
     0.61982      1.03443     -1.56183       1.9249     -2.07711     -1.38531     0.226074
  -0.0322774     0.537703   -0.0519693       1.9249    0.0423228     0.680019     -1.77085
  -0.0322774     0.537703   -0.0519693       1.9249     -3.09927    -0.680019      1.37074
  -0.0536278     0.537401   -0.0124504       1.9249    0.0101441     0.679348     -1.73323
  -0.0536278     0.537401   -0.0124504       1.9249     -3.13145    -0.679348      1.40836
  -0.0755372     0.537476    0.0280965       1.9249    -0.022889     0.679515     -1.69461
  -0.0755372     0.537476    0.0280965       1.9249     -3.16448    -0.679515      1.44699
   -0.740604      1.03876      1.56505       1.9249     -1.06784      1.38926    -0.525039
   -0.740604      1.03876      1.56505       1.9249     -4.20943     -1.38926      2.61655
   -0.740646      1.04998      1.57314       1.9249     -1.07654      1.39932    -0.519491
   -0.740646      1.04998      1.57314       1.9249     -4.21813     -1.39932       2.6221
    0.619918      1.05236     -1.57481       1.9249      1.07838      1.40143      -2.9244
    0.619918      1.05236     -1.57481       1.9249     -2.06321     -1.40143     0.217189
    0.619919      1.04114      -1.5668       1.9249      1.06968      1.39141     -2.91889
    0.619919      1.04114      -1.5668       1.9249     -2.07191     -1.39141     0.222707
  -0.0405294     0.537542    -0.036693       1.9249    0.0298895     0.679662     -1.75631
  -0.0405294     0.537542    -0.036693       1.9249      -3.1117    -0.679662      1.38528
  -0.0624362     0.537384   0.00385054       1.9249  -0.00313721     0.679311      -1.7177
  -0.0624362     0.537384   0.00385054       1.9249     -3.14473    -0.679311      1.42389
  -0.0837924     0.537606    0.0433771       1.9249   -0.0353305     0.679803     -1.68006
  -0.0837924     0.537606    0.0433771       1.9249     -3.17692    -0.679803      1.46153
   -0.740644      1.04299      1.56815       1.9249     -1.07112      1.39308    -0.522931
   -0.740644      1.04299      1.56815       1.9249     -4.21271     -1.39308      2.61866
   -0.740609      1.05421       1.5761       1.9249     -1.07982      1.40307    -0.517434
   -0.740609      1.05421       1.5761       1.9249     -4.22141     -1.40307      2.62416
    0.619943      1.04813     -1.57183       1.9249       1.0751      1.39768     -2.92234
    0.619943      1.04813     -1.57183       1.9249     -2.06649     -1.39768     0.219254
    0.619866      1.03691     -1.56368       1.9249      1.06641      1.38758     -2.91677
    0.619866      1.03691     -1.56368       1.9249     -2.07519     -1.38758     0.224824
  -0.0274442     0.537823   -0.0609186       1.9249    0.0496017     0.680285     -1.77936
  -0.0274442     0.537823   -0.0609186       1.9249     -3.09199    -0.680285      1.36223
  -0.0487866     0.537437   -0.0214098       1.9249     0.017443     0.679428     -1.74176
  -0.0487866     0.537437   -0.0214098       1.9249     -3.12415    -0.679428      1.39983
  -0.0706968     0.537426     0.019138       1.9249   -0.0155921     0.679404     -1.70314
  -0.0706968     0.537426     0.019138       1.9249     -3.15718    -0.679404      1.43845
  -0.0920414     0.537791    0.0586497       1.9249   -0.0477564     0.680213     -1.66553
  -0.0920414     0.537791    0.0586497       1.9249     -3.18935    -0.680213      1.47606
   -0.740566      1.03628      1.56322       1.9249     -1.06592        1.387    -0.526284
   -0.740566      1.03628      1.56322       1.9249     -4.20751       -1.387      2.61531
   -0.740655      1.04722      1.57119       1.9249      -1.0744      1.39687    -0.520843
   -0.740655      1.04722      1.57119       1.9249     -4.21599     -1.39687      2.62075
   -0.740542      1.05844        1.579       1.9249      -1.0831      1.40678    -0.515396
   -0.740542      1.05844        1.579       1.9249      -4.2247     -1.40678       2.6262
     0.61989      1.05484     -1.57653       1.9249      1.08031      1.40362     -2.92561
     0.61989      1.05484     -1.57653       1.9249     -2.06129     -1.40362     0.215987
    0.619937      1.04362      -1.5686       1.9249       1.0716      1.39364     -2.92012
    0.619937      1.04362      -1.5686       1.9249     -2.06999     -1.39364     0.221476
  -0.0356921      0.53763   -0.0456475       1.9249    0.0371786     0.679856     -1.76484
  -0.0356921      0.53763   -0.0456475       1.9249     -3.10441    -0.679856      1.37676
  -0.0575942     0.537385  -0.00510991       1.9249   0.00416355     0.679314     -1.72624
  -0.0575942     0.537385  -0.00510991       1.9249     -3.13743    -0.679314      1.41536
  -0.0789546     0.537523    0.0344219       1.9249   -0.0280401     0.679619     -1.68858
  -0.0789546     0.537523    0.0344219       1.9249     -3.16963    -0.679619      1.45301
   -0.740624      1.04051      1.56634       1.9249      -1.0692      1.39084    -0.524165
   -0.740624      1.04051      1.56634       1.9249     -4.21079     -1.39084      2.61743
   -0.740634      1.05173      1.57437       1.9249      -1.0779      1.40088    -0.518637
   -0.740634      1.05173      1.57437       1.9249     -4.21949     -1.40088      2.62296
    0.619934      1.05033     -1.57339       1.9249      1.07681      1.39963     -2.92342
    0.619934      1.05033     -1.57339       1.9249     -2.06479     -1.39963     0.218177
    0.619897      1.03911     -1.56531       1.9249      1.06811      1.38957     -2.91787
    0.619897      1.03911     -1.56531       1.9249     -2.07348     -1.38957     0.223722
  -0.0439465     0.537492    -0.030368       1.9249    0.0247392      0.67955     -1.75029
  -0.0439465     0.537492    -0.030368       1.9249     -3.11685     -0.67955       1.3913
  -0.0658554     0.537395    0.0101783       1.9249  -0.00829279     0.679335     -1.71167
  -0.0658554     0.537395    0.0101783       1.9249     -3.14989    -0.679335      1.42992
   -0.087754     0.537688    0.0507113       1.9249    -0.041299     0.679985     -1.67308
   -0.087754     0.537688    0.0507113       1.9249     -3.18289    -0.679985      1.46851
   -0.740524      1.03409      1.56157       1.9249     -1.06422      1.38499    -0.527394
   -0.740524      1.03409      1.56157       1.9249     -4.20581     -1.38499       2.6142
   -0.740652      1.04474      1.56941       1.9249     -1.07247      1.39465    -0.522065
   -0.740652      1.04474      1.56941       1.9249     -4.21407     -1.39465      2.61953
   -0.740585      1.05596       1.5773       1.9249     -1.08118      1.40461    -0.516589
   -0.740585      1.05596       1.5773       1.9249     -4.22277     -1.40461        2.625