   -0.576688      1.51547      1.57055      1.94842     -1.51945      1.55018     -0.14014
    -0.57665      1.52648      1.57129      1.94842     -1.52941      1.55492    -0.139884
   0.0466142     0.912449   -0.0195948      1.94842    0.0558715     0.281235     -1.53039
   0.0326969     0.912449    0.0197527      1.94842   -0.0563201     0.281243     -1.41244
   -0.576626      1.50872      1.56993      1.94842      -1.5134      1.54712    -0.140249
   -0.576694      1.51973      1.57088      1.94842     -1.52329      1.55205    -0.140053
   0.0412327     0.912418  -0.00437995      1.94842    0.0125028     0.280783     -1.48479
   0.0269598     0.912527    0.0359713      1.94842    -0.102283     0.282361      -1.3641
   -0.576673      1.51297      1.57034      1.94842     -1.51721      1.54906    -0.140185
   -0.576674      1.52398      1.57116      1.94842     -1.52714      1.55387    -0.139951
    0.049768     0.912486   -0.0285107      1.94842    0.0811879     0.281766     -1.55701
   0.0354945     0.912428    0.0118437      1.94842   -0.0337949     0.280933     -1.43612
   -0.576694      1.51723       1.5707      1.94842     -1.52104      1.55096    -0.140106
   -0.576624      1.52852      1.57139      1.94842     -1.53128      1.55577    -0.139825
   0.0443869     0.912431   -0.0132977      1.94842    0.0379403     0.280979     -1.51154
   0.0301133     0.912479    0.0270569      1.94842   -0.0770663     0.281667     -1.39062
   -0.576649      1.51048      1.57011      1.94842     -1.51497      1.54793    -0.140224
   -0.576687      1.52177      1.57102      1.94842     -1.52514      1.55293    -0.140006
   0.0529214     0.912536   -0.0374246      1.94842     0.106382     0.282493     -1.58351
   0.0386487     0.912417   0.00292592      1.94842  -0.00835197      0.28077     -1.46287
   -0.576685      1.51474      1.57049      1.94842     -1.51879      1.54985    -0.140154
   -0.576655      1.52603      1.57127      1.94842       -1.529      1.55473    -0.139897
   0.0471844     0.912455   -0.0212067      1.94842    0.0604555     0.281317     -1.53521
   0.0332671     0.912444    0.0181409      1.94842    -0.051734     0.281167     -1.41726
   -0.576616      1.50798      1.56986      1.94842     -1.51274      1.54678    -0.140259
   -0.576694      1.51927      1.57085      1.94842     -1.52288      1.55186    -0.140063
   0.0418029     0.912419  -0.00599217      1.94842     0.017104     0.280804     -1.48963
   0.0278863     0.912511    0.0333524      1.94842   -0.0948887     0.282137     -1.37188
   -0.576669      1.51252       1.5703      1.94842      -1.5168      1.54886    -0.140192
   -0.576677      1.52353      1.57113      1.94842     -1.52673      1.55368    -0.139963
   0.0503381     0.912494   -0.0301223      1.94842    0.0857527     0.281883     -1.56181
   0.0364212     0.912423   0.00922354      1.94842   -0.0263229     0.280865     -1.44398
   -0.576693      1.51678      1.57066      1.94842     -1.52063      1.55076    -0.140115
   -0.576631      1.52807      1.57137      1.94842     -1.53087      1.55558    -0.139838
   0.0449571     0.912435   -0.0149098      1.94842    0.0425341     0.281035     -1.51637
   0.0306834     0.912472    0.0254452      1.94842   -0.0724944     0.281562     -1.39543
   -0.576643      1.51003      1.57006      1.94842     -1.51457      1.54772    -0.140231
    -0.57669      1.52104      1.57097      1.94842     -1.52447      1.55262    -0.140023
   0.0395754     0.912416  0.000305615      1.94842 -0.000872118     0.280759     -1.47073
   -0.576682      1.51428      1.57045      1.94842     -1.51838      1.54965    -0.140162
   -0.576663      1.52529      1.57123      1.94842     -1.52834      1.55443    -0.139917
    0.048111     0.912465   -0.0238264      1.94842    0.0678994     0.281463     -1.54304
   0.0338373      0.91244    0.0165289      1.94842   -0.0471448     0.281098     -1.42209
   -0.576609      1.50753      1.56981      1.94842     -1.51234      1.54657    -0.140264
   -0.576695      1.51854       1.5708      1.94842     -1.52222      1.55154    -0.140079
   0.0423731     0.912421  -0.00760427      1.94842    0.0217041     0.280831     -1.49447
   0.0284563     0.912502    0.0317409      1.94842   -0.0903326     0.282007     -1.37667
   -0.576662      1.51179      1.57023      1.94842     -1.51615      1.54853    -0.140204
    -0.57668      1.52308       1.5711      1.94842     -1.52633      1.55349    -0.139974
   0.0509082     0.912502   -0.0317338      1.94842    0.0903131     0.282007     -1.56661
   0.0369914     0.912421   0.00761148      1.94842    -0.021724     0.280831     -1.44881
    -0.57669      1.51605       1.5706      1.94842     -1.51997      1.55044    -0.140129
    -0.57664      1.52734      1.57134      1.94842      -1.5302      1.55528     -0.13986
   0.0458838     0.912443   -0.0175297      1.94842    0.0499949      0.28114     -1.52421
     0.03161     0.912461    0.0228257      1.94842   -0.0650561     0.281405     -1.40325
   -0.576634       1.5093      1.56999      1.94842     -1.51391      1.54739    -0.140241
   -0.576692      1.52059      1.57094      1.94842     -1.52407      1.55242    -0.140034
   0.0401456     0.912416  -0.00130659      1.94842   0.00373015     0.280761     -1.47557
   -0.576679      1.51383      1.57042      1.94842     -1.51798      1.54945     -0.14017
   -0.576667      1.52484       1.5712      1.94842     -1.52793      1.55424    -0.139928
   0.0486811     0.912472   -0.0254382      1.94842     0.072475     0.281561     -1.54785
    0.034764     0.912433    0.0139089      1.94842   -0.0396815     0.280999     -1.42993
   -0.576695      1.51809      1.57076      1.94842     -1.52181      1.55134    -0.140088
   -0.576616       1.5291      1.57142      1.94842     -1.53181        1.556    -0.139808
   0.0432999     0.912425   -0.0102245      1.94842    0.0291785     0.280889     -1.50232
   0.0293829     0.912489    0.0291218      1.94842   -0.0829186      0.28181     -1.38447
   -0.576658      1.51134      1.57019      1.94842     -1.51574      1.54832    -0.140211
   -0.576685      1.52235      1.57106      1.94842     -1.52566      1.55318    -0.139992
   0.0518347     0.912517   -0.0343528      1.94842    0.0977155      0.28222     -1.57439
   0.0379181     0.912418   0.00499121      1.94842   -0.0142468      0.28079     -1.45667
   -0.576689       1.5156      1.57056      1.94842     -1.51956      1.55024    -0.140138
   -0.576646      1.52689      1.57131      1.94842     -1.52979      1.55509    -0.139872
   0.0464539     0.912448   -0.0191416      1.94842    0.0545823     0.281214     -1.52903
   0.0321801     0.912455    0.0212138      1.94842   -0.0604751     0.281317     -1.40807
   -0.576628      1.50884      1.56995      1.94842     -1.51351      1.54718    -0.140247
   -0.576693      1.52013      1.57091      1.94842     -1.52366      1.55223    -0.140044
   0.0407159     0.912417  -0.00291878      1.94842   0.00833223      0.28077     -1.48041
   0.0267996      0.91253    0.0364242      1.94842    -0.103561     0.282401     -1.36276
   -0.576674       1.5131      1.57035      1.94842     -1.51732      1.54912    -0.140183
   -0.576671      1.52439      1.57118      1.94842     -1.52752      1.55405     -0.13994
   0.0496077     0.912484   -0.0280575      1.94842    0.0799037     0.281735     -1.55566
   0.0353342     0.912429    0.0122969      1.94842   -0.0350871     0.280947     -1.43476
   -0.576694      1.51764      1.57073      1.94842      -1.5214      1.55114    -0.140098
   -0.576619      1.52893      1.57141      1.94842     -1.53165      1.55593    -0.139813
     0.04387     0.912428   -0.0118365      1.94842     0.033775     0.280933     -1.50716
   0.0295965     0.912486    0.0285178      1.94842   -0.0812074     0.281767     -1.38627
    -0.57665      1.51061      1.57012      1.94842     -1.51509      1.54799    -0.140222
   -0.576687       1.5219      1.57103      1.94842     -1.52525      1.55299    -0.140003
   0.0527611     0.912533   -0.0369716      1.94842     0.105105     0.282451     -1.58217
   0.0384884     0.912417   0.00337902      1.94842   -0.0096453     0.280773     -1.46151