   -0.430404     0.898906    0.0186003      1.72705   -0.0295114     0.515907     -1.93021
   -0.430404     0.898906    0.0186003      1.72705      -3.1711    -0.515907      1.21138
   -0.994144      1.44578      1.57081      1.72705     -1.44728      1.55141     -0.80535
   -0.994144      1.44578      1.57081      1.72705     -4.58887     -1.55141      2.33624
   -0.422388      0.89888  -0.00526175      1.72705   0.00835098     0.515683     -1.96999
   -0.422388      0.89888  -0.00526175      1.72705     -3.13324    -0.515683      1.17161
   -0.994131      1.44973      1.57156      1.72705     -1.45107      1.55275    -0.805174
   -0.994131      1.44973      1.57156      1.72705     -4.59267     -1.55275      2.33642
   -0.427442     0.898885   0.00978345      1.72705    -0.015526     0.515731      -1.9449
   -0.427442     0.898885   0.00978345      1.72705     -3.15712    -0.515731      1.19669
    -0.99414      1.44346      1.57035      1.72705     -1.44506       1.5506    -0.805448
    -0.99414      1.44346      1.57035      1.72705     -4.58665      -1.5506      2.33614
   -0.419426     0.898894   -0.0140782      1.72705    0.0223399     0.515803     -1.98468
   -0.419426     0.898894   -0.0140782      1.72705     -3.11925    -0.515803      1.15691
   -0.994142      1.44741      1.57113      1.72705     -1.44885      1.55197    -0.805278
   -0.994142      1.44741      1.57113      1.72705     -4.59044     -1.55197      2.33631
    -0.42448     0.898878  0.000965536      1.72705  -0.00153225     0.515665      -1.9596
    -0.42448     0.898878  0.000965536      1.72705     -3.14312    -0.515665      1.18199
   -0.994128      1.44114      1.56987      1.72705     -1.44284      1.54977    -0.805543
   -0.994128      1.44114      1.56987      1.72705     -4.58444     -1.54977      2.33605
   -0.994116      1.45163      1.57191      1.72705      -1.4529      1.55338    -0.805085
   -0.994116      1.45163      1.57191      1.72705     -4.59449     -1.55338      2.33651
   -0.416465      0.89892   -0.0228948      1.72705    0.0363195     0.516032     -1.99937
   -0.416465      0.89892   -0.0228948      1.72705     -3.10527    -0.516032      1.14222
   -0.429868     0.898901     0.017007      1.72705   -0.0269847     0.515867     -1.93287
   -0.429868     0.898901     0.017007      1.72705     -3.16858    -0.515867      1.20873
   -0.994144       1.4451      1.57068      1.72705     -1.44663      1.55117    -0.805379
   -0.994144       1.4451      1.57068      1.72705     -4.58822     -1.55117      2.33621
   -0.421853     0.898881  -0.00685465      1.72705    0.0108788     0.515697     -1.97264
   -0.421853     0.898881  -0.00685465      1.72705     -3.13071    -0.515697      1.16895
   -0.994134      1.44931      1.57149      1.72705     -1.45067      1.55261    -0.805193
   -0.994134      1.44931      1.57149      1.72705     -4.59227     -1.55261       2.3364
   -0.426906     0.898883   0.00818938      1.72705   -0.0129966     0.515711     -1.94756
   -0.426906     0.898883   0.00818938      1.72705     -3.15459    -0.515711      1.19403
   -0.994139      1.44304      1.57027      1.72705     -1.44466      1.55045    -0.805465
   -0.994139      1.44304      1.57027      1.72705     -4.58625     -1.55045      2.33613
   -0.418891     0.898898    -0.015672      1.72705    0.0248678     0.515836     -1.98734
   -0.418891     0.898898    -0.015672      1.72705     -3.11672    -0.515836      1.15425
   -0.994143      1.44699      1.57105      1.72705     -1.44845      1.55183    -0.805296
   -0.994143      1.44699      1.57105      1.72705     -4.59004     -1.55183       2.3363
   -0.423944     0.898878 -0.000627995      1.72705  0.000996867     0.515664     -1.96226
   -0.423944     0.898878 -0.000627995      1.72705      -3.1406    -0.515664      1.17933
   -0.994125      1.44072      1.56978      1.72705     -1.44244      1.54962    -0.805559
   -0.994125      1.44072      1.56978      1.72705     -4.58404     -1.54962      2.33603
   -0.994122      1.45095      1.57178      1.72705     -1.45224      1.55316    -0.805117
   -0.994122      1.45095      1.57178      1.72705     -4.59384     -1.55316      2.33648
   -0.429333     0.898897    0.0154131      1.72705   -0.0244569     0.515831     -1.93552
   -0.429333     0.898897    0.0154131      1.72705     -3.16605    -0.515831      1.20607
   -0.994143      1.44468       1.5706      1.72705     -1.44623      1.55102    -0.805396
   -0.994143      1.44468       1.5706      1.72705     -4.58782     -1.55102       2.3362
   -0.420982     0.898885  -0.00944576      1.72705    0.0149905     0.515727     -1.97696
   -0.420982     0.898885  -0.00944576      1.72705      -3.1266    -0.515727      1.16463
   -0.994137      1.44863      1.57136      1.72705     -1.45002      1.55238    -0.805224
   -0.994137      1.44863      1.57136      1.72705     -4.59161     -1.55238      2.33637
   -0.426371     0.898881   0.00659594      1.72705    -0.010468     0.515695     -1.95022
   -0.426371     0.898881   0.00659594      1.72705     -3.15206    -0.515695      1.19138
   -0.994135      1.44236      1.57013      1.72705     -1.44401      1.55021    -0.805493
   -0.994135      1.44236      1.57013      1.72705      -4.5856     -1.55021       2.3361
   -0.418021     0.898905   -0.0182623      1.72705    0.0289758     0.515898     -1.99165
   -0.418021     0.898905   -0.0182623      1.72705     -3.11262    -0.515898      1.14994
   -0.431424     0.898916    0.0216392      1.72705   -0.0343291     0.515993     -1.92515
   -0.431424     0.898916    0.0216392      1.72705     -3.17592    -0.515993      1.21644
   -0.994144      1.44658      1.57097      1.72705     -1.44805      1.55168    -0.805315
   -0.994144      1.44658      1.57097      1.72705     -4.58964     -1.55168      2.33628
   -0.423409     0.898878  -0.00222188      1.72705   0.00352654     0.515668     -1.96492
   -0.423409     0.898878  -0.00222188      1.72705     -3.13807    -0.515668      1.17667
   -0.994121       1.4403      1.56969      1.72705     -1.44204      1.54946    -0.805576
   -0.994121       1.4403      1.56969      1.72705     -4.58364     -1.54946      2.33602
   -0.994126      1.45053      1.57171      1.72705     -1.45184      1.55302    -0.805137
   -0.994126      1.45053      1.57171      1.72705     -4.59343     -1.55302      2.33646
   -0.428463     0.898891    0.0128225      1.72705   -0.0203476     0.515779     -1.93984
   -0.428463     0.898891    0.0128225      1.72705     -3.16194    -0.515779      1.20175
   -0.994143      1.44426      1.57051      1.72705     -1.44583      1.55088    -0.805414
   -0.994143      1.44426      1.57051      1.72705     -4.58742     -1.55088      2.33618
   -0.420112     0.898889   -0.0120362      1.72705    0.0191005     0.515766     -1.98128
   -0.420112     0.898889   -0.0120362      1.72705     -3.12249    -0.515766      1.16031
   -0.994139      1.44821      1.57128      1.72705     -1.44962      1.55224    -0.805242
   -0.994139      1.44821      1.57128      1.72705     -4.59121     -1.55224      2.33635
   -0.425501     0.898879   0.00400484      1.72705  -0.00635589     0.515676     -1.95454
   -0.425501     0.898879   0.00400484      1.72705     -3.14795    -0.515676      1.18706
   -0.994132      1.44168      1.56998      1.72705     -1.44336      1.54996    -0.805521
   -0.994132      1.44168      1.56998      1.72705     -4.58495     -1.54996      2.33607
   -0.417485      0.89891   -0.0198565      1.72705    0.0315034     0.515941     -1.99431
   -0.417485      0.89891   -0.0198565      1.72705     -3.11009    -0.515941      1.14728
   -0.430554     0.898907    0.0190484      1.72705   -0.0302218     0.515919     -1.92946
   -0.430554     0.898907    0.0190484      1.72705     -3.17181    -0.515919      1.21213
   -0.994144      1.44589      1.57084      1.72705     -1.44739      1.55145    -0.805344
   -0.994144      1.44589      1.57084      1.72705     -4.58899     -1.55145      2.33625
   -0.422874     0.898879  -0.00381592      1.72705    0.0060564     0.515674     -1.96758
   -0.422874     0.898879  -0.00381592      1.72705     -3.13554    -0.515674      1.17402
   -0.994115      1.43962      1.56955      1.72705     -1.44139      1.54922    -0.805603
   -0.994115      1.43962      1.56955      1.72705     -4.58298     -1.54922      2.33599
   -0.994131      1.44985      1.57159      1.72705     -1.45119      1.55279    -0.805168
   -0.994131      1.44985      1.57159      1.72705     -4.59278     -1.55279      2.33642
   -0.427927     0.898888    0.0112281      1.72705   -0.0178181     0.515752      -1.9425
   -0.427927     0.898888    0.0112281      1.72705     -3.15941    -0.515752       1.1991
   -0.994142      1.44384      1.57043      1.72705     -1.44543      1.55073    -0.805432
   -0.994142      1.44384      1.57043      1.72705     -4.58702     -1.55073      2.33616
   -0.419912     0.898891   -0.0126339      1.72705    0.0200488     0.515776     -1.98228
   -0.419912     0.898891   -0.0126339      1.72705     -3.12154    -0.515776      1.15932
   -0.994141      1.44779       1.5712      1.72705     -1.44922       1.5521    -0.805261
   -0.994141      1.44779       1.5712      1.72705     -4.59081      -1.5521      2.33633
   -0.424965     0.898878   0.00241178      1.72705   -0.0038276     0.515668     -1.95719
   -0.424965     0.898878   0.00241178      1.72705     -3.14542    -0.515668       1.1844
   -0.994131      1.44152      1.56995      1.72705     -1.44321       1.5499    -0.805527
   -0.994131      1.44152      1.56995      1.72705      -4.5848      -1.5499      2.33607
   -0.416615     0.898919   -0.0224467      1.72705    0.0356093     0.516018     -1.99862
   -0.416615     0.898919   -0.0224467      1.72705     -3.10598    -0.516018      1.14297
   -0.430688     0.898908    0.0194482      1.72705   -0.0308557      0.51593      -1.9288
   -0.430688     0.898908    0.0194482      1.72705     -3.17245     -0.51593      1.21279