 -0.605454    1.03364 0.00629419    2.12761   -2.87307  0.0203828   0.751914
 -0.610613    1.03368  0.0229608    2.12761   -2.35236  0.0277922   0.234708
  -0.60759    1.03365  0.0131936    2.12761   -2.61795  0.0226701   0.498244
 -0.612749     1.0337  0.0298566    2.12761   -2.22126  0.0322354   0.105059
 -0.604565    1.03364 0.00342393    2.12761   -2.99304  0.0198794   0.871282
 -0.610067    1.03367  0.0211933    2.12761   -2.39269  0.0267451   0.274666
 -0.607043    1.03365  0.0114282    2.12761   -2.67797  0.0219568   0.557889
 -0.612202     1.0337  0.0280917    2.12761   -2.25124  0.0310542   0.134675
 -0.604019    1.03364  0.0016591    2.12761   -3.06921  0.0197108   0.947079
 -0.609178    1.03366   0.018325    2.12761   -2.46501   0.025146   0.346386
 -0.606154    1.03365 0.00855684    2.12761   -2.78354  0.0209794   0.662857
 -0.611655    1.03369  0.0263242    2.12761    -2.2836  0.0298981   0.166659
 -0.608632    1.03366  0.0165597    2.12761   -2.51408  0.0242333   0.395084
 -0.605608    1.03365 0.00679135    2.12761   -2.85297  0.0204995   0.731917
 -0.611109    1.03368  0.0245613    2.12761    -2.3184  0.0287785   0.201084
 -0.607743    1.03365  0.0136894    2.12761   -2.60178  0.0228847    0.48218
 -0.613244    1.03371  0.0314566    2.12761   -2.19591  0.0333319  0.0800502