    0.636622      1.05503     -1.57768      1.91442      1.07866      1.40958     -2.60461
    0.636622      1.05503     -1.57768      1.91442     -2.06293     -1.40958     0.536985
    0.636699      1.04385     -1.56977      1.91442      1.06991       1.3997     -2.59914
    0.636699      1.04385     -1.56977      1.91442     -2.07169      -1.3997     0.542449
    0.636574      1.03295     -1.56171      1.91442      1.06138      1.38987     -2.59368
    0.636574      1.03295     -1.56171      1.91442     -2.08021     -1.38987      0.54791
   -0.014113     0.538062   -0.0513454      1.91442    0.0413261     0.690112     -1.45566
   -0.014113     0.538062   -0.0513454      1.91442     -3.10027    -0.690112      1.68593
   -0.035386     0.537766   -0.0118728      1.91442   0.00956024     0.689462     -1.41853
   -0.035386     0.537766   -0.0118728      1.91442     -3.13203    -0.689462      1.72306
  -0.0572155     0.537846    0.0286259      1.91442   -0.0230471     0.689639     -1.38042
  -0.0572155     0.537846    0.0286259      1.91442     -3.16464    -0.689639      1.76118
   -0.720223      1.03758      1.56517      1.91442       -1.065      1.39407    -0.218695
   -0.720223      1.03758      1.56517      1.91442     -4.20659     -1.39407       2.9229
   -0.720262      1.04876      1.57328      1.91442     -1.07374      1.40406    -0.213154
   -0.720262      1.04876      1.57328      1.91442     -4.21534     -1.40406      2.92844
    0.636675      1.05082     -1.57474      1.91442      1.07536      1.40588     -2.60256
    0.636675      1.05082     -1.57474      1.91442     -2.06623     -1.40588      0.53903
    0.636674      1.03964     -1.56669      1.91442      1.06661      1.39592     -2.59705
    0.636674      1.03964     -1.56669      1.91442     -2.07499     -1.39592     0.544545
  -0.0223351     0.537904   -0.0360869      1.91442    0.0290519     0.689765     -1.44131
  -0.0223351     0.537904   -0.0360869      1.91442     -3.11254    -0.689765      1.70028
  -0.0441624     0.537752   0.00440887      1.91442  -0.00355003      0.68943     -1.40321
  -0.0441624     0.537752   0.00440887      1.91442     -3.14514     -0.68943      1.73839
  -0.0654404     0.537978    0.0438881      1.91442   -0.0353281     0.689927     -1.36606
  -0.0654404     0.537978    0.0438881      1.91442     -3.17692    -0.689927      1.77553
   -0.720264      1.04207      1.56848      1.91442     -1.06851      1.39811     -0.21645
   -0.720264      1.04207      1.56848      1.91442      -4.2101     -1.39811      2.92514
   -0.720223      1.05297      1.57625      1.91442     -1.07705      1.40777      -0.2111
   -0.720223      1.05297      1.57625      1.91442     -4.21864     -1.40777      2.93049
      0.6367      1.04632     -1.57155      1.91442      1.07184       1.4019     -2.60036
      0.6367      1.04632     -1.57155      1.91442     -2.06975      -1.4019      0.54123
     0.63662      1.03542     -1.56357      1.91442      1.06331      1.39212     -2.59493
     0.63662      1.03542     -1.56357      1.91442     -2.07828     -1.39212     0.546661
 -0.00929719      0.53818   -0.0602844      1.91442    0.0485122     0.690372     -1.46406
 -0.00929719      0.53818   -0.0602844      1.91442     -3.09308    -0.690372      1.67753
  -0.0311076     0.537796   -0.0198102      1.91442    0.0159509     0.689527       -1.426
  -0.0311076     0.537796   -0.0198102      1.91442     -3.12564    -0.689527      1.71559
  -0.0523928     0.537795    0.0196781      1.91442   -0.0158442     0.689526     -1.38884
  -0.0523928     0.537795    0.0196781      1.91442     -3.15744    -0.689526      1.75276
  -0.0742033     0.538178    0.0601524      1.91442   -0.0484058     0.690368     -1.35077
  -0.0742033     0.538178    0.0601524      1.91442        -3.19    -0.690368      1.79082
   -0.720186      1.03511      1.56333      1.91442     -1.06306      1.39183    -0.219938
   -0.720186      1.03511      1.56333      1.91442     -4.20466     -1.39183      2.92165
   -0.720271      1.04629      1.57152      1.91442     -1.07181      1.40187    -0.214366
   -0.720271      1.04629      1.57152      1.91442      -4.2134     -1.40187      2.92723
    0.636651      1.05301     -1.57627      1.91442      1.07707      1.40781     -2.60363
    0.636651      1.05301     -1.57627      1.91442     -2.06452     -1.40781     0.537965
    0.636692      1.04211      -1.5685      1.91442      1.06854      1.39814     -2.59828
    0.636692      1.04211      -1.5685      1.91442     -2.07305     -1.39814     0.543314
  -0.0175154      0.53799    -0.045031      1.91442    0.0362477     0.689953     -1.44972
  -0.0175154      0.53799    -0.045031      1.91442     -3.10535    -0.689953      1.69187
  -0.0393381     0.537752  -0.00454104      1.91442   0.00365671      0.68943     -1.41163
  -0.0393381     0.537752  -0.00454104      1.91442     -3.13794     -0.68943      1.72996
  -0.0611653     0.537903    0.0359547      1.91442   -0.0289453     0.689762     -1.37352
  -0.0611653     0.537903    0.0359547      1.91442     -3.17054    -0.689762      1.76807
   -0.720245       1.0396      1.56667      1.91442     -1.06658      1.39589    -0.217681
   -0.720245       1.0396      1.56667      1.91442     -4.20817     -1.39589      2.92391
    -0.72025       1.0505      1.57452      1.91442     -1.07511       1.4056    -0.212301
    -0.72025       1.0505      1.57452      1.91442      -4.2167      -1.4056      2.92929
     0.63669      1.04879     -1.57331      1.91442      1.07377      1.40409     -2.60157
     0.63669      1.04879     -1.57331      1.91442     -2.06782     -1.40409     0.540018
    0.636652      1.03761      -1.5652      1.91442      1.06502       1.3941     -2.59603
    0.636652      1.03761      -1.5652      1.91442     -2.07657      -1.3941     0.545558
   -0.026285     0.537847    -0.028758      1.91442    0.0231537     0.689641     -1.43442
   -0.026285     0.537847    -0.028758      1.91442     -3.11844    -0.689641      1.70717
  -0.0475691     0.537763     0.010729      1.91442  -0.00863906     0.689455     -1.39726
  -0.0475691     0.537763     0.010729      1.91442     -3.15023    -0.689455      1.74433
  -0.0693875      0.53806    0.0512135      1.91442   -0.0412197     0.690108     -1.35917
  -0.0693875      0.53806    0.0512135      1.91442     -3.18281    -0.690108      1.78242
   -0.720145      1.03291      1.56168      1.91442     -1.06135      1.38984    -0.221046
   -0.720145      1.03291      1.56168      1.91442     -4.20294     -1.38984      2.92055
    -0.72027      1.04382      1.56974      1.91442     -1.06988      1.39967    -0.215586
    -0.72027      1.04382      1.56974      1.91442     -4.21147     -1.39967      2.92601
   -0.720194        1.055      1.57765      1.91442     -1.07863      1.40955    -0.210121
   -0.720194        1.055      1.57765      1.91442     -4.22022     -1.40955      2.93147
    0.636615      1.05548     -1.57799      1.91442      1.07901      1.40997     -2.60482
    0.636615      1.05548     -1.57799      1.91442     -2.06258     -1.40997      0.53677
      0.6367      1.04458     -1.57029      1.91442      1.07047      1.40035      -2.5995
      0.6367      1.04458     -1.57029      1.91442     -2.07112     -1.40035     0.542091
    0.636583       1.0334     -1.56204      1.91442      1.06173      1.39028     -2.59391
    0.636583       1.0334     -1.56204      1.91442     -2.07987     -1.39028     0.547684
  -0.0126978     0.538095   -0.0539722      1.91442    0.0434381     0.690184     -1.45813
  -0.0126978     0.538095   -0.0539722      1.91442     -3.09815    -0.690184      1.68346
   -0.034514     0.537771   -0.0134906      1.91442    0.0108628     0.689473     -1.42005
   -0.034514     0.537771   -0.0134906      1.91442     -3.13073    -0.689473      1.72154
  -0.0563437     0.537836    0.0270085      1.91442   -0.0217452     0.689615     -1.38194
  -0.0563437     0.537836    0.0270085      1.91442     -3.16334    -0.689615      1.75965
   -0.720217      1.03713      1.56484      1.91442     -1.06465      1.39366    -0.218918
   -0.720217      1.03713      1.56484      1.91442     -4.20624     -1.39366      2.92267
   -0.720266      1.04803      1.57277      1.91442     -1.07318      1.40342    -0.213509
   -0.720266      1.04803      1.57277      1.91442     -4.21477     -1.40342      2.92808
    0.636671      1.05127     -1.57505      1.91442      1.07571      1.40627     -2.60278
    0.636671      1.05127     -1.57505      1.91442     -2.06588     -1.40627     0.538812
    0.636678      1.04008     -1.56702      1.91442      1.06696      1.39633     -2.59727
    0.636678      1.04008     -1.56702      1.91442     -2.07464     -1.39633     0.544322
  -0.0214637     0.537918    -0.037704      1.91442    0.0303531     0.689795     -1.44283
  -0.0214637     0.537918    -0.037704      1.91442     -3.11124    -0.689795      1.69876
  -0.0427449      0.53775   0.00177929      1.91442  -0.00143262     0.689426     -1.40568
  -0.0427449      0.53775   0.00177929      1.91442     -3.14303    -0.689426      1.73591
  -0.0645692     0.537961    0.0422713      1.91442   -0.0340275     0.689891     -1.36758
  -0.0645692     0.537961    0.0422713      1.91442     -3.17562    -0.689891      1.77401
   -0.720259      1.04135      1.56795      1.91442     -1.06794      1.39746    -0.216811
   -0.720259      1.04135      1.56795      1.91442     -4.20954     -1.39746      2.92478
   -0.720229      1.05253      1.57594      1.91442      -1.0767      1.40738    -0.211317
   -0.720229      1.05253      1.57594      1.91442     -4.21829     -1.40738      2.93028
    0.636699      1.04677     -1.57187      1.91442      1.07219       1.4023     -2.60058
    0.636699      1.04677     -1.57187      1.91442      -2.0694      -1.4023     0.541011
    0.636627      1.03587      -1.5639      1.91442      1.06366      1.39252     -2.59516
    0.636627      1.03587      -1.5639      1.91442     -2.07793     -1.39252     0.546436
 -0.00842691     0.538204      -0.0619      1.91442    0.0498106     0.690423     -1.46558
 -0.00842691     0.538204      -0.0619      1.91442     -3.09178    -0.690423      1.67601
  -0.0296906     0.537809   -0.0224394      1.91442    0.0180675     0.689556     -1.42847
  -0.0296906     0.537809   -0.0224394      1.91442     -3.12353    -0.689556      1.71312
  -0.0515208     0.537788    0.0180604      1.91442   -0.0145419      0.68951     -1.39036
  -0.0515208     0.537788    0.0180604      1.91442     -3.15613     -0.68951      1.75123
   -0.073333     0.538156    0.0585367      1.91442   -0.0471072     0.690318     -1.35229
   -0.073333     0.538156    0.0585367      1.91442      -3.1887    -0.690318       1.7893
   -0.720178      1.03466      1.56299      1.91442     -1.06271      1.39143    -0.220163
   -0.720178      1.03466      1.56299      1.91442     -4.20431     -1.39143      2.92143
   -0.720272      1.04584       1.5712      1.91442     -1.07146      1.40147    -0.214586
   -0.720272      1.04584       1.5712      1.91442     -4.21305     -1.40147      2.92701
   -0.720164      1.05674      1.57886      1.91442        -1.08      1.41107     -0.20928
   -0.720164      1.05674      1.57886      1.91442     -4.22159     -1.41107      2.93231
    0.636641      1.05374     -1.57678      1.91442      1.07764      1.40844     -2.60398
    0.636641      1.05374     -1.57678      1.91442     -2.06395     -1.40844     0.537613
    0.636694      1.04255     -1.56883      1.91442      1.06889      1.39854      -2.5985
    0.636694      1.04255     -1.56883      1.91442      -2.0727     -1.39854     0.543093
  -0.0166443     0.538007   -0.0466476      1.91442     0.037548     0.689992     -1.45124
  -0.0166443     0.538007   -0.0466476      1.91442     -3.10404    -0.689992      1.69035
  -0.0384659     0.537754  -0.00615892      1.91442   0.00495946     0.689435     -1.41315
  -0.0384659     0.537754  -0.00615892      1.91442     -3.13663    -0.689435      1.72844
  -0.0597488     0.537881    0.0333265      1.91442   -0.0268302     0.689715       -1.376
  -0.0597488     0.537881    0.0333265      1.91442     -3.16842    -0.689715       1.7656
   -0.720238      1.03887      1.56613      1.91442     -1.06601      1.39524    -0.218044
   -0.720238      1.03887      1.56613      1.91442      -4.2076     -1.39524      2.92355
   -0.720253      1.05006       1.5742      1.91442     -1.07476      1.40521    -0.212519
   -0.720253      1.05006       1.5742      1.91442     -4.21635     -1.40521      2.92907
    0.636686      1.04952     -1.57382      1.91442      1.07434      1.40473     -2.60193
    0.636686      1.04952     -1.57382      1.91442     -2.06725     -1.40473     0.539663
     0.63666      1.03834     -1.56574      1.91442      1.06559      1.39476      -2.5964
     0.63666      1.03834     -1.56574      1.91442       -2.076     -1.39476     0.545194
  -0.0254133     0.537859   -0.0303754      1.91442    0.0244554     0.689666     -1.43594
  -0.0254133     0.537859   -0.0303754      1.91442     -3.11714    -0.689666      1.70565
   -0.046697     0.537759   0.00911108      1.91442  -0.00733632     0.689447     -1.39878
   -0.046697     0.537759   0.00911108      1.91442     -3.14893    -0.689447      1.74281
  -0.0685167     0.538041    0.0495972      1.91442   -0.0399199     0.690066     -1.36069
  -0.0685167     0.538041    0.0495972      1.91442     -3.18151    -0.690066       1.7809
   -0.720269      1.04337      1.56942      1.91442     -1.06953      1.39927    -0.215807
   -0.720269      1.04337      1.56942      1.91442     -4.21112     -1.39927      2.92579
   -0.720201      1.05455      1.57734      1.91442     -1.07828      1.40916    -0.210337
   -0.720201      1.05455      1.57734      1.91442     -4.21987     -1.40916      2.93126
    0.636602      1.05621     -1.57849      1.91442      1.07958       1.4106     -2.60517
    0.636602      1.05621     -1.57849      1.91442     -2.06201      -1.4106      0.53642
      0.6367      1.04503     -1.57062      1.91442      1.07082      1.40075     -2.59972
      0.6367      1.04503     -1.57062      1.91442     -2.07077     -1.40075      0.54187
    0.636597      1.03412     -1.56259      1.91442       1.0623      1.39094     -2.59428
    0.636597      1.03412     -1.56259      1.91442      -2.0793     -1.39094     0.547316
  -0.0118271     0.538116   -0.0555883      1.91442    0.0447375      0.69023     -1.45965
  -0.0118271     0.538116   -0.0555883      1.91442     -3.09686     -0.69023      1.68194
   -0.033642     0.537776   -0.0151084      1.91442    0.0121654     0.689485     -1.42157
   -0.033642     0.537776   -0.0151084      1.91442     -3.12943    -0.689485      1.72002
  -0.0549268      0.53782    0.0243795      1.91442    -0.019629      0.68958     -1.38441
  -0.0549268      0.53782    0.0243795      1.91442     -3.16122     -0.68958      1.75718
   -0.720211      1.03668      1.56451      1.91442      -1.0643      1.39326    -0.219143
   -0.720211      1.03668      1.56451      1.91442     -4.20589     -1.39326      2.92245
   -0.720268      1.04759      1.57245      1.91442     -1.07283      1.40302    -0.213728
   -0.720268      1.04759      1.57245      1.91442     -4.21442     -1.40302      2.92786
    0.636666      1.05171     -1.57537      1.91442      1.07606      1.40667       -2.603
    0.636666      1.05171     -1.57537      1.91442     -2.06553     -1.40667     0.538595
    0.636684      1.04081     -1.56755      1.91442      1.06752      1.39698     -2.59763
    0.636684      1.04081     -1.56755      1.91442     -2.07407     -1.39698      0.54396
  -0.0205923     0.537933    -0.039321      1.91442    0.0316541     0.689828     -1.44435
  -0.0205923     0.537933    -0.039321      1.91442     -3.10994    -0.689828      1.69724
  -0.0418728     0.537749  0.000161324      1.91442 -0.000129782     0.689425      -1.4072
  -0.0418728     0.537749  0.000161324      1.91442     -3.14172    -0.689425      1.73439
  -0.0636979     0.537945    0.0406544      1.91442   -0.0327267     0.689856      -1.3691
  -0.0636979     0.537945    0.0406544      1.91442     -3.17432    -0.689856      1.77249
   -0.720256       1.0409      1.56762      1.91442     -1.06759      1.39706    -0.217034
   -0.720256       1.0409      1.56762      1.91442     -4.20919     -1.39706      2.92456
   -0.720237       1.0518      1.57543      1.91442     -1.07613      1.40674     -0.21167
   -0.720237       1.0518      1.57543      1.91442     -4.21772     -1.40674      2.92992
    0.636696       1.0475     -1.57239      1.91442      1.07276      1.40294     -2.60094
    0.636696       1.0475     -1.57239      1.91442     -2.06884     -1.40294     0.540654
    0.636634      1.03631     -1.56423      1.91442      1.06401      1.39293     -2.59538
    0.636634      1.03631     -1.56423      1.91442     -2.07758     -1.39293     0.546211
  -0.0288187     0.537818    -0.024057      1.91442    0.0193696     0.689576     -1.42999
  -0.0288187     0.537818    -0.024057      1.91442     -3.12222    -0.689576       1.7116
  -0.0501036     0.537777     0.015431      1.91442    -0.012425     0.689487     -1.39283
  -0.0501036     0.537777     0.015431      1.91442     -3.15402    -0.689487      1.74876
  -0.0719182      0.53812    0.0559105      1.91442   -0.0449962     0.690239     -1.35476
  -0.0719182      0.53812    0.0559105      1.91442     -3.18659    -0.690239      1.78683
    -0.72017      1.03421      1.56266      1.91442     -1.06236      1.39102    -0.220389
    -0.72017      1.03421      1.56266      1.91442     -4.20396     -1.39102       2.9212
   -0.720272      1.04511      1.57068      1.91442     -1.07089      1.40083    -0.214944
   -0.720272      1.04511      1.57068      1.91442     -4.21249     -1.40083      2.92665
   -0.720172       1.0563      1.57855      1.91442     -1.07965      1.41068    -0.209495
   -0.720172       1.0563      1.57855      1.91442     -4.22124     -1.41068       2.9321
    0.636635      1.05418     -1.57709      1.91442      1.07799      1.40883      -2.6042
    0.636635      1.05418     -1.57709      1.91442      -2.0636     -1.40883     0.537397
    0.636696        1.043     -1.56915      1.91442      1.06924      1.39894     -2.59872
    0.636696        1.043     -1.56915      1.91442     -2.07235     -1.39894     0.542872
  -0.0157732     0.538025    -0.048264      1.91442    0.0388481     0.690032     -1.45276
  -0.0157732     0.538025    -0.048264      1.91442     -3.10274    -0.690032      1.68883
  -0.0370485     0.537758   -0.0087885      1.91442   0.00707683     0.689445     -1.41563
  -0.0370485     0.537758   -0.0087885      1.91442     -3.13452    -0.689445      1.72597
  -0.0588772     0.537868    0.0317092      1.91442   -0.0255287     0.689687     -1.37752
  -0.0588772     0.537868    0.0317092      1.91442     -3.16712    -0.689687      1.76408
   -0.720233      1.03843       1.5658      1.91442     -1.06566      1.39484    -0.218268
   -0.720233      1.03843       1.5658      1.91442     -4.20725     -1.39484      2.92333
   -0.720257      1.04961      1.57389      1.91442     -1.07441      1.40481    -0.212737
   -0.720257      1.04961      1.57389      1.91442       -4.216     -1.40481      2.92886
    0.636682      1.04997     -1.57414      1.91442      1.07469      1.40513     -2.60215
    0.636682      1.04997     -1.57414      1.91442      -2.0669     -1.40513     0.539445
    0.636665      1.03879     -1.56607      1.91442      1.06594      1.39516     -2.59662
    0.636665      1.03879     -1.56607      1.91442     -2.07565     -1.39516     0.544971
  -0.0239966     0.537878   -0.0330039      1.91442    0.0265709     0.689709     -1.43841
  -0.0239966     0.537878   -0.0330039      1.91442     -3.11502    -0.689709      1.70318
  -0.0458249     0.537756   0.00749324      1.91442  -0.00603363      0.68944      -1.4003
  -0.0458249     0.537756   0.00749324      1.91442     -3.14763     -0.68944      1.74129
  -0.0671011     0.538011    0.0469699      1.91442    -0.037807         0.69     -1.36316
  -0.0671011     0.538011    0.0469699      1.91442      -3.1794        -0.69      1.77843
   -0.720268      1.04292       1.5691      1.91442     -1.06918      1.39887    -0.216028
   -0.720268      1.04292       1.5691      1.91442     -4.21077     -1.39887      2.92556
   -0.720212      1.05383      1.57684      1.91442     -1.07771      1.40852    -0.210688
   -0.720212      1.05383      1.57684      1.91442     -4.21931     -1.40852      2.93091
    0.636594      1.05665     -1.57879      1.91442      1.07993      1.41099     -2.60539
    0.636594      1.05665     -1.57879      1.91442     -2.06166     -1.41099     0.536205
      0.6367      1.04575     -1.57114      1.91442      1.07139      1.40139     -2.60008
      0.6367      1.04575     -1.57114      1.91442      -2.0702     -1.40139     0.541512
    0.636605      1.03457     -1.56293      1.91442      1.06264      1.39134      -2.5945
    0.636605      1.03457     -1.56293      1.91442     -2.07895     -1.39134      0.54709
  -0.0109566     0.538137   -0.0572041      1.91442    0.0460363     0.690278     -1.46117
  -0.0109566     0.538137   -0.0572041      1.91442     -3.09556    -0.690278      1.68043
  -0.0322247     0.537787   -0.0177377      1.91442    0.0142823     0.689507     -1.42405
  -0.0322247     0.537787   -0.0177377      1.91442     -3.12731    -0.689507      1.71754
   -0.054055     0.537811    0.0227619      1.91442   -0.0183269      0.68956     -1.38593
   -0.054055     0.537811    0.0227619      1.91442     -3.15992     -0.68956      1.75566
   -0.720204      1.03624      1.56417      1.91442     -1.06395      1.39286    -0.219368
   -0.720204      1.03624      1.56417      1.91442     -4.20554     -1.39286      2.92222
    -0.72027      1.04686      1.57193      1.91442     -1.07226      1.40238    -0.214085
    -0.72027      1.04686      1.57193      1.91442     -4.21385     -1.40238      2.92751
    0.636658      1.05244     -1.57587      1.91442      1.07663       1.4073     -2.60335
    0.636658      1.05244     -1.57587      1.91442     -2.06497      -1.4073     0.538242
    0.636687      1.04126     -1.56788      1.91442      1.06787      1.39738     -2.59785
    0.636687      1.04126     -1.56788      1.91442     -2.07372     -1.39738     0.543738
  -0.0191762     0.537958   -0.0419488      1.91442    0.0337682     0.689884     -1.44683
  -0.0191762     0.537958   -0.0419488      1.91442     -3.10782    -0.689884      1.69477
  -0.0410007      0.53775  -0.00145658      1.91442   0.00117301     0.689426     -1.40873
  -0.0410007      0.53775  -0.00145658      1.91442     -3.14042    -0.689426      1.73287
  -0.0622818     0.537921    0.0380265      1.91442   -0.0306123     0.689802     -1.37157
  -0.0622818     0.537921    0.0380265      1.91442      -3.1722    -0.689802      1.77002
   -0.720251      1.04017      1.56709      1.91442     -1.06703      1.39641    -0.217396
   -0.720251      1.04017      1.56709      1.91442     -4.20862     -1.39641       2.9242
   -0.720242      1.05135      1.57512      1.91442     -1.07578      1.40635    -0.211887
   -0.720242      1.05135      1.57512      1.91442     -4.21737     -1.40635      2.92971
    0.636695      1.04794      -1.5727      1.91442      1.07311      1.40334     -2.60116
    0.636695      1.04794      -1.5727      1.91442     -2.06849     -1.40334     0.540435
    0.636644      1.03704     -1.56477      1.91442      1.06458      1.39358     -2.59575
    0.636644      1.03704     -1.56477      1.91442     -2.07702     -1.39358     0.545845
  -0.0274018     0.537834   -0.0266858      1.91442    0.0214858     0.689611     -1.43247
  -0.0274018     0.537834   -0.0266858      1.91442     -3.12011    -0.689611      1.70912
  -0.0492316     0.537772    0.0138132      1.91442   -0.0111224     0.689475     -1.39436
  -0.0492316     0.537772    0.0138132      1.91442     -3.15271    -0.689475      1.74724
  -0.0710476     0.538099    0.0542945      1.91442    -0.043697     0.690193     -1.35628
  -0.0710476     0.538099    0.0542945      1.91442     -3.18529    -0.690193      1.78531
   -0.720162      1.03377      1.56232      1.91442     -1.06202      1.39061    -0.220615
   -0.720162      1.03377      1.56232      1.91442     -4.20361     -1.39061      2.92098
   -0.720272      1.04467      1.57036      1.91442     -1.07054      1.40043    -0.215165
   -0.720272      1.04467      1.57036      1.91442     -4.21214     -1.40043      2.92643
   -0.720185      1.05557      1.57805      1.91442     -1.07908      1.41005    -0.209844
   -0.720185      1.05557      1.57805      1.91442     -4.22067     -1.41005      2.93175
    0.636628      1.05463      -1.5774      1.91442      1.07834      1.40922     -2.60441
    0.636628      1.05463      -1.5774      1.91442     -2.06325     -1.40922     0.537181
    0.636698      1.04373     -1.56968      1.91442      1.06981      1.39959     -2.59908
    0.636698      1.04373     -1.56968      1.91442     -2.07179     -1.39959     0.542512
  -0.0143578     0.538056    -0.050891      1.91442    0.0409607       0.6901     -1.45523
  -0.0143578     0.538056    -0.050891      1.91442     -3.10063      -0.6901      1.68636
  -0.0361765     0.537762   -0.0104063      1.91442   0.00837945     0.689453     -1.41715
  -0.0361765     0.537762   -0.0104063      1.91442     -3.13321    -0.689453      1.72444
  -0.0580056     0.537857    0.0300919      1.91442    -0.024227     0.689661     -1.37904
  -0.0580056     0.537857    0.0300919      1.91442     -3.16582    -0.689661      1.76255
   -0.720228      1.03798      1.56547      1.91442     -1.06531      1.39443    -0.218492
   -0.720228      1.03798      1.56547      1.91442      -4.2069     -1.39443       2.9231
    -0.72026      1.04916      1.57357      1.91442     -1.07406      1.40442    -0.212956
    -0.72026      1.04916      1.57357      1.91442     -4.21565     -1.40442      2.92864
    0.636679      1.05041     -1.57445      1.91442      1.07504      1.40552     -2.60237
    0.636679      1.05041     -1.57445      1.91442     -2.06655     -1.40552     0.539227
     0.63667      1.03923     -1.56639      1.91442      1.06629      1.39556     -2.59685
     0.63667      1.03923     -1.56639      1.91442      -2.0753     -1.39556     0.544748
  -0.0231251     0.537891   -0.0346211      1.91442    0.0278723     0.689737     -1.43993
  -0.0231251     0.537891   -0.0346211      1.91442     -3.11372    -0.689737      1.70166
  -0.0444075     0.537752   0.00486369      1.91442  -0.00391627     0.689431     -1.40278
  -0.0444075     0.537752   0.00486369      1.91442     -3.14551    -0.689431      1.73881
    -0.06623     0.537993    0.0453534      1.91442   -0.0365068     0.689961     -1.36468
    -0.06623     0.537993    0.0453534      1.91442      -3.1781    -0.689961      1.77691
   -0.720264       1.0422      1.56857      1.91442     -1.06861      1.39822    -0.216388
   -0.720264       1.0422      1.56857      1.91442      -4.2102     -1.39822       2.9252
   -0.720222       1.0531      1.57634      1.91442     -1.07714      1.40788    -0.211039
   -0.720222       1.0531      1.57634      1.91442     -4.21874     -1.40788      2.93055
     0.63658      1.05738     -1.57929      1.91442       1.0805      1.41162     -2.60574
     0.63658      1.05738     -1.57929      1.91442     -2.06109     -1.41162     0.535856
      0.6367       1.0462     -1.57146      1.91442      1.07174      1.40179      -2.6003
      0.6367       1.0462     -1.57146      1.91442     -2.06985     -1.40179     0.541293
    0.636613      1.03502     -1.56326      1.91442      1.06299      1.39175     -2.59473
    0.636613      1.03502     -1.56326      1.91442      -2.0786     -1.39175     0.546865
 -0.00954189     0.538174   -0.0598302      1.91442    0.0481471     0.690358     -1.46363
 -0.00954189     0.538174   -0.0598302      1.91442     -3.09345    -0.690358      1.67796
  -0.0313528     0.537794   -0.0193554      1.91442    0.0155847     0.689523     -1.42557
  -0.0313528     0.537794   -0.0193554      1.91442     -3.12601    -0.689523      1.71602
  -0.0526379     0.537797    0.0201329      1.91442   -0.0162104     0.689531     -1.38841
  -0.0526379     0.537797    0.0201329      1.91442      -3.1578    -0.689531      1.75318
   -0.074448     0.538185    0.0606067      1.91442   -0.0487709     0.690382     -1.35035
   -0.074448     0.538185    0.0606067      1.91442     -3.19036    -0.690382      1.79125
   -0.720188      1.03523      1.56342      1.91442     -1.06316      1.39195    -0.219874
   -0.720188      1.03523      1.56342      1.91442     -4.20475     -1.39195      2.92172
   -0.720271      1.04641      1.57161      1.91442     -1.07191      1.40198    -0.214305
   -0.720271      1.04641      1.57161      1.91442      -4.2135     -1.40198      2.92729
    0.636653      1.05289     -1.57619      1.91442      1.07698       1.4077     -2.60357
    0.636653      1.05289     -1.57619      1.91442     -2.06462      -1.4077     0.538026
     0.63669       1.0417     -1.56821      1.91442      1.06822      1.39778     -2.59808
     0.63669       1.0417     -1.56821      1.91442     -2.07337     -1.39778     0.543516
   -0.018305     0.537974   -0.0435656      1.91442    0.0350689      0.68992     -1.44835
   -0.018305     0.537974   -0.0435656      1.91442     -3.10652     -0.68992      1.69325
  -0.0395832     0.537751  -0.00408618      1.91442   0.00329044      0.68943      -1.4112
  -0.0395832     0.537751  -0.00408618      1.91442      -3.1383     -0.68943      1.73039
  -0.0614103     0.537906    0.0364094      1.91442   -0.0293112     0.689771      -1.3731
  -0.0614103     0.537906    0.0364094      1.91442      -3.1709    -0.689771       1.7685
   -0.720247      1.03973      1.56676      1.91442     -1.06668        1.396    -0.217619
   -0.720247      1.03973      1.56676      1.91442     -4.20827       -1.396      2.92397
   -0.720246      1.05091       1.5748      1.91442     -1.07543      1.40596    -0.212104
   -0.720246      1.05091       1.5748      1.91442     -4.21702     -1.40596      2.92949
    0.636692      1.04839     -1.57302      1.91442      1.07346      1.40373     -2.60138
    0.636692      1.04839     -1.57302      1.91442     -2.06814     -1.40373     0.540216
    0.636646      1.03721      -1.5649      1.91442      1.06471      1.39373     -2.59583
    0.636646      1.03721      -1.5649      1.91442     -2.07689     -1.39373     0.545762
    -0.02653     0.537844   -0.0283033      1.91442    0.0227877     0.689634     -1.43399
    -0.02653     0.537844   -0.0283033      1.91442      -3.1188    -0.689634       1.7076
  -0.0483596     0.537767    0.0121954      1.91442   -0.0098198     0.689464     -1.39588
  -0.0483596     0.537767    0.0121954      1.91442     -3.15141    -0.689464      1.74571
  -0.0701768     0.538078    0.0526784      1.91442   -0.0423976     0.690148      -1.3578
  -0.0701768     0.538078    0.0526784      1.91442     -3.18399    -0.690148      1.78379
   -0.720141      1.03276      1.56156      1.91442     -1.06123       1.3897    -0.221124
   -0.720141      1.03276      1.56156      1.91442     -4.20282      -1.3897      2.92047
   -0.720271      1.04394      1.56983      1.91442     -1.06997      1.39978    -0.215523
   -0.720271      1.04394      1.56983      1.91442     -4.21157     -1.39978      2.92607
   -0.720192      1.05512      1.57774      1.91442     -1.07873      1.40966     -0.21006
   -0.720192      1.05512      1.57774      1.91442     -4.22032     -1.40966      2.93153