   -0.348379      0.87606   -0.0098975      1.89453    0.0209682     0.371103     -1.73983
   -0.348379      0.87606   -0.0098975      1.89453     -3.12062    -0.371103      1.40177
   -0.959659      1.46156      1.57081      1.89453     -1.46718      1.53612    -0.432497
   -0.959659      1.46156      1.57081      1.89453     -4.60878     -1.53612       2.7091
   -0.353834     0.876054   0.00502843      1.89453   -0.0106539     0.371037     -1.70626
   -0.353834     0.876054   0.00502843      1.89453     -3.15225    -0.371037      1.43534
   -0.959627      1.45491       1.5697      1.89453     -1.46122      1.53297    -0.432807
   -0.959627      1.45491       1.5697      1.89453     -4.60282     -1.53297      2.70879
   -0.959645      1.46575      1.57145      1.89453     -1.47096      1.53805    -0.432289
   -0.959645      1.46575      1.57145      1.89453     -4.61255     -1.53805       2.7093
   -0.345181     0.876083   -0.0186452      1.89453    0.0394837     0.371332     -1.75948
   -0.345181     0.876083   -0.0186452      1.89453     -3.10211    -0.371332      1.38211
   -0.359651     0.876091    0.0209419      1.89453   -0.0443398     0.371415     -1.67049
   -0.359651     0.876091    0.0209419      1.89453     -3.18593    -0.371415       1.4711
   -0.959654       1.4591      1.57042      1.89453     -1.46498      1.53497    -0.432615
   -0.959654       1.4591      1.57042      1.89453     -4.60657     -1.53497      2.70898
   -0.350637     0.876052  -0.00371939      1.89453   0.00788094     0.371026     -1.72593
   -0.350637     0.876052  -0.00371939      1.89453     -3.13371    -0.371026      1.41566
   -0.959655      1.46357      1.57112      1.89453       -1.469      1.53705    -0.432398
   -0.959655      1.46357      1.57112      1.89453     -4.61059     -1.53705      2.70919
   -0.356454     0.876065    0.0121954      1.89453   -0.0258338      0.37115     -1.69014
   -0.356454     0.876065    0.0121954      1.89453     -3.16743     -0.37115      1.45145
   -0.959642      1.45664         1.57      1.89453     -1.46277      1.53381    -0.432729
   -0.959642      1.45664         1.57      1.89453     -4.60437     -1.53381      2.70886
    -0.95963      1.46776      1.57173      1.89453     -1.47278      1.53896    -0.432185
    -0.95963      1.46776      1.57173      1.89453     -4.61437     -1.53896      2.70941
   -0.347801     0.876063   -0.0114787      1.89453    0.0243166     0.371134     -1.74338
   -0.347801     0.876063   -0.0114787      1.89453     -3.11728    -0.371134      1.39821
   -0.959658      1.46111      1.57074      1.89453     -1.46678      1.53592    -0.432519
   -0.959658      1.46111      1.57074      1.89453     -4.60838     -1.53592      2.70907
   -0.353256     0.876052   0.00344706      1.89453  -0.00730347     0.371025     -1.70981
   -0.353256     0.876052   0.00344706      1.89453      -3.1489    -0.371025      1.43178
   -0.959648       1.4653      1.57138      1.89453     -1.47056      1.53785    -0.432311
   -0.959648       1.4653      1.57138      1.89453     -4.61215     -1.53785      2.70928
   -0.344603     0.876088   -0.0202263      1.89453    0.0428273     0.371388     -1.76303
   -0.344603     0.876088   -0.0202263      1.89453     -3.09877    -0.371388      1.37856
   -0.358712     0.876082    0.0183727      1.89453   -0.0389069     0.371322     -1.67626
   -0.358712     0.876082    0.0183727      1.89453      -3.1805    -0.371322      1.46533
   -0.959653      1.45866      1.57034      1.89453     -1.46458      1.53476    -0.432636
   -0.959653      1.45866      1.57034      1.89453     -4.60617     -1.53476      2.70896
   -0.350059     0.876054  -0.00530145      1.89453    0.0112328     0.371039     -1.72949
   -0.350059     0.876054  -0.00530145      1.89453     -3.13036    -0.371039       1.4121
   -0.959657      1.46285      1.57101      1.89453     -1.46835      1.53672    -0.432434
   -0.959657      1.46285      1.57101      1.89453     -4.60994     -1.53672      2.70916
   -0.355514      0.87606   0.00962517      1.89453    -0.020391     0.371098     -1.69592
   -0.355514      0.87606   0.00962517      1.89453     -3.16198    -0.371098      1.44567
   -0.959638       1.4562      1.56993      1.89453     -1.46238       1.5336    -0.432749
   -0.959638       1.4562      1.56993      1.89453     -4.60397      -1.5336      2.70884
   -0.959633      1.46732      1.57167      1.89453     -1.47238      1.53876    -0.432208
   -0.959633      1.46732      1.57167      1.89453     -4.61397     -1.53876      2.70938
   -0.346861     0.876069   -0.0140488      1.89453    0.0297577     0.371194     -1.74916
   -0.346861     0.876069   -0.0140488      1.89453     -3.11184    -0.371194      1.39244
   -0.959658      1.46039      1.57063      1.89453     -1.46614      1.53558    -0.432553
   -0.959658      1.46039      1.57063      1.89453     -4.60773     -1.53558      2.70904
   -0.352678     0.876052    0.0018658      1.89453  -0.00395314     0.371017     -1.71337
   -0.352678     0.876052    0.0018658      1.89453     -3.14555    -0.371017      1.42822
    -0.95965      1.46486      1.57132      1.89453     -1.47016      1.53764    -0.432334
    -0.95965      1.46486      1.57132      1.89453     -4.61175     -1.53764      2.70926
   -0.344025     0.876094   -0.0218076      1.89453    0.0461704     0.371448     -1.76658
   -0.344025     0.876094   -0.0218076      1.89453     -3.09542    -0.371448      1.37501
   -0.358134     0.876077    0.0167914      1.89453   -0.0355615     0.371272     -1.67981
   -0.358134     0.876077    0.0167914      1.89453     -3.17715    -0.371272      1.46178
   -0.959651      1.45821      1.57027      1.89453     -1.46418      1.53455    -0.432656
   -0.959651      1.45821      1.57027      1.89453     -4.60577     -1.53455      2.70894
   -0.349481     0.876056  -0.00688276      1.89453    0.0145827     0.371057     -1.73305
   -0.349481     0.876056  -0.00688276      1.89453     -3.12701    -0.371057      1.40855
   -0.959658       1.4624      1.57095      1.89453     -1.46795      1.53652    -0.432456
   -0.959658       1.4624      1.57095      1.89453     -4.60954     -1.53652      2.70914
   -0.354936     0.876057   0.00804421      1.89453   -0.0170425     0.371073     -1.69947
   -0.354936     0.876057   0.00804421      1.89453     -3.15864    -0.371073      1.44212
   -0.959635      1.45576      1.56985      1.89453     -1.46198      1.53338    -0.432769
   -0.959635      1.45576      1.56985      1.89453     -4.60357     -1.53338      2.70882
   -0.959639      1.46659      1.57157      1.89453     -1.47173      1.53843    -0.432245
   -0.959639      1.46659      1.57157      1.89453     -4.61332     -1.53843      2.70935
   -0.346283     0.876073   -0.0156307      1.89453    0.0331059     0.371237     -1.75271
   -0.346283     0.876073   -0.0156307      1.89453     -3.10849    -0.371237      1.38888
   -0.360753     0.876103     0.023957      1.89453   -0.0507121     0.371538     -1.66373
   -0.360753     0.876103     0.023957      1.89453      -3.1923    -0.371538      1.47787
   -0.959657      1.45995      1.57056      1.89453     -1.46574      1.53537    -0.432575
   -0.959657      1.45995      1.57056      1.89453     -4.60733     -1.53537      2.70902
     -0.3521     0.876051  0.000284076      1.89453 -0.000601686     0.371014     -1.71693
     -0.3521     0.876051  0.000284076      1.89453     -3.14219    -0.371014      1.42467
   -0.959652      1.46442      1.57125      1.89453     -1.46976      1.53744    -0.432356
   -0.959652      1.46442      1.57125      1.89453     -4.61135     -1.53744      2.70924
   -0.357556     0.876072    0.0152097      1.89453   -0.0322145     0.371225     -1.68337
   -0.357556     0.876072    0.0152097      1.89453     -3.17381    -0.371225      1.45823
   -0.959649      1.45777      1.57019      1.89453     -1.46378      1.53434    -0.432677
   -0.959649      1.45777      1.57019      1.89453     -4.60537     -1.53434      2.70892
   -0.348541     0.876059  -0.00945294      1.89453    0.0200267     0.371095     -1.73883
   -0.348541     0.876059  -0.00945294      1.89453     -3.12157    -0.371095      1.40277
   -0.959659      1.46168      1.57083      1.89453      -1.4673      1.53618    -0.432491
   -0.959659      1.46168      1.57083      1.89453     -4.60889     -1.53618       2.7091
   -0.354358     0.876055   0.00646204      1.89453    -0.013691     0.371052     -1.70303
   -0.354358     0.876055   0.00646204      1.89453     -3.15528    -0.371052      1.43856
   -0.959631      1.45531      1.56977      1.89453     -1.46158      1.53317    -0.432789
   -0.959631      1.45531      1.56977      1.89453     -4.60318     -1.53317       2.7088
   -0.959641      1.46643      1.57155      1.89453     -1.47158      1.53836    -0.432254
   -0.959641      1.46643      1.57155      1.89453     -4.61317     -1.53836      2.70934
   -0.345705     0.876078   -0.0172114      1.89453    0.0364506     0.371285     -1.75626
   -0.345705     0.876078   -0.0172114      1.89453     -3.10514    -0.371285      1.38533
   -0.359814     0.876092    0.0213866      1.89453   -0.0452801     0.371432     -1.66949
   -0.359814     0.876092    0.0213866      1.89453     -3.18687    -0.371432       1.4721
   -0.959655      1.45922      1.57044      1.89453     -1.46509      1.53503    -0.432609
   -0.959655      1.45922      1.57044      1.89453     -4.60668     -1.53503      2.70898
   -0.351161     0.876052  -0.00228623      1.89453    0.0048444     0.371018     -1.72271
   -0.351161     0.876052  -0.00228623      1.89453     -3.13675    -0.371018      1.41888
   -0.959655      1.46369      1.57114      1.89453     -1.46911      1.53711    -0.432392
   -0.959655      1.46369      1.57114      1.89453      -4.6107     -1.53711       2.7092
   -0.356616     0.876066      0.01264      1.89453   -0.0267751      0.37116     -1.68914
   -0.356616     0.876066      0.01264      1.89453     -3.16837     -0.37116      1.45245
   -0.959644      1.45705      1.57007      1.89453     -1.46313        1.534     -0.43271
   -0.959644      1.45705      1.57007      1.89453     -4.60473       -1.534      2.70888
   -0.959626      1.46816      1.57179      1.89453     -1.47315      1.53914    -0.432164
   -0.959626      1.46816      1.57179      1.89453     -4.61474     -1.53914      2.70943
   -0.347602     0.876064    -0.012023      1.89453    0.0254691     0.371146      -1.7446
   -0.347602     0.876064    -0.012023      1.89453     -3.11612    -0.371146      1.39699