    -1.21494      1.46734      1.57062      1.56147     -1.46734      1.57158     -1.14632
    -1.21487       1.4771      1.57222      1.56147     -1.47712      1.57309     -1.14611
   -0.685077     0.959201   -0.0163351      1.56147    0.0229831      0.62111     -2.20603
   -0.696703     0.959222     0.024049      1.56147   -0.0338289     0.621308     -2.14827
     -1.2149       1.4615       1.5695      1.56147      -1.4615      1.57053      -1.1464
    -1.21493      1.47102      1.57126      1.56147     -1.47103      1.57219     -1.14626
   -0.689573     0.959183 -0.000718892      1.56147   0.00101178      0.62094     -2.18369
    -1.21493      1.46518      1.57022      1.56147     -1.46518      1.57121     -1.14636
     -1.2149      1.47495      1.57189      1.56147     -1.47496      1.57278     -1.14617
   -0.682443     0.959227   -0.0254855      1.56147    0.0358482     0.621353     -2.21911
   -0.694068     0.959198    0.0148972      1.56147   -0.0209604     0.621081     -2.16135
    -1.21487      1.45935      1.56906      1.56147     -1.45934      1.57011     -1.14642
    -1.21494      1.46886      1.57089      1.56147     -1.46887      1.57184      -1.1463
   -0.686938     0.959189  -0.00987118      1.56147    0.0138902     0.621002     -2.19679
   -0.698861      0.95925    0.0315437      1.56147    -0.044359     0.621572     -2.13756
    -1.21492      1.46303      1.56981      1.56147     -1.46302      1.57081     -1.14638
    -1.21492      1.47279      1.57155      1.56147      -1.4728      1.57246     -1.14622
   -0.691434     0.959185   0.00574404      1.56147  -0.00808283     0.620961     -2.17445
    -1.21494      1.46695      1.57055      1.56147     -1.46695      1.57152     -1.14633
    -1.21488      1.47647      1.57213      1.56147     -1.47649        1.573     -1.14613
   -0.684303     0.959207   -0.0190243      1.56147     0.026765      0.62117     -2.20988
   -0.696227     0.959217     0.022394      1.56147   -0.0315025     0.621259     -2.15063
    -1.21489      1.46087      1.56938      1.56147     -1.46086      1.57041     -1.14641
    -1.21494      1.47063      1.57119      1.56147     -1.47064      1.57213     -1.14626
   -0.689097     0.959183  -0.00237423      1.56147    0.0033412     0.620944     -2.18606
    -1.21493      1.46479      1.57015      1.56147     -1.46479      1.57114     -1.14636
    -1.21491      1.47431       1.5718      1.56147     -1.47433      1.57269     -1.14619
   -0.681966     0.959233   -0.0271394      1.56147    0.0381722     0.621408     -2.22148
   -0.693592     0.959195    0.0132428      1.56147   -0.0186333     0.621052     -2.16372
    -1.21486      1.45896      1.56898      1.56147     -1.45894      1.57003     -1.14642
    -1.21494      1.46847      1.57082      1.56147     -1.46848      1.57177      -1.1463
   -0.686462     0.959192   -0.0115264      1.56147    0.0162189     0.621025     -2.19916
   -0.698385     0.959243     0.029889      1.56147   -0.0420349     0.621508     -2.13992
    -1.21491      1.46264      1.56973      1.56147     -1.46263      1.57074     -1.14639
    -1.21493       1.4724      1.57149      1.56147     -1.47241       1.5724     -1.14623
   -0.690957     0.959184   0.00408947      1.56147   -0.0057546     0.620951     -2.17681
    -1.21494      1.46656      1.57048      1.56147     -1.46656      1.57145     -1.14634
    -1.21489      1.47608      1.57207      1.56147      -1.4761      1.57294     -1.14614
   -0.683827     0.959212   -0.0206794      1.56147    0.0290922     0.621212     -2.21225
    -0.69575     0.959212    0.0207397      1.56147   -0.0291768     0.621213       -2.153
    -1.21489      1.46048       1.5693      1.56147     -1.46047      1.57033     -1.14641
    -1.21494         1.47      1.57109      1.56147     -1.47001      1.57202     -1.14628
   -0.688322     0.959184  -0.00506479      1.56147    0.0071273     0.620956     -2.18991
    -1.21493      1.46416      1.57003      1.56147     -1.46416      1.57102     -1.14637
    -1.21491      1.47392      1.57173      1.56147     -1.47394      1.57263     -1.14619
   -0.681192     0.959243   -0.0298289      1.56147    0.0419508     0.621506     -2.22532
   -0.693116     0.959192    0.0115876      1.56147   -0.0163047     0.621025     -2.16609
    -1.21494      1.46808      1.57075      1.56147     -1.46809      1.57171     -1.14631
    -1.21487       1.4776      1.57229      1.56147     -1.47762      1.57315      -1.1461
   -0.685687     0.959196   -0.0142168      1.56147    0.0200037     0.621068       -2.203
   -0.697611     0.959233    0.0272024      1.56147   -0.0382605      0.62141     -2.14376
    -1.21491      1.46225      1.56965      1.56147     -1.46224      1.57067     -1.14639
    -1.21493      1.47177      1.57138      1.56147     -1.47177       1.5723     -1.14624
   -0.690481     0.959183   0.00243574      1.56147  -0.00342749     0.620944     -2.17918
    -1.21494      1.46593      1.57036      1.56147     -1.46593      1.57134     -1.14635
    -1.21489      1.47569      1.57201      1.56147      -1.4757      1.57289     -1.14615
   -0.683351     0.959216   -0.0223334      1.56147    0.0314177     0.621257     -2.21461
   -0.694976     0.959205    0.0180519      1.56147   -0.0253973     0.621147     -2.15684
    -1.21488      1.46009      1.56921      1.56147     -1.46008      1.57025     -1.14641
    -1.21494      1.46961      1.57102      1.56147     -1.46961      1.57196     -1.14628
   -0.687846     0.959186  -0.00671685      1.56147   0.00945195     0.620969     -2.19228
    -1.21492      1.46377      1.56995      1.56147     -1.46377      1.57095     -1.14637
    -1.21492      1.47353      1.57167      1.56147     -1.47354      1.57257      -1.1462
   -0.680716      0.95925   -0.0314819      1.56147    0.0442724      0.62157     -2.22768
   -0.692342     0.959188   0.00889939      1.56147   -0.0125226      0.62099     -2.16993
    -1.21494      1.46769      1.57068      1.56147      -1.4677      1.57164     -1.14632
    -1.21487      1.47721      1.57224      1.56147     -1.47723       1.5731     -1.14611
   -0.685211       0.9592   -0.0158702      1.56147    0.0223292       0.6211     -2.20537
   -0.697135     0.959227    0.0255482      1.56147   -0.0359359     0.621355     -2.14613
     -1.2149      1.46161      1.56953      1.56147     -1.46161      1.57055      -1.1464
    -1.21493      1.47138      1.57132      1.56147     -1.47138      1.57224     -1.14625
   -0.690005     0.959183  0.000780463      1.56147  -0.00109815      0.62094     -2.18155
    -1.21493      1.46554      1.57029      1.56147     -1.46554      1.57127     -1.14635
     -1.2149       1.4753      1.57195      1.56147     -1.47531      1.57283     -1.14616
   -0.682874     0.959222   -0.0239868      1.56147    0.0337417     0.621306     -2.21697
     -0.6945     0.959201    0.0163957      1.56147   -0.0230681     0.621111     -2.15921
    -1.21488       1.4597      1.56914      1.56147     -1.45969      1.57018     -1.14642
    -1.21494      1.46922      1.57095      1.56147     -1.46922       1.5719     -1.14629
    -0.68737     0.959187  -0.00837207      1.56147    0.0117809     0.620985     -2.19464
   -0.699293     0.959257    0.0330436      1.56147   -0.0464652     0.621634     -2.13542
    -1.21492      1.46362      1.56992      1.56147     -1.46362      1.57093     -1.14638
    -1.21492       1.4729      1.57157      1.56147     -1.47291      1.57248     -1.14622
   -0.691865     0.959186   0.00724411      1.56147   -0.0101936     0.620973      -2.1723
    -1.21494       1.4673      1.57061      1.56147     -1.46731      1.57158     -1.14632
    -1.21488      1.47658      1.57214      1.56147      -1.4766      1.57301     -1.14613