   0.181383    0.777009  -0.0246145     2.17765   0.0925317    0.187865    -1.48997
   0.164899    0.776962   0.0131246     2.17765  -0.0494505    0.187243    -1.34004
      0.148    0.777236   0.0518152     2.17765   -0.192697    0.190822    -1.18865
  -0.488544     1.38024     1.56803     2.17765    -1.41519     1.46033    0.117336
  -0.488626     1.39209     1.57097     2.17765     -1.4234     1.46939    0.118661
  -0.488526     1.40365     1.57348     2.17765    -1.43158     1.47796    0.119986
    0.19191    0.777202  -0.0487156     2.17765     0.18146    0.190382    -1.58397
   0.175009    0.776954  -0.0100221     2.17765   0.0377762     0.18714    -1.43214
   0.158104    0.777033   0.0286826     2.17765   -0.107701    0.188176    -1.27852
  -0.488597     1.38471     1.56918     2.17765    -1.41826     1.46378    0.117832
  -0.488608     1.39656     1.57198     2.17765    -1.42654     1.47274    0.119169
   0.185117    0.777063  -0.0331654     2.17765    0.124354    0.188572    -1.52359
   0.168635    0.776945  0.00457138     2.17765  -0.0172375    0.187025    -1.37406
   0.151733    0.777148   0.0432693     2.17765   -0.161589    0.189672    -1.22156
  -0.488501     1.37762     1.56734     2.17765     -1.4134     1.45829    0.117047
  -0.488624     1.38947     1.57035     2.17765    -1.42157     1.46741    0.118365
  -0.488564     1.40103     1.57294     2.17765    -1.42971     1.47604    0.119683
   0.178745    0.776981   -0.018575     2.17765   0.0699241    0.187491    -1.46609
   0.161839    0.776987   0.0201311     2.17765  -0.0757568    0.187578    -1.31226
  -0.488569     1.38209     1.56852     2.17765    -1.41646     1.46176     0.11754
  -0.488622     1.39394      1.5714     2.17765     -1.4247     1.47078    0.118871
  -0.488488      1.4058     1.57391     2.17765    -1.43312     1.47952    0.120236
   0.188851    0.777133  -0.0417141     2.17765    0.155888    0.189484    -1.55693
   0.172371    0.776945 -0.00398239     2.17765   0.0150178    0.187018    -1.40811
   0.155467    0.777075   0.0347205     2.17765   -0.130113    0.188723    -1.25484
  -0.488613     1.38686     1.56972     2.17765    -1.41975     1.46542    0.118071
  -0.488593     1.39841     1.57238     2.17765    -1.42785     1.47411    0.119381
    0.18248    0.777023  -0.0271267     2.17765    0.101906    0.188051    -1.49988
   0.165575    0.776958   0.0115783     2.17765  -0.0436333    0.187188    -1.34619
   0.149097    0.777209   0.0493042     2.17765   -0.183597    0.190463    -1.19828
  -0.488537     1.37977     1.56791     2.17765    -1.41486     1.45996    0.117283
  -0.488626     1.39132     1.57079     2.17765    -1.42286     1.46881    0.118574
  -0.488533     1.40318     1.57338     2.17765    -1.43124     1.47761    0.119931
   0.192584    0.777219  -0.0502608     2.17765    0.187069    0.190598    -1.58991
   0.175685    0.776958  -0.0115687     2.17765   0.0435981    0.187188    -1.43829
   0.159202    0.777018   0.0261701     2.17765  -0.0983381    0.187978    -1.28841
  -0.488593     1.38424     1.56907     2.17765    -1.41793     1.46342    0.117779
  -0.488611     1.39609     1.57188     2.17765    -1.42621     1.47238    0.119115
   0.186215    0.777082   -0.035677     2.17765    0.133651    0.188819    -1.53342
   0.169311    0.776944  0.00302525     2.17765   -0.011408    0.187008    -1.38021
   0.152408    0.777133    0.041724     2.17765   -0.155924    0.189485    -1.22755
  -0.488492     1.37715     1.56721     2.17765    -1.41307     1.45792    0.116995
  -0.488622     1.38871     1.57017     2.17765    -1.42103     1.46683    0.118279
   -0.48857     1.40056     1.57284     2.17765    -1.42937     1.47569    0.119628
    0.17942    0.776987  -0.0201211     2.17765   0.0757202    0.187577    -1.47221
   0.162937    0.776977   0.0176183     2.17765  -0.0663339    0.187441    -1.32221
  -0.488563     1.38162     1.56839     2.17765    -1.41613      1.4614    0.117488
  -0.488623     1.39347     1.57129     2.17765    -1.42436     1.47043    0.118817
  -0.488502     1.40503     1.57375     2.17765    -1.43257     1.47896    0.120146
   0.189526    0.777147  -0.0432591     2.17765    0.161552    0.189671    -1.56292
   0.173046    0.776946 -0.00552829     2.17765   0.0208457    0.187039    -1.41427
   0.156142    0.777063   0.0331752     2.17765    -0.12439    0.188573    -1.26088
   -0.48861     1.38638      1.5696     2.17765    -1.41942     1.46506    0.118018
  -0.488598     1.39794     1.57228     2.17765    -1.42751     1.47376    0.119327
   0.183155    0.777033  -0.0286728     2.17765    0.107666    0.188175    -1.50596
   0.166672    0.776952   0.0090654     2.17765  -0.0341727    0.187113    -1.35618
   0.149772    0.777192   0.0477597     2.17765   -0.177983    0.190251    -1.20422
  -0.488525       1.379      1.5677     2.17765    -1.41434     1.45936    0.117198
  -0.488626     1.39085     1.57068     2.17765    -1.42253     1.46846     0.11852
  -0.488541      1.4027     1.57329     2.17765     -1.4309     1.47727    0.119876
   0.193259    0.777236  -0.0518053     2.17765    0.192662     0.19082    -1.59583
    0.17636    0.776962  -0.0131149     2.17765    0.049415    0.187242    -1.44443
   0.159877    0.777009   0.0246242     2.17765  -0.0925672    0.187866    -1.29451
  -0.488585     1.38347     1.56887     2.17765     -1.4174     1.46282    0.117693
  -0.488616     1.39532     1.57171     2.17765    -1.42566     1.47181    0.119027
    0.18689    0.777094  -0.0372226     2.17765    0.139359     0.18898    -1.53945
   0.170408    0.776943 0.000511765     2.17765 -0.00192953    0.186995    -1.39022
   0.153505    0.777111   0.0392121     2.17765   -0.146691    0.189196    -1.23731
  -0.488483     1.37668     1.56708     2.17765    -1.41275     1.45755    0.116943
   -0.48862     1.38823     1.57005     2.17765     -1.4207     1.46647    0.118226
  -0.488576     1.40008     1.57274     2.17765    -1.42904     1.47534    0.119573
   0.180518    0.776999  -0.0226335     2.17765   0.0851269    0.187731    -1.48215
   0.163612    0.776971   0.0160718     2.17765  -0.0605275    0.187367    -1.32835
   0.146714    0.777271   0.0547599     2.17765   -0.203322    0.191265    -1.17741
  -0.488557     1.38114     1.56827     2.17765    -1.41581     1.46103    0.117436
  -0.488625      1.3927     1.57111     2.17765    -1.42382     1.46985     0.11873
   -0.48851     1.40455     1.57366     2.17765    -1.43223     1.47861    0.120091
   0.190623    0.777172  -0.0457705     2.17765    0.170734    0.189988    -1.57263
   0.173722    0.776949 -0.00707452     2.17765   0.0266732    0.187067    -1.42042
   0.157239    0.777046   0.0306628     2.17765   -0.115066    0.188344    -1.27074
  -0.488605     1.38561     1.56941     2.17765    -1.41889     1.46447    0.117932
  -0.488604     1.39717     1.57211     2.17765    -1.42697     1.47319    0.119238
   0.184253    0.777049  -0.0311852     2.17765    0.117008     0.18839    -1.51583
   0.167348    0.776949  0.00751913     2.17765  -0.0283476    0.187076    -1.36233
   0.150446    0.777176   0.0462146     2.17765   -0.172354    0.190045    -1.21018
  -0.488517     1.37853     1.56758     2.17765    -1.41401     1.45899    0.117146
  -0.488625     1.39008      1.5705     2.17765    -1.42199     1.46787    0.118434
  -0.488552     1.40193     1.57313     2.17765    -1.43035      1.4767    0.119787
   0.194356    0.777265  -0.0543159     2.17765    0.201724    0.191196    -1.60542
   0.177458     0.77697  -0.0156278     2.17765   0.0588609    0.187346    -1.45441
   0.160552    0.777001   0.0230779     2.17765  -0.0867881     0.18776    -1.30061
   -0.48858     1.38299     1.56875     2.17765    -1.41708     1.46246    0.117641
  -0.488618     1.39485      1.5716     2.17765    -1.42533     1.47146    0.118973
   0.187565    0.777107  -0.0387682     2.17765    0.145058    0.189147    -1.54548
   0.171084    0.776943 -0.00103419     2.17765  0.00390062    0.186996    -1.39638
    0.15418    0.777098   0.0376668     2.17765   -0.140997    0.189027    -1.24333
  -0.488618     1.38776     1.56994     2.17765    -1.42037     1.46611    0.118173
  -0.488584     1.39932     1.57258     2.17765    -1.42849     1.47478    0.119485
   0.181193    0.777007  -0.0241795     2.17765   0.0909068    0.187835    -1.48826
   0.164287    0.776966    0.014526     2.17765  -0.0547198    0.187298    -1.33448
   0.147811    0.777241   0.0522496     2.17765   -0.194267    0.190886    -1.18699
  -0.488546     1.38037     1.56807     2.17765    -1.41528     1.46043     0.11735
  -0.488626     1.39223       1.571     2.17765    -1.42349     1.46949    0.118676
  -0.488524     1.40378     1.57351     2.17765    -1.43167     1.47805    0.120002
   0.191298    0.777188  -0.0473154     2.17765    0.176366    0.190192    -1.57858
   0.174819    0.776953 -0.00958754     2.17765     0.03614    0.187127    -1.43042
   0.157914    0.777036   0.0291171     2.17765   -0.109318    0.188212    -1.27681
  -0.488601     1.38514     1.56929     2.17765    -1.41856     1.46411     0.11788
  -0.488607      1.3967     1.57201     2.17765    -1.42663     1.47284    0.119184
   0.184506    0.777053  -0.0317639     2.17765    0.119156    0.188442     -1.5181
   0.168023    0.776947  0.00597273     2.17765    -0.02252    0.187046    -1.36848
   0.151543    0.777152   0.0437033     2.17765   -0.163178    0.189725    -1.21988
  -0.488508     1.37805     1.56745     2.17765    -1.41369     1.45862    0.117094
  -0.488624     1.38961     1.57038     2.17765    -1.42166     1.46751     0.11838
  -0.488558     1.40146     1.57303     2.17765    -1.43002     1.47635    0.119732
   0.178555    0.776979  -0.0181401     2.17765   0.0682927    0.187468    -1.46437
   0.161649    0.776989   0.0205654     2.17765   -0.077384    0.187603    -1.31054
  -0.488574     1.38252     1.56863     2.17765    -1.41675     1.46209    0.117588
  -0.488621     1.39408     1.57143     2.17765    -1.42479     1.47088    0.118886
    0.18824     0.77712  -0.0403134     2.17765    0.150743    0.189321    -1.55149
   0.172181    0.776944 -0.00354743     2.17765   0.0133778    0.187013    -1.40638
   0.155277    0.777078   0.0351548     2.17765   -0.131719    0.188766    -1.25314
  -0.488616     1.38728     1.56982     2.17765    -1.42004     1.46575    0.118119
  -0.488592     1.39855     1.57241     2.17765    -1.42794     1.47421    0.119396
   0.181868    0.777015  -0.0257253     2.17765   0.0966793    0.187945    -1.49435
   0.164963    0.776961   0.0129798     2.17765  -0.0489061    0.187237    -1.34062
   0.148907    0.777213    0.049739     2.17765   -0.185176    0.190524    -1.19661