   -0.869966      1.49978      1.56984      2.06357     -1.50866      1.53638    -0.361175
   -0.870032       1.5111      1.57091      2.06357     -1.51814      1.54267    -0.360874
   -0.227394     0.885663   -0.0151939      2.06357    0.0614478     0.192772     -1.85099
   -0.242015     0.885693    0.0236577      2.06357   -0.0954876     0.193326       -1.687
   -0.870012      1.50416      1.57029      2.06357      -1.5123      1.53885    -0.361068
   -0.870008      1.51577      1.57125      2.06357     -1.52209      1.54517    -0.360725
   -0.218053     0.885789   -0.0400106      2.06357     0.160496     0.195072     -1.95455
   -0.233047     0.885642 -0.000170752      2.06357  0.000691975     0.192382     -1.78751
   -0.247668     0.885779    0.0386756      2.06357    -0.155236     0.194896     -1.62452
   -0.870032      1.50883      1.57072      2.06357     -1.51622      1.54143    -0.360941
   -0.869959      1.52015      1.57151      2.06357     -1.52583      1.54747    -0.360571
    -0.22408     0.885695   -0.0239984      2.06357    0.0968544     0.193354       -1.888
   -0.238701     0.885662    0.0148533      2.06357   -0.0600731     0.192754     -1.72401
   -0.869988      1.50159      1.57004      2.06357     -1.51016      1.53741    -0.361132
   -0.870025       1.5132      1.57107      2.06357     -1.51992       1.5438    -0.360809
   -0.229734     0.885649  -0.00897588      2.06357    0.0363338     0.192518     -1.82475
   -0.244729     0.885729     0.030869      2.06357    -0.124302     0.193987     -1.65687
   -0.870025      1.50626      1.57049      2.06357     -1.51406      1.54002    -0.361013
   -0.869991      1.51758      1.57136      2.06357     -1.52364      1.54613    -0.360663
   -0.220767     0.885741   -0.0328013      2.06357     0.131987     0.194194     -1.92473
   -0.235762     0.885646   0.00704359      2.06357   -0.0285165     0.192466     -1.75699
   -0.869955      1.49903      1.56976      2.06357     -1.50803      1.53595    -0.361192
   -0.870032      1.51064      1.57087      2.06357     -1.51775      1.54242    -0.360888
    -0.22642     0.885671    -0.017781      2.06357     0.071874     0.192916     -1.86189
   -0.241416     0.885686    0.0220658      2.06357   -0.0891011     0.193204     -1.69367
   -0.870008      1.50369      1.57025      2.06357     -1.51192      1.53859     -0.36108
   -0.870014      1.51502       1.5712      2.06357     -1.52145      1.54477     -0.36075
   -0.232448     0.885642  -0.00176184      2.06357   0.00713551     0.192387     -1.79424
   -0.247069     0.885768    0.0370847      2.06357    -0.148957     0.194695     -1.63109
   -0.870031      1.50807      1.57066      2.06357     -1.51559      1.54102    -0.360963
   -0.869966      1.51968      1.57149      2.06357     -1.52543      1.54723    -0.360588
   -0.223106     0.885707   -0.0265845      2.06357     0.107208     0.193574     -1.89882
   -0.238102     0.885658    0.0132615      2.06357   -0.0536496     0.192679     -1.73073
   -0.869983      1.50113      1.56999      2.06357     -1.50978      1.53715    -0.361143
   -0.870028      1.51245      1.57101      2.06357     -1.51928       1.5434    -0.360833
   -0.229135     0.885652   -0.0105677      2.06357    0.0427694     0.192571     -1.83148
   -0.243756     0.885715    0.0282826      2.06357    -0.113991      0.19373     -1.66766
   -0.870021      1.50551      1.57042      2.06357     -1.51343       1.5396    -0.361033
   -0.869996      1.51712      1.57133      2.06357     -1.52324      1.54589    -0.360679
   -0.220168     0.885751    -0.034392      2.06357       0.1383     0.194373     -1.93134
   -0.234789     0.885643   0.00445649      2.06357   -0.0180455     0.192415     -1.76793
   -0.869949      1.49856      1.56971      2.06357     -1.50765      1.53569    -0.361202
   -0.870033      1.51017      1.57083      2.06357     -1.51735      1.54217    -0.360902
   -0.869939       1.5215      1.57158      2.06357     -1.52698      1.54817     -0.36052
   -0.225821     0.885676   -0.0193722      2.06357    0.0782779     0.193016     -1.86858
   -0.240442     0.885677     0.019479      2.06357   -0.0787065     0.193023     -1.70454
   -0.870004      1.50323       1.5702      2.06357     -1.51153      1.53833    -0.361092
   -0.870017      1.51455      1.57116      2.06357     -1.52106      1.54452    -0.360765
   -0.231475     0.885643  -0.00434949      2.06357    0.0176132     0.192414     -1.80519
    -0.24647     0.885758     0.035494      2.06357    -0.142665     0.194502     -1.63767
    -0.87003      1.50761      1.57062      2.06357      -1.5152      1.54076    -0.360976
   -0.869975      1.51893      1.57144      2.06357     -1.52479      1.54684    -0.360615
   -0.222508     0.885715   -0.0281758      2.06357     0.113565      0.19372     -1.90547
   -0.237503     0.885654    0.0116702      2.06357   -0.0472233     0.192612     -1.73744
   -0.869977      1.50067      1.56994      2.06357     -1.50939      1.53689    -0.361154
    -0.87003      1.51199      1.57098      2.06357     -1.51889      1.54315    -0.360847
   -0.228536     0.885655   -0.0121595      2.06357    0.0492008     0.192632      -1.8382
   -0.243157     0.885707    0.0266916      2.06357    -0.107635     0.193584      -1.6743
   -0.870018      1.50504      1.57038      2.06357     -1.51304      1.53934    -0.361046
       -0.87      1.51666      1.57131      2.06357     -1.52285      1.54564    -0.360695
   -0.219195     0.885768   -0.0369778      2.06357     0.148535     0.194682     -1.94204
   -0.233815     0.885642   0.00186856      2.06357  -0.00756679     0.192388     -1.77888
   -0.869941       1.4981      1.56965      2.06357     -1.50726      1.53542    -0.361212
   -0.870033      1.50971       1.5708      2.06357     -1.51696      1.54191    -0.360916
   -0.869946      1.52103      1.57156      2.06357     -1.52659      1.54793    -0.360538
   -0.225222     0.885682   -0.0209642      2.06357     0.084678     0.193124     -1.87527
   -0.239843     0.885671    0.0178875      2.06357   -0.0723019     0.192922     -1.71123
       -0.87      1.50277      1.57016      2.06357     -1.51114      1.53807    -0.361104
    -0.87002      1.51409      1.57113      2.06357     -1.52067      1.54428     -0.36078
   -0.230876     0.885645  -0.00594167      2.06357    0.0240582     0.192442     -1.81192
   -0.245497     0.885741    0.0329079      2.06357    -0.132409     0.194206      -1.6484
   -0.870027      1.50686      1.57055      2.06357     -1.51456      1.54034    -0.360997
   -0.869981      1.51847      1.57142      2.06357     -1.52439      1.54659    -0.360632
   -0.221909     0.885723   -0.0297672      2.06357     0.119914     0.193875     -1.91211
   -0.236904     0.885651    0.0100783      2.06357   -0.0407902     0.192554     -1.74416
   -0.869968      1.49991      1.56986      2.06357     -1.50876      1.53646    -0.361172
   -0.870031      1.51152      1.57094      2.06357     -1.51849       1.5429    -0.360861
   -0.227562     0.885662   -0.0147465      2.06357    0.0596435     0.192749     -1.84911
   -0.242183     0.885695    0.0241052      2.06357   -0.0972815     0.193362     -1.68512
   -0.870013      1.50429      1.57031      2.06357     -1.51241      1.53892    -0.361065
   -0.870007       1.5159      1.57126      2.06357      -1.5222      1.54524    -0.360721
   -0.218221     0.885786   -0.0395632      2.06357     0.158735     0.195012     -1.95271
   -0.233216     0.885642   0.00027746      2.06357  -0.00112322     0.192382     -1.78561
    -0.24821      0.88579    0.0401176      2.06357    -0.160916     0.195086     -1.61858
   -0.870033      1.50896      1.57073      2.06357     -1.51633       1.5415    -0.360938
   -0.869953      1.52057      1.57153      2.06357     -1.52619      1.54769    -0.360555
   -0.224248     0.885693   -0.0235512      2.06357    0.0950615     0.193318     -1.88613
   -0.239244     0.885666    0.0162963      2.06357   -0.0658915      0.19283     -1.71793
   -0.869993      1.50201      1.57008      2.06357     -1.51051      1.53765    -0.361122
   -0.870024      1.51334      1.57108      2.06357     -1.52003      1.54387    -0.360805
   -0.229902     0.885648  -0.00852822      2.06357    0.0345233     0.192505     -1.82286
   -0.244898     0.885732    0.0313163      2.06357    -0.126082     0.194034     -1.65501
   -0.870026      1.50639      1.57051      2.06357     -1.51417      1.54009     -0.36101
   -0.869986        1.518      1.57139      2.06357       -1.524      1.54635    -0.360648
   -0.220935     0.885738   -0.0323535      2.06357     0.130208     0.194145     -1.92287
   -0.235931     0.885647   0.00749126      2.06357   -0.0303278     0.192477      -1.7551
   -0.869965      1.49974      1.56984      2.06357     -1.50862      1.53636    -0.361176
   -0.870032      1.51077      1.57088      2.06357     -1.51786      1.54249    -0.360884
   -0.226588     0.885669   -0.0173334      2.06357    0.0700712     0.192889     -1.86001