  -0.671618     1.29935  0.00250131     1.70974  -0.0182374    0.132521    -2.18794
  -0.669228     1.29936  -0.0135203     1.70974    0.098267    0.133153    -2.30533
  -0.673306     1.29936   0.0138165     1.70974   -0.100404    0.133182    -2.10515
  -0.670916     1.29935 -0.00220567     1.70974   0.0160835    0.132516    -2.22252
  -0.668796     1.29936  -0.0164168     1.70974    0.119132    0.133463    -2.32635
  -0.672874     1.29935   0.0109222     1.70974   -0.079474    0.132926    -2.12624
  -0.670484     1.29935 -0.00510079     1.70974   0.0371792    0.132591    -2.24377
  -0.672442     1.29935   0.0080238     1.70974  -0.0584422    0.132729    -2.14743
  -0.670052     1.29935 -0.00800085     1.70974   0.0582768    0.132728    -2.26503
  -0.674129     1.29936   0.0193356     1.70974   -0.140049    0.133834     -2.0652
  -0.671739     1.29935  0.00331718     1.70974  -0.0241842    0.132538    -2.18195
   -0.66962     1.29935  -0.0108923     1.70974   0.0792585    0.132924    -2.28617
  -0.673697     1.29936   0.0164416     1.70974   -0.119309    0.133466     -2.0861