   0.181786    0.740608  -0.0245595     2.16686   0.0712664    0.234852    -1.44795
   0.164685    0.740559   0.0130949     2.16686  -0.0380506    0.234382    -1.33093
   0.147153    0.740842   0.0516996     2.16686   -0.149042    0.237092    -1.21205
  -0.492114      1.3387     1.56923     2.16686    -1.37849     1.44004    0.119636
  -0.492102     1.35054     1.57271     2.16686    -1.38655     1.44939    0.121443
   0.192707    0.740807  -0.0486074     2.16686    0.140265    0.236757    -1.52187
   0.175173    0.740551  -0.0100002     2.16686   0.0290652    0.234305    -1.40277
   0.157635    0.740632   0.0286183     2.16686  -0.0829863    0.235087    -1.28282
   -0.49203     1.33163     1.56698     2.16686    -1.37374     1.43431    0.118561
  -0.492131     1.34346     1.57067     2.16686    -1.38171     1.44383    0.120361
  -0.492048       1.355     1.57393     2.16686    -1.38964     1.45284    0.122127
    0.18566    0.740663  -0.0330909     2.16686   0.0958726    0.235386    -1.47431
    0.16856    0.740542  0.00456102     2.16686  -0.0132593    0.234218    -1.35747
   0.151025     0.74075   0.0431726     2.16686   -0.124777    0.236219    -1.23806
  -0.492091     1.33609     1.56841     2.16686    -1.37673     1.43793    0.119239
   -0.49212     1.34792     1.57197     2.16686    -1.38475     1.44735    0.121042
   0.196141    0.740897  -0.0561692     2.16686    0.161683     0.23761    -1.54484
   0.179049    0.740578  -0.0185339     2.16686    0.053826     0.23457    -1.42928
    0.16151    0.740585   0.0200859     2.16686  -0.0583215    0.234635    -1.30923
   0.144419    0.740917   0.0577199     2.16686   -0.166055      0.2378     -1.1938
  -0.491982     1.32901     1.56611     2.16686      -1.372     1.43217    0.118164
  -0.492125     1.34084     1.56989     2.16686    -1.37993     1.44175    0.119962
  -0.492083     1.35238     1.57322     2.16686    -1.38783     1.45082    0.121726
   0.189534    0.740735  -0.0416213     2.16686    0.120344    0.236077    -1.50052
   0.172436    0.740541 -0.00397356     2.16686   0.0115524    0.234213    -1.38403
   0.154899    0.740675    0.034643     2.16686   -0.100335      0.2355    -1.26424
  -0.492063     1.33377     1.56767     2.16686    -1.37517     1.43605    0.118886
   -0.49213     1.34531     1.57122     2.16686    -1.38297     1.44529    0.120643
  -0.492013     1.35714     1.57449     2.16686    -1.39113     1.45449    0.122457
   0.182924    0.740622  -0.0270664     2.16686   0.0785086    0.234993    -1.45571
   0.165385    0.740555   0.0115524     2.16686  -0.0335723    0.234341    -1.33573
    0.14829    0.740813   0.0491945     2.16686   -0.141932    0.236819    -1.21967
   -0.49211     1.33823     1.56909     2.16686    -1.37817     1.43966    0.119565
  -0.492106     1.35006     1.57258     2.16686    -1.38623     1.44902     0.12137
   0.193407    0.740824  -0.0501489     2.16686    0.144643    0.236921    -1.52656
   0.175874    0.740555  -0.0115428     2.16686   0.0335451    0.234341    -1.40757
   0.158773    0.740617   0.0261117     2.16686  -0.0757509    0.234938    -1.29057
  -0.492022     1.33115     1.56682     2.16686    -1.37343     1.43392    0.118489
  -0.492131     1.34269     1.57045     2.16686    -1.38119     1.44322    0.120244
  -0.492055     1.35452      1.5738     2.16686    -1.38931     1.45248    0.122055
   0.186798    0.740683  -0.0355978     2.16686    0.103079    0.235573    -1.48202
   0.169261    0.740541  0.00301793     2.16686 -0.00877362    0.234205    -1.36227
   0.151725    0.740736   0.0416307     2.16686    -0.12037    0.236077    -1.24278
  -0.492086     1.33561     1.56826     2.16686    -1.37641     1.43755    0.119167
  -0.492123     1.34745     1.57184     2.16686    -1.38443     1.44698     0.12097
  -0.491978     1.35899     1.57497     2.16686    -1.39241      1.4559    0.122742
   0.197278    0.740929  -0.0586737     2.16686    0.168741    0.237919    -1.55241
    0.17975    0.740585  -0.0200765     2.16686   0.0582949    0.234634    -1.43407
   0.162648    0.740574   0.0175788     2.16686  -0.0510572    0.234532    -1.31701
   0.145119    0.740897   0.0561788     2.16686    -0.16171    0.237612    -1.19846
  -0.491972     1.32854     1.56595     2.16686    -1.37169     1.43178    0.118093
  -0.492123     1.34037     1.56975     2.16686    -1.37961     1.44137     0.11989
  -0.492088     1.35191     1.57309     2.16686     -1.3875     1.45046    0.121653
   0.190234     0.74075   -0.043163     2.16686     0.12475    0.236218    -1.50524
   0.173137    0.740543 -0.00551628     2.16686   0.0160367    0.234229    -1.38883
   0.155599    0.740663   0.0331005     2.16686  -0.0958994    0.235387    -1.26899
  -0.492052       1.333     1.56742     2.16686    -1.37466     1.43543     0.11877
  -0.492131     1.34483     1.57108     2.16686    -1.38264     1.44492    0.120571
  -0.492021     1.35667     1.57437     2.16686     -1.3908     1.45413    0.122384
   0.183625    0.740632   -0.028609     2.16686   0.0829603    0.235086    -1.46048
   0.166524    0.740549   0.0090449     2.16686  -0.0262896    0.234285    -1.34352
    0.14899    0.740796   0.0476529     2.16686   -0.137549    0.236658    -1.22437
  -0.492104     1.33746     1.56885     2.16686    -1.37765     1.43904    0.119448
  -0.492112     1.34929     1.57236     2.16686     -1.3857     1.44842    0.121252
   0.194107    0.740842  -0.0516902     2.16686    0.149016    0.237091    -1.53125
   0.176575    0.740559  -0.0130857     2.16686   0.0380246    0.234382    -1.41237
   0.159474    0.740608    0.024569     2.16686  -0.0712933    0.234852    -1.29534
  -0.492008     1.33038     1.56657     2.16686    -1.37292      1.4333    0.118373
   -0.49213     1.34222      1.5703     2.16686    -1.38086     1.44284    0.120172
  -0.492066     1.35376     1.57359     2.16686    -1.38878     1.45189    0.121937
   0.187499    0.740696  -0.0371394     2.16686    0.107505    0.235694    -1.48677
     0.1704     0.74054 0.000510707     2.16686 -0.00148444    0.234196    -1.37007
   0.152863    0.740713   0.0391248     2.16686   -0.113197    0.235858    -1.25046
   -0.49208     1.33514     1.56811     2.16686    -1.37609     1.43717    0.119095
  -0.492125     1.34698      1.5717     2.16686    -1.38411      1.4466    0.120898
  -0.491987     1.35851     1.57485     2.16686    -1.39208     1.45554    0.122669
   0.180888    0.740597  -0.0225835     2.16686    0.065552    0.234751    -1.44184
   0.163349    0.740569   0.0160363     2.16686  -0.0465849    0.234475     -1.3218
   0.145818    0.740877   0.0546376     2.16686   -0.157357    0.237428    -1.20313
  -0.492119      1.3396     1.56951     2.16686    -1.37909     1.44076    0.119774
  -0.492093     1.35144     1.57296     2.16686    -1.38717     1.45009    0.121581
   0.191372    0.740775  -0.0456685     2.16686    0.131899    0.236458     -1.5129
   0.173838    0.740545 -0.00705914     2.16686   0.0205206     0.23425    -1.39363
   0.156737    0.740645    0.030594     2.16686  -0.0886825    0.235214    -1.27672
  -0.492045     1.33253     1.56727     2.16686    -1.37434     1.43505    0.118698
  -0.492132     1.34406     1.57085     2.16686    -1.38212     1.44431    0.120453
  -0.492034      1.3559     1.57416     2.16686    -1.39026     1.45354    0.122266
   0.184763    0.740649  -0.0311157     2.16686   0.0901863    0.235248    -1.46822
   0.167225    0.740546  0.00750211     2.16686  -0.0218071    0.234257    -1.34832
    0.14969     0.74078   0.0461113     2.16686    -0.13316    0.236502    -1.22907
    -0.4921     1.33699      1.5687     2.16686    -1.37733     1.43866    0.119376
  -0.492115     1.34882     1.57223     2.16686    -1.38537     1.44805     0.12118
   0.195244    0.740872  -0.0541949     2.16686    0.156107    0.237376    -1.53886
   0.177713    0.740567  -0.0155928     2.16686   0.0452992     0.23446    -1.42015
   0.160174      0.7406   0.0230262     2.16686   -0.066832    0.234773    -1.30012
     -0.492     1.32991     1.56641     2.16686     -1.3726     1.43291    0.118301
  -0.492128     1.34145     1.57007     2.16686    -1.38034     1.44223    0.120055
  -0.492072     1.35328     1.57346     2.16686    -1.38845     1.45152    0.121864
   0.188199    0.740709  -0.0386817     2.16686    0.111928    0.235821     -1.4915
   0.171101     0.74054 -0.00103207     2.16686  0.00300097    0.234197    -1.37488
   0.153564    0.740699   0.0375825     2.16686   -0.108775     0.23573     -1.2552
  -0.492071     1.33437     1.56787     2.16686    -1.37558     1.43655    0.118978
  -0.492128     1.34621     1.57148     2.16686    -1.38358       1.446     0.12078
  -0.491996     1.35804     1.57473     2.16686    -1.39175     1.45518    0.122596
   0.181589    0.740605  -0.0241262     2.16686   0.0700139    0.234829    -1.44661
    0.16405    0.740563   0.0144934     2.16686  -0.0421089    0.234425    -1.32659
   0.146956    0.740847    0.052133     2.16686    -0.15027     0.23714    -1.21073
  -0.492116     1.33913     1.56936     2.16686    -1.37877     1.44038    0.119702
    -0.4921     1.35067     1.57275     2.16686    -1.38664     1.44949    0.121463
   0.192072    0.740792  -0.0472101     2.16686     0.13629    0.236613    -1.51761
   0.174976     0.74055  -0.0095664     2.16686   0.0278053    0.234295    -1.40143
   0.157438    0.740635    0.029052     2.16686  -0.0842374    0.235114    -1.28148
  -0.492037     1.33205     1.56712     2.16686    -1.37403     1.43466    0.118626
  -0.492132     1.34359     1.57071     2.16686     -1.3818     1.44393    0.120381
  -0.492042     1.35543     1.57404     2.16686    -1.38993     1.45317    0.122193
   0.185025    0.740653  -0.0316935     2.16686   0.0918502    0.235288       -1.47
   0.167925    0.740544  0.00595938     2.16686  -0.0173238    0.234234    -1.35312
   0.150828    0.740755   0.0436062     2.16686   -0.126015     0.23626    -1.23673
  -0.492095     1.33652     1.56855     2.16686    -1.37701     1.43828    0.119304
  -0.492118     1.34835     1.57209     2.16686    -1.38505     1.44768    0.121108
   0.195944    0.740891  -0.0557361     2.16686    0.160461    0.237558    -1.54352
   0.178852    0.740577  -0.0181002     2.16686   0.0525692    0.234552    -1.42794
   0.161313    0.740587   0.0205199     2.16686  -0.0595784    0.234654    -1.30789
   0.143785    0.740935   0.0591162     2.16686   -0.169985    0.237975    -1.18959
  -0.491991     1.32944     1.56625     2.16686    -1.37229     1.43252     0.11823
  -0.492127     1.34127     1.57002     2.16686    -1.38022     1.44209    0.120028
  -0.492078     1.35281     1.57334     2.16686    -1.38812     1.45116    0.121791
   0.188899    0.740723  -0.0402238     2.16686    0.116345    0.235952    -1.49624
   0.172239    0.740541 -0.00353958     2.16686   0.0102908    0.234209    -1.38268
   0.154702    0.740679   0.0350766     2.16686   -0.101581    0.235533    -1.26291
  -0.492064      1.3339     1.56772     2.16686    -1.37526     1.43616    0.118906
  -0.492129     1.34573     1.57134     2.16686    -1.38326     1.44563    0.120708
  -0.492005     1.35757      1.5746     2.16686    -1.39143     1.45482    0.122523
   0.182289    0.740614  -0.0256684     2.16686    0.074471    0.234913    -1.45139
    0.16475    0.740559   0.0129507     2.16686  -0.0376319    0.234378    -1.33138
   0.148094    0.740818   0.0496279     2.16686   -0.143163    0.236865    -1.21835