  -0.525816     1.04731  0.00314283     2.08935     -0.5048  0.00563114     -1.5222
  -0.530898     1.04734   0.0200496     2.08935    -1.29124   0.0180634   -0.732421
  -0.522838     1.04732 -0.00676745     2.08935     0.87135  0.00765841     -2.9003
  -0.527919     1.04732   0.0101397     2.08935    -1.05838   0.0100781   -0.967238
  -0.533338     1.04737   0.0281662     2.08935    -1.36691   0.0249102    -0.65515
  -0.525278     1.04731   0.0013501     2.08935   -0.233102  0.00506261    -1.79425
   -0.53036     1.04734   0.0182588     2.08935    -1.26602   0.0165766      -0.758
  -0.527381     1.04732  0.00834876     2.08935   -0.971914  0.00875512    -1.05406
  -0.532799     1.04736   0.0263739     2.08935    -1.35409   0.0233897   -0.668324
  -0.524403     1.04731 -0.00156099     2.08935    0.267932  0.00510949    -2.29586
  -0.529821     1.04733   0.0164668     2.08935    -1.23577   0.0151053   -0.788598
  -0.526843     1.04732  0.00655848     2.08935    -0.85588  0.00752494    -1.17044
  -0.531924     1.04735   0.0234634     2.08935    -1.32921   0.0209282   -0.693784
  -0.523864     1.04731 -0.00335127     2.08935    0.532458  0.00571519    -2.56074
  -0.529283     1.04733    0.014676     2.08935    -1.19896   0.0136414   -0.825767
  -0.526304     1.04732  0.00476706     2.08935   -0.697372  0.00643162    -1.32931
  -0.531049     1.04734   0.0205528     2.08935    -1.29759   0.0184874   -0.725976
  -0.522989     1.04732 -0.00626355     2.08935    0.833113  0.00733237    -2.86197
  -0.528408     1.04732   0.0117645     2.08935    -1.11893   0.0113257   -0.906367
  -0.533489     1.04737   0.0286688     2.08935    -1.37023   0.0253373   -0.651736