   -0.384467      1.28128    0.0179672      1.76383    -0.176816    0.0980465     -1.73106
   -0.382291      1.28127   0.00453246      1.76383   -0.0450556    0.0965901     -1.86386
   -0.379838      1.28127   -0.0106135      1.76383     0.105182    0.0970366     -2.01526
   -0.384023      1.28127    0.0152295      1.76383    -0.150325    0.0976107     -1.75776
    -0.38157      1.28127  8.22246e-05      1.76383 -0.000817047    0.0964906     -1.90844
   -0.379117      1.28127   -0.0150634      1.76383     0.148712    0.0975869     -2.05914
    -0.38358      1.28127    0.0124924      1.76383     -0.12362    0.0972461     -1.78468
   -0.381127      1.28127  -0.00265664      1.76383    0.0264222    0.0965252     -1.93589
   -0.378674      1.28128    -0.017802      1.76383     0.175226    0.0980184     -2.08586
   -0.382859      1.28127   0.00804165      1.76383   -0.0798211    0.0968044     -1.82882
   -0.380684      1.28127   -0.0053921      1.76383    0.0535876    0.0966322     -1.96327
   -0.382693      1.28127   0.00701568      1.76383   -0.0696735    0.0967297     -1.83905
   -0.379686      1.28127   -0.0115562      1.76383     0.114444    0.0971374      -2.0246
   -0.384425      1.28128    0.0177104      1.76383    -0.174341    0.0980026     -1.73355