   -0.702629      1.24598      1.56921       2.0237     -1.27741      1.42933    -0.134418
   -0.702629      1.24598      1.56921       2.0237       -4.419     -1.42933     -3.27601
   -0.702593      1.25749      1.57414       2.0237     -1.28598       1.4384    -0.131669
   -0.702593      1.25749      1.57414       2.0237     -4.42757      -1.4384     -3.27326
  -0.0306213     0.683404   -0.0367403       2.0237    0.0550194     0.435401      -1.5433
  -0.0306213     0.683404   -0.0367403       2.0237     -3.08657    -0.435401      1.59829
  -0.0483931     0.683248  0.000895664       2.0237  -0.00134261     0.434648     -1.48077
  -0.0483931     0.683248  0.000895664       2.0237     -3.14294    -0.434648      1.66082
  -0.0666193     0.683428    0.0394946       2.0237    -0.059133     0.435518     -1.41665
  -0.0666193     0.683428    0.0394946       2.0237     -3.20073    -0.435518      1.72494
   -0.702638      1.25032      1.57111       2.0237     -1.28063      1.43278    -0.133377
   -0.702638      1.25032      1.57111       2.0237     -4.42222     -1.43278     -3.27497
   -0.037492     0.683305   -0.0221896       2.0237    0.0332537     0.434923     -1.51915
   -0.037492     0.683305   -0.0221896       2.0237     -3.10834    -0.434923      1.62244
  -0.0557214     0.683279     0.016415       2.0237   -0.0246041     0.434798     -1.45497
  -0.0557214     0.683279     0.016415       2.0237      -3.1662    -0.434798      1.68663
   -0.702611      1.24343      1.56808       2.0237     -1.27553      1.42729    -0.135031
   -0.702611      1.24343      1.56808       2.0237     -4.41712     -1.42729     -3.27662
   -0.702617      1.25494      1.57308       2.0237     -1.28408      1.43642    -0.132273
   -0.702617      1.25494      1.57308       2.0237     -4.42567     -1.43642     -3.27387
    -0.04482     0.683253  -0.00667101       2.0237    0.0100012     0.434672     -1.49335
    -0.04482     0.683253  -0.00667101       2.0237     -3.13159    -0.434672      1.64824
   -0.062593     0.683359    0.0309673       2.0237   -0.0463893     0.435183      -1.4308
   -0.062593     0.683359    0.0309673       2.0237     -3.18798    -0.435183       1.7108
   -0.702636      1.24806      1.57013       2.0237     -1.27895      1.43099    -0.133917
   -0.702636      1.24806      1.57013       2.0237     -4.42055     -1.43099     -3.27551
  -0.0334648     0.683357   -0.0307183       2.0237    0.0460172     0.435174     -1.53331
  -0.0334648     0.683357   -0.0307183       2.0237     -3.09558    -0.435174      1.60828
  -0.0516932     0.683255   0.00788436       2.0237   -0.0118197     0.434682     -1.46915
  -0.0516932     0.683255   0.00788436       2.0237     -3.15341    -0.434682      1.67244
   -0.702583      1.24089      1.56692       2.0237     -1.27366      1.42523    -0.135646
   -0.702583      1.24089      1.56692       2.0237     -4.41525     -1.42523     -3.27724
   -0.702632       1.2524      1.57201       2.0237     -1.28218      1.43443    -0.132879
   -0.702632       1.2524      1.57201       2.0237     -4.42377     -1.43443     -3.27447
  -0.0407917     0.683275   -0.0152017       2.0237    0.0227867     0.434777     -1.50754
  -0.0407917     0.683275   -0.0152017       2.0237     -3.11881    -0.434777      1.63405
  -0.0585658     0.683306    0.0224386       2.0237   -0.0336262     0.434929     -1.44496
  -0.0585658     0.683306    0.0224386       2.0237     -3.17522    -0.434929      1.69664
   -0.702626      1.24552      1.56901       2.0237     -1.27707      1.42896    -0.134528
   -0.702626      1.24552      1.56901       2.0237     -4.41866     -1.42896     -3.27612
   -0.702601      1.25674      1.57383       2.0237     -1.28542      1.43782    -0.131846
   -0.702601      1.25674      1.57383       2.0237     -4.42701     -1.43782     -3.27344
  -0.0294385     0.683426   -0.0392455       2.0237    0.0587614     0.435507     -1.54745
  -0.0294385     0.683426   -0.0392455       2.0237     -3.08283    -0.435507      1.59414
  -0.0476648     0.683248 -0.000646587       2.0237  0.000969586     0.434648     -1.48334
  -0.0476648     0.683248 -0.000646587       2.0237     -3.14062    -0.434648      1.65826
  -0.0658915     0.683415    0.0379532       2.0237   -0.0568309     0.435451     -1.41921
  -0.0658915     0.683415    0.0379532       2.0237     -3.19842    -0.435451      1.72238
   -0.702638      1.24986      1.57091       2.0237     -1.28029      1.43242    -0.133487
   -0.702638      1.24986      1.57091       2.0237     -4.42188     -1.43242     -3.27508
  -0.0367639     0.683313   -0.0237314       2.0237    0.0355622     0.434962     -1.52171
  -0.0367639     0.683313   -0.0237314       2.0237     -3.10603    -0.434962      1.61988
   -0.054538      0.68327    0.0139087       2.0237   -0.0208489     0.434756     -1.45913
   -0.054538      0.68327    0.0139087       2.0237     -3.16244    -0.434756      1.68246
   -0.702606      1.24297      1.56787       2.0237     -1.27519      1.42692    -0.135142
   -0.702606      1.24297      1.56787       2.0237     -4.41679     -1.42692     -3.27673
   -0.702623       1.2542      1.57277       2.0237     -1.28352      1.43584    -0.132451
   -0.702623       1.2542      1.57277       2.0237     -4.42511     -1.43584     -3.27404
  -0.0436364     0.683258  -0.00917744       2.0237    0.0137584     0.434695     -1.49752
  -0.0436364     0.683258  -0.00917744       2.0237     -3.12783    -0.434695      1.64407
  -0.0618651     0.683348    0.0294257       2.0237   -0.0440833     0.435131     -1.43335
  -0.0618651     0.683348    0.0294257       2.0237     -3.18568    -0.435131      1.70824
   -0.702634      1.24731       1.5698       2.0237      -1.2784       1.4304    -0.134097
   -0.702634      1.24731       1.5698       2.0237     -4.41999      -1.4304     -3.27569
   -0.702577      1.25882      1.57468       2.0237     -1.28698      1.43944    -0.131352
   -0.702577      1.25882      1.57468       2.0237     -4.42857     -1.43944     -3.27295
  -0.0327368     0.683368     -0.03226       2.0237    0.0483227     0.435228     -1.53587
  -0.0327368     0.683368     -0.03226       2.0237     -3.09327    -0.435228      1.60572
   -0.050965     0.683253   0.00634225       2.0237  -0.00950802      0.43467     -1.47171
   -0.050965     0.683253   0.00634225       2.0237      -3.1511     -0.43467      1.66988
   -0.702577      1.24043      1.56671       2.0237     -1.27332      1.42486    -0.135757
   -0.702577      1.24043      1.56671       2.0237     -4.41491     -1.42486     -3.27735
   -0.702634      1.25194      1.57181       2.0237     -1.28184      1.43406    -0.132989
   -0.702634      1.25194      1.57181       2.0237     -4.42343     -1.43406     -3.27458
  -0.0400635      0.68328   -0.0167437       2.0237     0.025097     0.434804      -1.5101
  -0.0400635      0.68328   -0.0167437       2.0237      -3.1165    -0.434804      1.63149
  -0.0578377     0.683299    0.0208967       2.0237   -0.0313172     0.434891     -1.44752
  -0.0578377     0.683299    0.0208967       2.0237     -3.17291    -0.434891      1.69407
   -0.702621      1.24477      1.56868       2.0237     -1.27652      1.42836    -0.134708
   -0.702621      1.24477      1.56868       2.0237     -4.41811     -1.42836      -3.2763
   -0.702606      1.25628      1.57364       2.0237     -1.28507      1.43746    -0.131956
   -0.702606      1.25628      1.57364       2.0237     -4.42667     -1.43746     -3.27355
  -0.0469365     0.683249  -0.00218872       2.0237    0.0032816      0.43465      -1.4859
  -0.0469365     0.683249  -0.00218872       2.0237     -3.13831     -0.43465      1.65569
  -0.0647086     0.683393    0.0354479       2.0237   -0.0530878     0.435349     -1.42336
  -0.0647086     0.683393    0.0354479       2.0237     -3.19468    -0.435349      1.71823
   -0.702638       1.2494      1.57071       2.0237     -1.27995      1.43205    -0.133597
   -0.702638       1.2494      1.57071       2.0237     -4.42154     -1.43205     -3.27519
  -0.0360358     0.683322   -0.0252733       2.0237    0.0378703     0.435004     -1.52427
  -0.0360358     0.683322   -0.0252733       2.0237     -3.10372    -0.435004      1.61732
  -0.0538098     0.683266    0.0123666       2.0237   -0.0185379     0.434733      -1.4617
  -0.0538098     0.683266    0.0123666       2.0237     -3.16013    -0.434733       1.6799
   -0.702599      1.24223      1.56753       2.0237     -1.27464      1.42632    -0.135322
   -0.702599      1.24223      1.56753       2.0237     -4.41623     -1.42632     -3.27691
   -0.702626      1.25374      1.57257       2.0237     -1.28317      1.43548     -0.13256
   -0.702626      1.25374      1.57257       2.0237     -4.42477     -1.43548     -3.27415
  -0.0429082     0.683261   -0.0107197       2.0237      0.01607     0.434712     -1.50009
  -0.0429082     0.683261   -0.0107197       2.0237     -3.12552    -0.434712      1.64151
  -0.0606819     0.683332      0.02692       2.0237   -0.0403343     0.435052     -1.43751
  -0.0606819     0.683332      0.02692       2.0237     -3.18193    -0.435052      1.70408
   -0.702633      1.24685       1.5696       2.0237     -1.27806      1.43003    -0.134207
   -0.702633      1.24685       1.5696       2.0237     -4.41965     -1.43003      -3.2758
   -0.702583      1.25836       1.5745       2.0237     -1.28663      1.43908    -0.131461
   -0.702583      1.25836       1.5745       2.0237     -4.42823     -1.43908     -3.27305
  -0.0320089      0.68338   -0.0338016       2.0237    0.0506275     0.435285     -1.53843
  -0.0320089      0.68338   -0.0338016       2.0237     -3.09097    -0.435285      1.60316
  -0.0497814      0.68325   0.00383573       2.0237  -0.00575041     0.434656     -1.47588
  -0.0497814      0.68325   0.00383573       2.0237     -3.14734    -0.434656      1.66571
   -0.702571      1.23997       1.5665       2.0237     -1.27298      1.42449    -0.135869
   -0.702571      1.23997       1.5665       2.0237     -4.41457     -1.42449     -3.27746
   -0.702636      1.25148      1.57161       2.0237     -1.28149       1.4337    -0.133098
   -0.702636      1.25148      1.57161       2.0237     -4.42309      -1.4337     -3.27469
  -0.0388801     0.683291   -0.0192499       2.0237    0.0288513     0.434855     -1.51427
  -0.0388801     0.683291   -0.0192499       2.0237     -3.11274    -0.434855      1.62733
  -0.0571096     0.683291    0.0193546       2.0237   -0.0290077     0.434857     -1.45008
  -0.0571096     0.683291    0.0193546       2.0237      -3.1706    -0.434857      1.69151
   -0.702618      1.24431      1.56847       2.0237     -1.27618      1.42799    -0.134819
   -0.702618      1.24431      1.56847       2.0237     -4.41777     -1.42799     -3.27641
   -0.702613      1.25553      1.57333       2.0237     -1.28451      1.43688    -0.132133
   -0.702613      1.25553      1.57333       2.0237     -4.42611     -1.43688     -3.27373
  -0.0457529     0.683251  -0.00469532       2.0237   0.00703946      0.43466     -1.49007
  -0.0457529     0.683251  -0.00469532       2.0237     -3.13455     -0.43466      1.65152
  -0.0639807     0.683381    0.0339063       2.0237   -0.0507837     0.435289     -1.42592
  -0.0639807     0.683381    0.0339063       2.0237     -3.19238    -0.435289      1.71567
   -0.702638      1.24865      1.57039       2.0237     -1.27939      1.43146    -0.133776
   -0.702638      1.24865      1.57039       2.0237     -4.42098     -1.43146     -3.27537
  -0.0348526     0.683337   -0.0277792       2.0237    0.0416204     0.435078     -1.52843
  -0.0348526     0.683337   -0.0277792       2.0237     -3.09997    -0.435078      1.61316
  -0.0530815     0.683262    0.0108245       2.0237   -0.0162267     0.434713     -1.46426
  -0.0530815     0.683262    0.0108245       2.0237     -3.15782    -0.434713      1.67733
   -0.702594      1.24177      1.56732       2.0237      -1.2743      1.42594    -0.135433
   -0.702594      1.24177      1.56732       2.0237      -4.4159     -1.42594     -3.27703
    -0.70263      1.25299      1.57226       2.0237     -1.28262      1.43489    -0.132738
    -0.70263      1.25299      1.57226       2.0237     -4.42421     -1.43489     -3.27433
  -0.0417246     0.683268   -0.0132259       2.0237     0.019826     0.434745     -1.50425
  -0.0417246     0.683268   -0.0132259       2.0237     -3.12177    -0.434745      1.63734
  -0.0599538     0.683323    0.0253781       2.0237   -0.0380268     0.435007     -1.44007
  -0.0599538     0.683323    0.0253781       2.0237     -3.17962    -0.435007      1.70152
   -0.702629      1.24611      1.56927       2.0237     -1.27751      1.42943    -0.134386
   -0.702629      1.24611      1.56927       2.0237      -4.4191     -1.42943     -3.27598
   -0.702592      1.25762      1.57419       2.0237     -1.28607       1.4385    -0.131638
   -0.702592      1.25762      1.57419       2.0237     -4.42767      -1.4385     -3.27323
   -0.030826       0.6834   -0.0363069       2.0237    0.0543717     0.435383     -1.54258
   -0.030826       0.6834   -0.0363069       2.0237     -3.08722    -0.435383      1.59901
  -0.0490532     0.683249   0.00229361       2.0237  -0.00343845     0.434651     -1.47845
  -0.0490532     0.683249   0.00229361       2.0237     -3.14503    -0.434651      1.66315
   -0.702637      1.25073      1.57129       2.0237     -1.28094      1.43311    -0.133277
   -0.702637      1.25073      1.57129       2.0237     -4.42253     -1.43311     -3.27487
   -0.038152     0.683298   -0.0207919       2.0237    0.0311607     0.434889     -1.51683
   -0.038152     0.683298   -0.0207919       2.0237     -3.11043    -0.434889      1.62476
  -0.0559262     0.683281    0.0168485       2.0237   -0.0252536     0.434806     -1.45424
  -0.0559262     0.683281    0.0168485       2.0237     -3.16685    -0.434806      1.68735
   -0.702614      1.24385      1.56826       2.0237     -1.27584      1.42762     -0.13493
   -0.702614      1.24385      1.56826       2.0237     -4.41743     -1.42762     -3.27652
   -0.702616      1.25507      1.57313       2.0237     -1.28417      1.43652    -0.132242
   -0.702616      1.25507      1.57313       2.0237     -4.42576     -1.43652     -3.27383
  -0.0450247     0.683253  -0.00623742       2.0237   0.00935127     0.434669     -1.49263
  -0.0450247     0.683253  -0.00623742       2.0237     -3.13224    -0.434669      1.64896
  -0.0627977     0.683362    0.0314008       2.0237   -0.0470376     0.435198     -1.43008
  -0.0627977     0.683362    0.0314008       2.0237     -3.18863    -0.435198      1.71152
   -0.702637      1.24819      1.57019       2.0237     -1.27905       1.4311    -0.133886
   -0.702637      1.24819      1.57019       2.0237     -4.42064      -1.4311     -3.27548
  -0.0341246     0.683348   -0.0293209       2.0237    0.0439271     0.435127     -1.53099
  -0.0341246     0.683348   -0.0293209       2.0237     -3.09767    -0.435127       1.6106
   -0.051898     0.683256   0.00831803       2.0237   -0.0124698     0.434686     -1.46843
   -0.051898     0.683256   0.00831803       2.0237     -3.15406    -0.434686      1.67317
   -0.702588      1.24131      1.56711       2.0237     -1.27396      1.42557    -0.135545
   -0.702588      1.24131      1.56711       2.0237     -4.41556     -1.42557     -3.27714
   -0.702631      1.25282      1.57218       2.0237     -1.28249      1.43475    -0.132779
   -0.702631      1.25282      1.57218       2.0237     -4.42408     -1.43475     -3.27437
  -0.0409964     0.683273   -0.0147681       2.0237    0.0221369     0.434769     -1.50682
  -0.0409964     0.683273   -0.0147681       2.0237     -3.11946    -0.434769      1.63477
  -0.0592258     0.683314    0.0238362       2.0237   -0.0357186     0.434965     -1.44263
  -0.0592258     0.683314    0.0238362       2.0237     -3.17731    -0.434965      1.69896
   -0.702627      1.24565      1.56907       2.0237     -1.27717      1.42907    -0.134497
   -0.702627      1.24565      1.56907       2.0237     -4.41876     -1.42907     -3.27609
   -0.702597      1.25716        1.574       2.0237     -1.28573      1.43814    -0.131748
   -0.702597      1.25716        1.574       2.0237     -4.42732     -1.43814     -3.27334