   -1.06723     1.64597     1.57023     1.58797    -1.64597     1.57152    -0.99583
   -1.06723     1.64597     1.57023     1.58797    -4.78756    -1.57152     2.14576
   -1.06725     1.63981       1.571     1.58797     -1.6398     1.57218   -0.995893
   -1.06725     1.63981       1.571     1.58797    -4.78139    -1.57218      2.1457
  -0.536442     1.10163  0.00197411     1.58797 -0.00403136    0.451989    -2.04849
  -0.536442     1.10163  0.00197411     1.58797    -3.14562   -0.451989      1.0931
   -1.06724     1.64379     1.57051     1.58797    -1.64378     1.57177   -0.995862
   -1.06724     1.64379     1.57051     1.58797    -4.78538    -1.57177     2.14573
   -1.06724     1.63788     1.57121     1.58797    -1.63786     1.57236   -0.995896
   -1.06724     1.63788     1.57121     1.58797    -4.77945    -1.57236      2.1457
  -0.533993     1.10164 -0.00871867     1.58797   0.0178037     0.45206    -2.07052
  -0.533993     1.10164 -0.00871867     1.58797    -3.12379    -0.45206     1.07108
   -1.06725      1.6416     1.57079     1.58797    -1.64159       1.572   -0.995883
   -1.06725      1.6416     1.57079     1.58797    -4.78319      -1.572     2.14571
  -0.538171     1.10164  0.00952452     1.58797  -0.0194485    0.452074    -2.03294
  -0.538171     1.10164  0.00952452     1.58797    -3.16104   -0.452074     1.10866
   -1.06724     1.64533     1.57031     1.58797    -1.64533     1.57159    -0.99584
   -1.06724     1.64533     1.57031     1.58797    -4.78692    -1.57159     2.14575
   -1.06724     1.63942     1.57104     1.58797    -1.63941     1.57222   -0.995894
   -1.06724     1.63942     1.57104     1.58797      -4.781    -1.57222      2.1457
  -0.535722     1.10163 -0.00116831     1.58797  0.00238614    0.451987    -2.05496
  -0.535722     1.10163 -0.00116831     1.58797    -3.13921   -0.451987     1.08663
   -1.06724     1.64339     1.57056     1.58797    -1.64339     1.57181   -0.995866
   -1.06724     1.64339     1.57056     1.58797    -4.78498    -1.57181     2.14573
   -1.06723     1.63724     1.57128     1.58797    -1.63722     1.57242   -0.995895
   -1.06723     1.63724     1.57128     1.58797    -4.77881    -1.57242      2.1457
   -0.53355     1.10164  -0.0106516     1.58797   0.0217495    0.452096     -2.0745
   -0.53355     1.10164  -0.0106516     1.58797    -3.11984   -0.452096     1.06709
   -1.06725     1.64121     1.57083     1.58797     -1.6412     1.57204   -0.995886
   -1.06725     1.64121     1.57083     1.58797    -4.78279    -1.57204     2.14571
  -0.537728     1.10164  0.00759161     1.58797  -0.0155023    0.452042    -2.03692
  -0.537728     1.10164  0.00759161     1.58797    -3.15709   -0.452042     1.10468
   -1.06724     1.64494     1.57036     1.58797    -1.64493     1.57164   -0.995846
   -1.06724     1.64494     1.57036     1.58797    -4.78653    -1.57164     2.14575
   -1.06724     1.63902     1.57109     1.58797    -1.63901     1.57226   -0.995895
   -1.06724     1.63902     1.57109     1.58797     -4.7806    -1.57226      2.1457
  -0.535279     1.10163 -0.00310075     1.58797  0.00633254    0.451995    -2.05894
  -0.535279     1.10163 -0.00310075     1.58797    -3.13526   -0.451995     1.08265
   -1.06725     1.64275     1.57065     1.58797    -1.64274     1.57188   -0.995873
   -1.06725     1.64275     1.57065     1.58797    -4.78434    -1.57188     2.14572
  -0.539458     1.10164   0.0151418     1.58797  -0.0309124    0.452209    -2.02137
  -0.539458     1.10164   0.0151418     1.58797    -3.17251   -0.452209     1.12022
   -1.06723     1.63684     1.57132     1.58797    -1.63682     1.57246   -0.995894
   -1.06723     1.63684     1.57132     1.58797    -4.77841    -1.57246      2.1457
   -0.53283     1.10164  -0.0137925     1.58797   0.0281597    0.452171    -2.08096
   -0.53283     1.10164  -0.0137925     1.58797    -3.11343   -0.452171     1.06063
   -1.06725     1.64081     1.57088     1.58797     -1.6408     1.57208   -0.995888
   -1.06725     1.64081     1.57088     1.58797    -4.78239    -1.57208      2.1457
  -0.537286     1.10164  0.00565934     1.58797  -0.0115569    0.452017     -2.0409
  -0.537286     1.10164  0.00565934     1.58797    -3.15315   -0.452017      1.1007
   -1.06724     1.64454     1.57042     1.58797    -1.64454     1.57168   -0.995852
   -1.06724     1.64454     1.57042     1.58797    -4.78613    -1.57168     2.14574
   -1.06724     1.63838     1.57116     1.58797    -1.63837     1.57232   -0.995896
   -1.06724     1.63838     1.57116     1.58797    -4.77996    -1.57232      2.1457
  -0.534837     1.10163 -0.00503355     1.58797   0.0102795     0.45201    -2.06293
  -0.534837     1.10163 -0.00503355     1.58797    -3.13131    -0.45201     1.07867
   -1.06725     1.64211     1.57072     1.58797     -1.6421     1.57195   -0.995879
   -1.06725     1.64211     1.57072     1.58797    -4.78369    -1.57195     2.14571
  -0.539015     1.10164   0.0132083     1.58797  -0.0269674    0.452155    -2.02535
  -0.539015     1.10164   0.0132083     1.58797    -3.16856   -0.452155     1.11624
   -1.06723     1.64608     1.57021     1.58797    -1.64608      1.5715   -0.995828
   -1.06723     1.64608     1.57021     1.58797    -4.78768     -1.5715     2.14576
  -0.532387     1.10165  -0.0157251     1.58797   0.0321028    0.452226    -2.08494
  -0.532387     1.10165  -0.0157251     1.58797    -3.10949   -0.452226     1.05665
   -1.06725     1.64017     1.57096     1.58797    -1.64016     1.57215   -0.995892
   -1.06725     1.64017     1.57096     1.58797    -4.78175    -1.57215      2.1457
  -0.536566     1.10163  0.00251633     1.58797 -0.00513868    0.451992    -2.04737
  -0.536566     1.10163  0.00251633     1.58797    -3.14673   -0.451992     1.09422
   -1.06724     1.64415     1.57047     1.58797    -1.64414     1.57173   -0.995857
   -1.06724     1.64415     1.57047     1.58797    -4.78573    -1.57173     2.14574
   -1.06724     1.63823     1.57117     1.58797    -1.63822     1.57233   -0.995896
   -1.06724     1.63823     1.57117     1.58797    -4.77981    -1.57233      2.1457
  -0.534117     1.10164 -0.00817513     1.58797    0.016694    0.452051     -2.0694
  -0.534117     1.10164 -0.00817513     1.58797     -3.1249   -0.452051      1.0722
   -1.06725     1.64196     1.57074     1.58797    -1.64195     1.57196    -0.99588
   -1.06725     1.64196     1.57074     1.58797    -4.78355    -1.57196     2.14571
  -0.538296     1.10164   0.0100673     1.58797  -0.0205566    0.452084    -2.03182
  -0.538296     1.10164   0.0100673     1.58797    -3.16215   -0.452084     1.10977