    0.634972      1.05682     -1.57668      1.91022      1.08005      1.41126     -2.60662
    0.634972      1.05682     -1.57668      1.91022     -2.06155     -1.41126     0.534977
    0.635023      1.04565     -1.56877      1.91022      1.07127      1.40141      -2.6012
    0.635023      1.04565     -1.56877      1.91022     -2.07032     -1.40141     0.540395
  -0.0140341     0.541132   -0.0514769      1.91022    0.0415878     0.691247     -1.46006
  -0.0140341     0.541132   -0.0514769      1.91022         -3.1    -0.691247      1.68153
  -0.0351722     0.540835   -0.0120947      1.91022   0.00977567      0.69059     -1.42292
  -0.0351722     0.540835   -0.0120947      1.91022     -3.13182     -0.69059      1.71867
  -0.0568634     0.540913    0.0283112      1.91022   -0.0228797     0.690762      -1.3848
  -0.0568634     0.540913    0.0283112      1.91022     -3.16447    -0.690762      1.75679
   -0.718289      1.03924      1.56406      1.91022     -1.06624      1.39567    -0.224996
   -0.718289      1.03924      1.56406      1.91022     -4.20783     -1.39567       2.9166
   -0.718357      1.05041      1.57219      1.91022     -1.07501      1.40564    -0.219501
   -0.718357      1.05041      1.57219      1.91022      -4.2166     -1.40564      2.92209
    0.635015      1.05261     -1.57374      1.91022      1.07674      1.40757     -2.60459
    0.635015      1.05261     -1.57374      1.91022     -2.06486     -1.40757     0.537004
    0.634989      1.04144     -1.56569      1.91022      1.06797      1.39764     -2.59912
    0.634989      1.04144     -1.56569      1.91022     -2.07363     -1.39764     0.542473
  -0.0222041     0.540974   -0.0362533      1.91022    0.0292957     0.690896     -1.44571
  -0.0222041     0.540974   -0.0362533      1.91022      -3.1123    -0.690896      1.69588
  -0.0438929      0.54082   0.00414949      1.91022  -0.00335378     0.690555      -1.4076
  -0.0438929      0.54082   0.00414949      1.91022     -3.14495    -0.690555        1.734
  -0.0650363     0.541043    0.0435384      1.91022   -0.0351788     0.691049     -1.37044
  -0.0650363     0.541043    0.0435384      1.91022     -3.17677    -0.691049      1.77115
   -0.718342      1.04373      1.56737      1.91022     -1.06977       1.3997    -0.222771
   -0.718342      1.04373      1.56737      1.91022     -4.21136      -1.3997      2.91882
   -0.718329      1.05462      1.57516      1.91022     -1.07832      1.40934    -0.217464
   -0.718329      1.05462      1.57516      1.91022     -4.21991     -1.40934      2.92413
    0.634933      1.05928     -1.57838      1.91022      1.08199      1.41341     -2.60779
    0.634933      1.05928     -1.57838      1.91022     -2.05961     -1.41341     0.533798
     0.63503      1.04812     -1.57055      1.91022      1.07321      1.40361     -2.60241
     0.63503      1.04812     -1.57055      1.91022     -2.06838     -1.40361     0.539186
    0.634924      1.03723     -1.56256      1.91022      1.06466      1.39385     -2.59702
    0.634924      1.03723     -1.56256      1.91022     -2.07693     -1.39385     0.544571
 -0.00924882     0.541251   -0.0603952      1.91022    0.0487841     0.691509     -1.46846
 -0.00924882     0.541251   -0.0603952      1.91022     -3.09281    -0.691509      1.67313
   -0.030921     0.540866    -0.020014      1.91022    0.0161757     0.690656     -1.43039
   -0.030921     0.540866    -0.020014      1.91022     -3.12542    -0.690656       1.7112
  -0.0520712     0.540863    0.0193837      1.91022   -0.0156661      0.69065     -1.39322
  -0.0520712     0.540863    0.0193837      1.91022     -3.15726     -0.69065      1.74837
   -0.073744     0.541242    0.0597658      1.91022   -0.0482761     0.691489     -1.35515
   -0.073744     0.541242    0.0597658      1.91022     -3.18987    -0.691489      1.78644
   -0.718246      1.03677      1.56222      1.91022     -1.06431      1.39344    -0.226229
   -0.718246      1.03677      1.56222      1.91022      -4.2059     -1.39344      2.91536
    -0.71836      1.04794      1.57042      1.91022     -1.07307      1.40345    -0.220703
    -0.71836      1.04794      1.57042      1.91022     -4.21466     -1.40345      2.92089
   -0.718267      1.05911      1.57827      1.91022     -1.08185      1.41326    -0.215313
   -0.718267      1.05911      1.57827      1.91022     -4.22344     -1.41326      2.92628
    0.634997      1.05479     -1.57528      1.91022      1.07846      1.40949     -2.60564
    0.634997      1.05479     -1.57528      1.91022     -2.06314     -1.40949     0.535949
    0.635012       1.0439      -1.5675      1.91022       1.0699      1.39986     -2.60034
    0.635012       1.0439      -1.5675      1.91022     -2.07169     -1.39986     0.541253
  -0.0174149      0.54106   -0.0451768      1.91022    0.0365019     0.691087     -1.45412
  -0.0174149      0.54106   -0.0451768      1.91022     -3.10509    -0.691087      1.68747
  -0.0390992     0.540821  -0.00477985      1.91022   0.00386352     0.690557     -1.41602
  -0.0390992     0.540821  -0.00477985      1.91022     -3.13773    -0.690557      1.72557
  -0.0607882     0.540969    0.0356233      1.91022   -0.0287866     0.690884     -1.37791
  -0.0607882     0.540969    0.0356233      1.91022     -3.17038    -0.690884      1.76369
   -0.718317      1.04126      1.56556      1.91022     -1.06783      1.39749    -0.223991
   -0.718317      1.04126      1.56556      1.91022     -4.20942     -1.39749       2.9176
   -0.718349      1.05215      1.57342      1.91022     -1.07638      1.40718    -0.218655
   -0.718349      1.05215      1.57342      1.91022     -4.21797     -1.40718      2.92294
    0.635026      1.05058     -1.57231      1.91022      1.07515      1.40579     -2.60361
    0.635026      1.05058     -1.57231      1.91022     -2.06645     -1.40579     0.537984
    0.634962      1.03942     -1.56419      1.91022      1.06638      1.39583     -2.59812
    0.634962      1.03942     -1.56419      1.91022     -2.07521     -1.39583     0.543477
  -0.0261289     0.540918   -0.0289413      1.91022     0.023389     0.690771     -1.43882
  -0.0261289     0.540918   -0.0289413      1.91022      -3.1182    -0.690771      1.70278
  -0.0472781     0.540831    0.0104551      1.91022  -0.00845029      0.69058     -1.40165
  -0.0472781     0.540831    0.0104551      1.91022     -3.15004     -0.69058      1.73994
  -0.0689585     0.541125    0.0508472      1.91022   -0.0410792      0.69123     -1.36356
  -0.0689585     0.541125    0.0508472      1.91022     -3.18267     -0.69123      1.77804
   -0.718353      1.04547      1.56864      1.91022     -1.07113      1.40126    -0.221913
   -0.718353      1.04547      1.56864      1.91022     -4.21273     -1.40126      2.91968
   -0.718305      1.05664      1.57656      1.91022     -1.07991      1.41111    -0.216493
   -0.718305      1.05664      1.57656      1.91022      -4.2215     -1.41111       2.9251
    0.634966      1.05726     -1.57699      1.91022       1.0804      1.41165     -2.60683
    0.634966      1.05726     -1.57699      1.91022      -2.0612     -1.41165     0.534764
    0.635026      1.04637     -1.56929      1.91022      1.07184      1.40206     -2.60155
    0.635026      1.04637     -1.56929      1.91022     -2.06975     -1.40206     0.540039
  -0.0126278     0.541165   -0.0540975      1.91022    0.0437028     0.691319     -1.46253
  -0.0126278     0.541165   -0.0540975      1.91022     -3.09789    -0.691319      1.67906
  -0.0343057     0.540841   -0.0137089      1.91022    0.0110802       0.6906     -1.42445
  -0.0343057     0.540841   -0.0137089      1.91022     -3.13051      -0.6906      1.71715
  -0.0559972     0.540903    0.0266973      1.91022   -0.0215758     0.690738     -1.38633
  -0.0559972     0.540903    0.0266973      1.91022     -3.16317    -0.690738      1.75527
   -0.718282      1.03879      1.56373      1.91022     -1.06589      1.39527    -0.225219
   -0.718282      1.03879      1.56373      1.91022     -4.20748     -1.39527      2.91637
   -0.718359      1.04968      1.57167      1.91022     -1.07444        1.405    -0.219853
   -0.718359      1.04968      1.57167      1.91022     -4.21603       -1.405      2.92174
    0.635012      1.05305     -1.57406      1.91022      1.07709      1.40797      -2.6048
    0.635012      1.05305     -1.57406      1.91022     -2.06451     -1.40797     0.536789
    0.634994      1.04188     -1.56602      1.91022      1.06832      1.39805     -2.59934
    0.634994      1.04188     -1.56602      1.91022     -2.07328     -1.39805     0.542252
  -0.0213382     0.540988   -0.0378666      1.91022    0.0305988     0.690928     -1.44723
  -0.0213382     0.540988   -0.0378666      1.91022     -3.11099    -0.690928      1.69436
  -0.0424845     0.540818   0.00152598      1.91022  -0.00123328     0.690552     -1.41007
  -0.0424845     0.540818   0.00152598      1.91022     -3.14283    -0.690552      1.73152
  -0.0641706     0.541027    0.0419254      1.91022   -0.0338763     0.691012     -1.37197
  -0.0641706     0.541027    0.0419254      1.91022     -3.17547    -0.691012      1.76963
   -0.718336      1.04301      1.56684      1.91022      -1.0692      1.39905    -0.223128
   -0.718336      1.04301      1.56684      1.91022     -4.21079     -1.39905      2.91846
   -0.718333      1.05417      1.57484      1.91022     -1.07797      1.40895    -0.217679
   -0.718333      1.05417      1.57484      1.91022     -4.21956     -1.40895      2.92391
    0.634925      1.05973     -1.57869      1.91022      1.08234       1.4138     -2.60801
    0.634925      1.05973     -1.57869      1.91022     -2.05926      -1.4138     0.533585
     0.63503      1.04856     -1.57087      1.91022      1.07356        1.404     -2.60262
     0.63503      1.04856     -1.57087      1.91022     -2.06803       -1.404     0.538969
    0.634933      1.03767     -1.56289      1.91022      1.06501      1.39425     -2.59725
    0.634933      1.03767     -1.56289      1.91022     -2.07658     -1.39425     0.544347
  -0.0295129     0.540879    -0.022637      1.91022    0.0182953     0.690685     -1.43287
  -0.0295129     0.540879    -0.022637      1.91022      -3.1233    -0.690685      1.70872
  -0.0512048     0.540856    0.0177698      1.91022   -0.0143619     0.690634     -1.39475
  -0.0512048     0.540856    0.0177698      1.91022     -3.15595    -0.690634      1.74685
  -0.0728791     0.541219    0.0581538      1.91022   -0.0469755     0.691439     -1.35667
  -0.0728791     0.541219    0.0581538      1.91022     -3.18857    -0.691439      1.78492
   -0.718237      1.03633      1.56188      1.91022     -1.06396      1.39303    -0.226453
   -0.718237      1.03633      1.56188      1.91022     -4.20555     -1.39303      2.91514
   -0.718359       1.0475       1.5701      1.91022     -1.07272      1.40306    -0.220922
   -0.718359       1.0475       1.5701      1.91022     -4.21431     -1.40306      2.92067
   -0.718279      1.05838      1.57777      1.91022     -1.08128      1.41263    -0.215659
   -0.718279      1.05838      1.57777      1.91022     -4.22287     -1.41263      2.92593
    0.634989      1.05552     -1.57578      1.91022      1.07903      1.41013     -2.60599
    0.634989      1.05552     -1.57578      1.91022     -2.06257     -1.41013       0.5356
    0.635016      1.04435     -1.56783      1.91022      1.07025      1.40026     -2.60056
    0.635016      1.04435     -1.56783      1.91022     -2.07134     -1.40026     0.541033
  -0.0165493     0.541078   -0.0467896      1.91022    0.0378041     0.691126     -1.45564
  -0.0165493     0.541078   -0.0467896      1.91022     -3.10379    -0.691126      1.68595
  -0.0382326     0.540823  -0.00639405      1.91022   0.00516821     0.690562     -1.41755
  -0.0382326     0.540823  -0.00639405      1.91022     -3.13642    -0.690562      1.72405
  -0.0593807     0.540947     0.033001      1.91022   -0.0266684     0.690837     -1.38038
  -0.0593807     0.540947     0.033001      1.91022     -3.16826    -0.690837      1.76121
   -0.718308      1.04054      1.56503      1.91022     -1.06726      1.39684    -0.224351
   -0.718308      1.04054      1.56503      1.91022     -4.20885     -1.39684      2.91724
   -0.718351      1.05171      1.57311      1.91022     -1.07603      1.40678    -0.218872
   -0.718351      1.05171      1.57311      1.91022     -4.21762     -1.40678      2.92272
    0.635023      1.05131     -1.57283      1.91022      1.07572      1.40643     -2.60396
    0.635023      1.05131     -1.57283      1.91022     -2.06588     -1.40643     0.537633
    0.634972      1.04014     -1.56473      1.91022      1.06695      1.39648     -2.59848
    0.634972      1.04014     -1.56473      1.91022     -2.07465     -1.39648     0.543117
  -0.0252627     0.540929   -0.0305549      1.91022    0.0246927     0.690796     -1.44034
  -0.0252627     0.540929   -0.0305549      1.91022      -3.1169    -0.690796      1.70125
  -0.0464115     0.540828   0.00884098      1.91022  -0.00714569     0.690571     -1.40317
  -0.0464115     0.540828   0.00884098      1.91022     -3.14874    -0.690571      1.73842
  -0.0680932     0.541106    0.0492345      1.91022   -0.0397775     0.691188     -1.36508
  -0.0680932     0.541106    0.0492345      1.91022     -3.18137    -0.691188      1.77652
    -0.71835      1.04503      1.56832      1.91022     -1.07078      1.40086    -0.222132
    -0.71835      1.04503      1.56832      1.91022     -4.21238     -1.40086      2.91946
   -0.718311       1.0562      1.57625      1.91022     -1.07956      1.41072    -0.216707
   -0.718311       1.0562      1.57625      1.91022     -4.22115     -1.41072      2.92489
    0.634955      1.05799     -1.57749      1.91022      1.08097      1.41228     -2.60718
    0.634955      1.05799     -1.57749      1.91022     -2.06063     -1.41228     0.534417
    0.635028      1.04682     -1.56962      1.91022      1.07219      1.40246     -2.60177
    0.635028      1.04682     -1.56962      1.91022      -2.0694     -1.40246     0.539821
  -0.0117627     0.541186   -0.0557099      1.91022    0.0450039     0.691366     -1.46405
  -0.0117627     0.541186   -0.0557099      1.91022     -3.09659    -0.691366      1.67754
  -0.0334392     0.540846    -0.015323      1.91022    0.0123847     0.690612     -1.42597
  -0.0334392     0.540846    -0.015323      1.91022     -3.12921    -0.690612      1.71562
  -0.0545892     0.540887    0.0240744      1.91022   -0.0194565     0.690703      -1.3888
  -0.0545892     0.540887    0.0240744      1.91022     -3.16105    -0.690703      1.75279
   -0.718275      1.03835       1.5634      1.91022     -1.06554      1.39486    -0.225442
   -0.718275      1.03835       1.5634      1.91022     -4.20713     -1.39486      2.91615
    -0.71836      1.04924      1.57135      1.91022     -1.07409       1.4046     -0.22007
    -0.71836      1.04924      1.57135      1.91022     -4.21568      -1.4046      2.92152
   -0.718243      1.06041      1.57915      1.91022     -1.08287      1.41438    -0.214696
   -0.718243      1.06041      1.57915      1.91022     -4.22446     -1.41438       2.9269
    0.635009       1.0535     -1.57437      1.91022      1.07744      1.40836     -2.60502
    0.635009       1.0535     -1.57437      1.91022     -2.06416     -1.40836     0.536573
    0.635001      1.04261     -1.56655      1.91022      1.06888       1.3987      -2.5997
    0.635001      1.04261     -1.56655      1.91022     -2.07271      -1.3987     0.541893
  -0.0204723     0.541003   -0.0394799      1.91022    0.0319017      0.69096     -1.44875
  -0.0204723     0.541003   -0.0394799      1.91022     -3.10969     -0.69096      1.69284
  -0.0416179     0.540818 -8.82708e-05      1.91022  7.14682e-05     0.690551      -1.4116
  -0.0416179     0.540818 -8.82708e-05      1.91022     -3.14152    -0.690551         1.73
  -0.0633049     0.541011    0.0403122      1.91022   -0.0325736     0.690978     -1.37349
  -0.0633049     0.541011    0.0403122      1.91022     -3.17417    -0.690978      1.76811
   -0.718331      1.04256      1.56652      1.91022     -1.06885      1.39865    -0.223348
   -0.718331      1.04256      1.56652      1.91022     -4.21044     -1.39865      2.91824
    -0.71834      1.05345      1.57434      1.91022      -1.0774      1.40831    -0.218029
    -0.71834      1.05345      1.57434      1.91022     -4.21899     -1.40831      2.92356
    0.634911      1.06045     -1.57919      1.91022      1.08291      1.41443     -2.60835
    0.634911      1.06045     -1.57919      1.91022     -2.05869     -1.41443      0.53324
    0.635029      1.04929     -1.57139      1.91022      1.07413      1.40465     -2.60298
    0.635029      1.04929     -1.57139      1.91022     -2.06746     -1.40465     0.538615
    0.634941      1.03812     -1.56323      1.91022      1.06536      1.39465     -2.59747
    0.634941      1.03812     -1.56323      1.91022     -2.07623     -1.39465     0.544124
  -0.0286466     0.540888    -0.024251      1.91022    0.0195994     0.690705     -1.43439
  -0.0286466     0.540888    -0.024251      1.91022     -3.12199    -0.690705       1.7072
  -0.0497965     0.540845    0.0151465      1.91022   -0.0122418     0.690611     -1.39722
  -0.0497965     0.540845    0.0151465      1.91022     -3.15383    -0.690611      1.74437
  -0.0714732     0.541184    0.0555335      1.91022   -0.0448613     0.691361     -1.35914
  -0.0714732     0.541184    0.0555335      1.91022     -3.18645    -0.691361      1.78245
   -0.718358      1.04677      1.56958      1.91022     -1.07215      1.40241    -0.221276
   -0.718358      1.04677      1.56958      1.91022     -4.21374     -1.40241      2.92032
   -0.718286      1.05794      1.57746      1.91022     -1.08093      1.41224    -0.215872
   -0.718286      1.05794      1.57746      1.91022     -4.22252     -1.41224      2.92572
    0.634983      1.05597     -1.57609      1.91022      1.07938      1.41052     -2.60621
    0.634983      1.05597     -1.57609      1.91022     -2.06222     -1.41052     0.535385
    0.635019       1.0448     -1.56815      1.91022       1.0706      1.40065     -2.60078
    0.635019       1.0448     -1.56815      1.91022     -2.07099     -1.40065     0.540813
  -0.0156838     0.541096   -0.0484025      1.91022    0.0391061     0.691166     -1.45716
  -0.0156838     0.541096   -0.0484025      1.91022     -3.10249    -0.691166      1.68443
  -0.0368242     0.540828  -0.00901747      1.91022   0.00728857     0.690572     -1.42002
  -0.0368242     0.540828  -0.00901747      1.91022      -3.1343    -0.690572      1.72157
  -0.0585146     0.540935    0.0313874      1.91022   -0.0253649      0.69081      -1.3819
  -0.0585146     0.540935    0.0313874      1.91022     -3.16696     -0.69081      1.75969
   -0.718302      1.04009       1.5647      1.91022     -1.06691      1.39643    -0.224573
   -0.718302      1.04009       1.5647      1.91022      -4.2085     -1.39643      2.91702
   -0.718354      1.05126      1.57279      1.91022     -1.07568      1.40639    -0.219088
   -0.718354      1.05126      1.57279      1.91022     -4.21727     -1.40639       2.9225
    0.635021      1.05175     -1.57314      1.91022      1.07607      1.40682     -2.60418
    0.635021      1.05175     -1.57314      1.91022     -2.06553     -1.40682     0.537416
    0.634978      1.04059     -1.56506      1.91022       1.0673      1.39688      -2.5987
    0.634978      1.04059     -1.56506      1.91022      -2.0743     -1.39688     0.542895
  -0.0238551     0.540949   -0.0331774      1.91022    0.0268112      0.69084     -1.44281
  -0.0238551     0.540949   -0.0331774      1.91022     -3.11478     -0.69084      1.69878
   -0.045545     0.540825   0.00722686      1.91022  -0.00584109     0.690565     -1.40469
   -0.045545     0.540825   0.00722686      1.91022     -3.14743    -0.690565       1.7369
  -0.0666865     0.541076    0.0466134      1.91022   -0.0376615     0.691122     -1.36755
  -0.0666865     0.541076    0.0466134      1.91022     -3.17925    -0.691122      1.77405
   -0.718348      1.04458      1.56799      1.91022     -1.07043      1.40046    -0.222351
   -0.718348      1.04458      1.56799      1.91022     -4.21203     -1.40046      2.91924
    -0.71832      1.05547      1.57575      1.91022     -1.07899      1.41009    -0.217055
    -0.71832      1.05547      1.57575      1.91022     -4.22058     -1.41009      2.92454
    0.634948      1.05843      -1.5778      1.91022      1.08132      1.41267     -2.60739
    0.634948      1.05843      -1.5778      1.91022     -2.06028     -1.41267     0.534204
    0.635029      1.04754     -1.57014      1.91022      1.07276       1.4031     -2.60213
    0.635029      1.04754     -1.57014      1.91022     -2.06883      -1.4031     0.539466
    0.634908      1.03638     -1.56192      1.91022      1.06399      1.39308      -2.5966
    0.634908      1.03638     -1.56192      1.91022      -2.0776     -1.39308     0.544996
  -0.0108977     0.541208   -0.0573221      1.91022    0.0463048     0.691414     -1.46557
  -0.0108977     0.541208   -0.0573221      1.91022     -3.09529    -0.691414      1.67602
   -0.032031     0.540856   -0.0179462      1.91022    0.0145047     0.690635     -1.42844
   -0.032031     0.540856   -0.0179462      1.91022     -3.12709    -0.690635      1.71315
  -0.0537229     0.540878    0.0224606      1.91022   -0.0181525     0.690683     -1.39032
  -0.0537229     0.540878    0.0224606      1.91022     -3.15975    -0.690683      1.75127
   -0.718267       1.0379      1.56307      1.91022     -1.06519      1.39446    -0.225664
   -0.718267       1.0379      1.56307      1.91022     -4.20678     -1.39446      2.91593
    -0.71836      1.04851      1.57083      1.91022     -1.07352      1.40396    -0.220424
    -0.71836      1.04851      1.57083      1.91022     -4.21511     -1.40396      2.92117
   -0.718251      1.05996      1.57885      1.91022     -1.08252        1.414    -0.214908
   -0.718251      1.05996      1.57885      1.91022     -4.22411       -1.414      2.92669
    0.635002      1.05422     -1.57488      1.91022      1.07801      1.40899     -2.60537
    0.635002      1.05422     -1.57488      1.91022     -2.06359     -1.40899     0.536223
    0.635005      1.04305     -1.56688      1.91022      1.06923       1.3991     -2.59992
    0.635005      1.04305     -1.56688      1.91022     -2.07236      -1.3991     0.541673
  -0.0190652     0.541028   -0.0421018      1.91022     0.034019     0.691016     -1.45123
  -0.0190652     0.541028   -0.0421018      1.91022     -3.10757    -0.691016      1.69037
  -0.0407513     0.540819   -0.0017025      1.91022    0.0013762     0.690552     -1.41312
  -0.0407513     0.540819   -0.0017025      1.91022     -3.14022    -0.690552      1.72847
  -0.0618976     0.540987    0.0376903      1.91022   -0.0304561     0.690924     -1.37596
  -0.0618976     0.540987    0.0376903      1.91022     -3.17205    -0.690924      1.76563
   -0.718324      1.04183      1.56598      1.91022     -1.06828        1.398    -0.223708
   -0.718324      1.04183      1.56598      1.91022     -4.20987       -1.398      2.91788
   -0.718343        1.053      1.57402      1.91022     -1.07705      1.40792    -0.218244
   -0.718343        1.053      1.57402      1.91022     -4.21864     -1.40792      2.92335
    0.635028      1.04973     -1.57171      1.91022      1.07448      1.40504     -2.60319
    0.635028      1.04973     -1.57171      1.91022     -2.06711     -1.40504     0.538398
    0.634953      1.03884     -1.56377      1.91022      1.06593      1.39531     -2.59783
    0.634953      1.03884     -1.56377      1.91022     -2.07566     -1.39531     0.543762
  -0.0272386     0.540904   -0.0268739      1.91022    0.0217187     0.690741     -1.43687
  -0.0272386     0.540904   -0.0268739      1.91022     -3.11987    -0.690741      1.70473
    -0.04893      0.54084    0.0135324      1.91022   -0.0109374     0.690599     -1.39874
    -0.04893      0.54084    0.0135324      1.91022     -3.15253    -0.690599      1.74285
  -0.0706081     0.541163    0.0539212      1.91022   -0.0435603     0.691314     -1.36066
  -0.0706081     0.541163    0.0539212      1.91022     -3.18515    -0.691314      1.78093
   -0.718356      1.04632      1.56926      1.91022      -1.0718      1.40202    -0.221495
   -0.718356      1.04632      1.56926      1.91022     -4.21339     -1.40202       2.9201
   -0.718297      1.05721      1.57696      1.91022     -1.08036      1.41161    -0.216219
   -0.718297      1.05721      1.57696      1.91022     -4.22195     -1.41161      2.92537
    0.634978      1.05641      -1.5764      1.91022      1.07973      1.41091     -2.60642
    0.634978      1.05641      -1.5764      1.91022     -2.06187     -1.41091     0.535171
    0.635023      1.04552     -1.56868      1.91022      1.07117       1.4013     -2.60114
    0.635023      1.04552     -1.56868      1.91022     -2.07042      -1.4013     0.540457
  -0.0142773     0.541127   -0.0510235      1.91022    0.0412218     0.691235     -1.45964
  -0.0142773     0.541127   -0.0510235      1.91022     -3.10037    -0.691235      1.68196
  -0.0359577     0.540832   -0.0106317      1.91022   0.00859322      0.69058     -1.42154
  -0.0359577     0.540832   -0.0106317      1.91022       -3.133     -0.69058      1.72005
  -0.0576485     0.540923    0.0297737      1.91022   -0.0240613     0.690784     -1.38342
  -0.0576485     0.540923    0.0297737      1.91022     -3.16565    -0.690784      1.75817
   -0.718295      1.03965      1.56436      1.91022     -1.06656      1.39603    -0.224795
   -0.718295      1.03965      1.56436      1.91022     -4.20815     -1.39603       2.9168
   -0.718356      1.05081      1.57248      1.91022     -1.07533        1.406    -0.219304
   -0.718356      1.05081      1.57248      1.91022     -4.21692       -1.406      2.92229
    0.635018       1.0522     -1.57346      1.91022      1.07642      1.40722     -2.60439
    0.635018       1.0522     -1.57346      1.91022     -2.06517     -1.40722       0.5372
    0.634984      1.04103     -1.56539      1.91022      1.06765      1.39728     -2.59892
    0.634984      1.04103     -1.56539      1.91022     -2.07394     -1.39728     0.542673
   -0.022989     0.540962   -0.0347909      1.91022    0.0281145     0.690869     -1.44433
   -0.022989     0.540962   -0.0347909      1.91022     -3.11348    -0.690869      1.69726
  -0.0441365     0.540821   0.00460333      1.91022   -0.0037206     0.690556     -1.40717
  -0.0441365     0.540821   0.00460333      1.91022     -3.14531    -0.690556      1.73442
   -0.065821     0.541058    0.0450004      1.91022   -0.0363593     0.691082     -1.36907
   -0.065821     0.541058    0.0450004      1.91022     -3.17795    -0.691082      1.77253
   -0.718343      1.04386      1.56747      1.91022     -1.06986      1.39981    -0.222709
   -0.718343      1.04386      1.56747      1.91022     -4.21146     -1.39981      2.91888
   -0.718328      1.05475      1.57524      1.91022     -1.07842      1.40945    -0.217404
   -0.718328      1.05475      1.57524      1.91022     -4.22001     -1.40945      2.92419
    0.634935      1.05916      -1.5783      1.91022      1.08189       1.4133     -2.60773
    0.634935      1.05916      -1.5783      1.91022     -2.05971      -1.4133     0.533858
     0.63503      1.04799     -1.57046      1.91022      1.07311       1.4035     -2.60235
     0.63503      1.04799     -1.57046      1.91022     -2.06848      -1.4035     0.539247
    0.634917      1.03682     -1.56226      1.91022      1.06434      1.39348     -2.59682
    0.634917      1.03682     -1.56226      1.91022     -2.07725     -1.39348     0.544773
 -0.00949196     0.541244    -0.059942      1.91022    0.0484185     0.691494     -1.46804
 -0.00949196     0.541244    -0.059942      1.91022     -3.09317    -0.691494      1.67355
  -0.0311646     0.540864   -0.0195602      1.91022     0.015809     0.690651     -1.42997
  -0.0311646     0.540864   -0.0195602      1.91022     -3.12578    -0.690651      1.71163
  -0.0523148     0.540865    0.0198375      1.91022   -0.0160328     0.690654      -1.3928
  -0.0523148     0.540865    0.0198375      1.91022     -3.15763    -0.690654       1.7488
  -0.0739871     0.541248    0.0602189      1.91022   -0.0486416     0.691503     -1.35473
  -0.0739871     0.541248    0.0602189      1.91022     -3.19023    -0.691503      1.78687
   -0.718249       1.0369      1.56231      1.91022      -1.0644      1.39355    -0.226166
   -0.718249       1.0369      1.56231      1.91022       -4.206     -1.39355      2.91543
    -0.71836      1.04807      1.57051      1.91022     -1.07317      1.40356    -0.220642
    -0.71836      1.04807      1.57051      1.91022     -4.21476     -1.40356      2.92095
   -0.718265      1.05923      1.57835      1.91022     -1.08195      1.41337    -0.215253
   -0.718265      1.05923      1.57835      1.91022     -4.22354     -1.41337      2.92634
    0.634998      1.05467     -1.57519      1.91022      1.07836      1.40939     -2.60558
    0.634998      1.05467     -1.57519      1.91022     -2.06324     -1.40939     0.536009
    0.635009       1.0435     -1.56721      1.91022      1.06959       1.3995     -2.60014
    0.635009       1.0435     -1.56721      1.91022     -2.07201      -1.3995     0.541452
  -0.0181995     0.541045   -0.0437149      1.91022    0.0353215     0.691053     -1.45275
  -0.0181995     0.541045   -0.0437149      1.91022     -3.10627    -0.691053      1.68885
  -0.0393428      0.54082  -0.00432601      1.91022    0.0034967     0.690556     -1.41559
  -0.0393428      0.54082  -0.00432601      1.91022      -3.1381    -0.690556        1.726
  -0.0610317     0.540972    0.0360769      1.91022    -0.029153     0.690893     -1.37748
  -0.0610317     0.540972    0.0360769      1.91022     -3.17075    -0.690893      1.76411
   -0.718319      1.04139      1.56565      1.91022     -1.06793       1.3976    -0.223929
   -0.718319      1.04139      1.56565      1.91022     -4.20952      -1.3976      2.91766
   -0.718346      1.05256      1.57371      1.91022      -1.0767      1.40753     -0.21846
   -0.718346      1.05256      1.57371      1.91022     -4.21829     -1.40753      2.92313
    0.635027      1.05018     -1.57202      1.91022      1.07483      1.40543     -2.60341
    0.635027      1.05018     -1.57202      1.91022     -2.06676     -1.40543     0.538181
    0.634955      1.03901     -1.56389      1.91022      1.06606      1.39546     -2.59791
    0.634955      1.03901     -1.56389      1.91022     -2.07553     -1.39546     0.543679
  -0.0263724     0.540914   -0.0284876      1.91022    0.0230225     0.690764     -1.43839
  -0.0263724     0.540914   -0.0284876      1.91022     -3.11857    -0.690764       1.7032
  -0.0480635     0.540835    0.0119182      1.91022  -0.00963279     0.690588     -1.40027
  -0.0480635     0.540835    0.0119182      1.91022     -3.15123    -0.690588      1.74133
  -0.0697428     0.541143    0.0523088      1.91022   -0.0422589     0.691269     -1.36218
  -0.0697428     0.541143    0.0523088      1.91022     -3.18385    -0.691269      1.77941
   -0.718353       1.0456      1.56873      1.91022     -1.07123      1.40137    -0.221851
   -0.718353       1.0456      1.56873      1.91022     -4.21283     -1.40137      2.91974
   -0.718303      1.05677      1.57665      1.91022     -1.08001      1.41122    -0.216433
   -0.718303      1.05677      1.57665      1.91022      -4.2216     -1.41122      2.92516