  -0.0338546      1.51038       1.5707      2.01317     -1.51623      1.54486     0.445805
  -0.0337862      1.52157      1.57148      2.01317     -1.52602      1.55035     0.446143
    0.602762     0.895216   -0.0220457      2.01317    0.0742731     0.233945     -1.01608
    0.588417     0.895199    0.0169667      2.01317   -0.0572088     0.233662    -0.878115
  -0.0338077      1.50323      1.57002      2.01317     -1.51005      1.54119     0.445637
  -0.0338486      1.51471      1.57104      2.01317     -1.51999      1.54702     0.445925
    0.597215     0.895177  -0.00696033      2.01317    0.0234933     0.233318    -0.962795
    0.582504     0.895271    0.0330473      2.01317    -0.111054     0.234812    -0.821597
  -0.0338461      1.50784      1.57048      2.01317     -1.51403      1.54357     0.445742
  -0.0338169      1.51904      1.57133      2.01317     -1.52378      1.54913     0.446058
    0.606012     0.895258   -0.0308855      2.01317      0.10385     0.234614     -1.04713
    0.591668     0.895179   0.00812608      2.01317   -0.0274253     0.233343    -0.909368
  -0.0337785      1.50098      1.56978      2.01317     -1.50811      1.54001     0.445592
  -0.0338553      1.51217      1.57085      2.01317     -1.51778      1.54576     0.445853
    0.600466     0.895195   -0.0158016      2.01317    0.0532896     0.233607    -0.994061
    0.585754     0.895225    0.0242078      2.01317   -0.0815221     0.234089    -0.852598
  -0.0338287      1.50531      1.57023      2.01317     -1.51184      1.54227     0.445682
  -0.0338386       1.5165      1.57117      2.01317     -1.52156       1.5479     0.445978
    0.609262     0.895314   -0.0397226      2.01317     0.133216     0.235504     -1.07796
    0.594919     0.895173 -0.000715911      2.01317   0.00241725     0.233249    -0.940681
    0.580209     0.895311    0.0392887      2.01317    -0.131779     0.235454    -0.799835
  -0.0338531      1.50964      1.57064      2.01317     -1.51558      1.54448     0.445786
  -0.0337923      1.52112      1.57145      2.01317     -1.52561      1.55013     0.446128
    0.603717     0.895227   -0.0246425      2.01317    0.0829791     0.234119     -1.02522
    0.589005     0.895194    0.0153678      2.01317   -0.0518289     0.233587    -0.883761
  -0.0338024      1.50277      1.56997      2.01317     -1.50965      1.54095     0.445628
  -0.0338505      1.51425      1.57101      2.01317     -1.51959      1.54679     0.445911
    0.597803     0.895179  -0.00855917      2.01317    0.0288868     0.233354    -0.968455
    0.583459     0.895256    0.0304512      2.01317      -0.1024     0.234576    -0.830682
  -0.0338419       1.5071      1.57041      2.01317     -1.51338      1.54319     0.445724
  -0.0338215      1.51858       1.5713      2.01317     -1.52338      1.54891     0.446043
    0.606967     0.895273   -0.0334815      2.01317       0.1125     0.234853     -1.05621
    0.592256     0.895177   0.00652659      2.01317   -0.0220291      0.23331     -0.91503
  -0.0337671      1.50023       1.5697      2.01317     -1.50748      1.53962     0.445577
  -0.0338555      1.51171      1.57081      2.01317     -1.51738      1.54553     0.445841
  -0.0337665      1.52291      1.57155      2.01317     -1.52719      1.55098      0.44619
    0.601054       0.8952   -0.0174009      2.01317    0.0586699     0.233683    -0.999708
    0.586709     0.895215    0.0216118      2.01317    -0.072816     0.233918    -0.861735
  -0.0338246      1.50485      1.57019      2.01317     -1.51144      1.54203     0.445672
  -0.0338416      1.51604      1.57113      2.01317     -1.52116      1.54767     0.445964
    0.595507     0.895173  -0.00231552      2.01317    0.0078173     0.233256    -0.946347
    0.580796       0.8953    0.0376908      2.01317    -0.126484      0.23528    -0.805395
  -0.0338517      1.50918       1.5706      2.01317     -1.51518      1.54425     0.445774
  -0.0338018      1.52037      1.57141      2.01317     -1.52496      1.54977     0.446102
    0.604305     0.895234   -0.0262411      2.01317    0.0883318     0.234235     -1.03084
     0.58996     0.895187     0.012771      2.01317   -0.0430843     0.233483    -0.892937
  -0.0337967      1.50231      1.56993      2.01317     -1.50926      1.54071     0.445618
  -0.0338529      1.51351      1.57095      2.01317     -1.51894      1.54642      0.44589
    0.598758     0.895184   -0.0111566      2.01317    0.0376448     0.233427    -0.977644
    0.584046     0.895247    0.0288535      2.01317   -0.0970663     0.234441    -0.836281
  -0.0338389      1.50664      1.57036      2.01317     -1.51299      1.54296     0.445713
  -0.0338258      1.51812      1.57127      2.01317     -1.52298      1.54869     0.446029
    0.607555     0.895283   -0.0350797      2.01317     0.117816     0.235009     -1.06179
    0.592844     0.895175   0.00492746      2.01317   -0.0166328     0.233283    -0.920693
  -0.0338555      1.51126      1.57077      2.01317     -1.51698       1.5453     0.445828
  -0.0337736      1.52245      1.57152      2.01317     -1.52679      1.55076     0.446174
    0.601642     0.895205   -0.0189987      2.01317    0.0640413     0.233766     -1.00534
    0.587297     0.895209     0.020013      2.01317   -0.0674482     0.233823    -0.867369
  -0.0338173       1.5041      1.57011      2.01317      -1.5108      1.54165     0.445656
  -0.0338443      1.51558       1.5711      2.01317     -1.52076      1.54745     0.445951
    0.596095     0.895174  -0.00391448      2.01317    0.0132146     0.233271     -0.95201
    0.581751     0.895283    0.0350948      2.01317    -0.117865     0.235011    -0.814445
  -0.0338489      1.50843      1.57053      2.01317     -1.51454      1.54387     0.445756
  -0.0338073      1.51991      1.57138      2.01317     -1.52455      1.54955     0.446087
     0.60526     0.895247   -0.0288383      2.01317    0.0970161      0.23444     -1.03996
    0.590548     0.895184    0.0111725      2.01317   -0.0376975     0.233428    -0.898589
  -0.0337868      1.50157      1.56984      2.01317     -1.50862      1.54032     0.445603
   -0.033854      1.51305      1.57092      2.01317     -1.51854      1.54619     0.445877
    0.599346     0.895187   -0.0127562      2.01317     0.043035     0.233482    -0.983301
    0.584634     0.895239    0.0272558      2.01317    -0.091726     0.234313    -0.841887
  -0.0338357      1.50618      1.57032      2.01317     -1.51259      1.54272     0.445702
  -0.0338321      1.51738      1.57123      2.01317     -1.52233      1.54832     0.446005
    0.608142     0.895293   -0.0366764      2.01317     0.123119     0.235172     -1.06736
    0.593799     0.895173   0.00233001      2.01317  -0.00786545     0.233257    -0.929892
  -0.0338549      1.51051      1.57071      2.01317     -1.51634      1.54492     0.445808
  -0.0337803      1.52199       1.5715      2.01317     -1.52638      1.55054     0.446158
    0.602597     0.895215   -0.0215959      2.01317    0.0727636     0.233918      -1.0145
    0.587885     0.895203    0.0184155      2.01317   -0.0620803     0.233735    -0.873002
  -0.0338124      1.50364      1.57007      2.01317      -1.5104      1.54141     0.445646
  -0.0338481      1.51484      1.57105      2.01317     -1.52011      1.54708     0.445929
    0.596683     0.895175  -0.00551301      2.01317    0.0186097     0.233292    -0.957671
    0.582339     0.895274    0.0334967      2.01317     -0.11255     0.234854    -0.820026
  -0.0338481      1.50826      1.57051      2.01317     -1.51439      1.54379     0.445752
  -0.0338124      1.51945      1.57135      2.01317     -1.52415      1.54933     0.446072
     0.60548      0.89525   -0.0294366      2.01317    0.0990143      0.23449     -1.04205
    0.591136     0.895181   0.00957346      2.01317   -0.0323067      0.23338    -0.904246
  -0.0337803      1.50111      1.56979      2.01317     -1.50823      1.54008     0.445594
  -0.0338548      1.51259      1.57088      2.01317     -1.51814      1.54597     0.445864
    0.599934     0.895191   -0.0143527      2.01317    0.0484124     0.233544    -0.988943
    0.585222     0.895232    0.0256572      2.01317   -0.0863767     0.234192    -0.847502
  -0.0338298      1.50544      1.57025      2.01317     -1.51195      1.54234     0.445685
  -0.0338356      1.51692       1.5712      2.01317     -1.52192       1.5481     0.445991
    0.609097     0.895311   -0.0392725      2.01317     0.131726     0.235453      -1.0764
    0.594387     0.895173  0.000732124      2.01317  -0.00247124     0.233249    -0.935552