   -1.23254     1.04727 0.000563264      2.0721  -0.0219508    0.022224    0.360487
    -1.2245     1.04732  -0.0262603      2.0721    0.794865   0.0318652   -0.461448
   -1.23794     1.04729   0.0185939      2.0721    -0.62614   0.0274794    0.968118
    -1.2299     1.04728 -0.00822902      2.0721    0.310305   0.0233437   0.0265537
   -1.23497     1.04728  0.00868165      2.0721   -0.326192    0.023466    0.666278
   -1.22694     1.04729  -0.0181414      2.0721    0.614544   0.0272507   -0.279577
   -1.24003     1.04731   0.0255927      2.0721     -0.7821   0.0314528     1.12541
     -1.232     1.04727 -0.00123036      2.0721   0.0479314   0.0222427    0.290263
   -1.22397     1.04732  -0.0280523      2.0721    0.827508   0.0330011   -0.494433
   -1.23706     1.04729   0.0156829      2.0721   -0.548029   0.0260701    0.889451
   -1.22903     1.04728  -0.0111419      2.0721    0.409476   0.0242382  -0.0731737
   -1.23443     1.04727  0.00689065      2.0721    -0.26235    0.023012    0.602094
   -1.22606      1.0473  -0.0210531      2.0721    0.685836    0.028791   -0.351425
   -1.23949     1.04731   0.0238018      2.0721    -0.74616    0.030369     1.08913
   -1.23146     1.04727 -0.00302148      2.0721    0.117247   0.0223737    0.220605
   -1.22343     1.04733  -0.0298433      2.0721    0.857906   0.0341709   -0.525172
   -1.23653     1.04728   0.0138906      2.0721   -0.495772   0.0252925    0.836852
   -1.22849     1.04728  -0.0129339      2.0721    0.466576    0.024903   -0.130616
   -1.23356     1.04727  0.00397873      2.0721   -0.153862   0.0224853    0.493051
   -1.22553      1.0473  -0.0228443      2.0721    0.725879   0.0298083    -0.39181
   -1.23896      1.0473   0.0220104      2.0721   -0.707581   0.0293305     1.05021
   -1.23059     1.04727 -0.00593376      2.0721    0.227278   0.0228116    0.110019
   -1.23599     1.04728   0.0120989      2.0721   -0.440351    0.024585    0.781089
   -1.22796     1.04728  -0.0147259      2.0721    0.520529   0.0256459   -0.184911
   -1.24105     1.04733    0.029008      2.0721   -0.843989   0.0336204     1.18795
   -1.23302     1.04727  0.00218654      2.0721  -0.0850285   0.0222989    0.423875
   -1.22499     1.04731  -0.0246364      2.0721    0.763227   0.0308693     -0.4295
   -1.23809     1.04729   0.0190982      2.0721   -0.638841   0.0277407    0.980915
   -1.23005     1.04727 -0.00772667      2.0721    0.292468   0.0232131    0.044486
   -1.23545     1.04728   0.0103066      2.0721   -0.381807   0.0239587    0.722203
   -1.22709     1.04729   -0.017638      2.0721    0.601405   0.0270002   -0.266343
   -1.24052     1.04732   0.0272162      2.0721   -0.812559   0.0324675     1.15618