  -0.312605     1.27715   0.0048666      1.7396  -0.0373901    0.124937    -1.80999
  -0.310172     1.27715   -0.010136      1.7396   0.0777527    0.125234    -1.92614
  -0.314324     1.27715    0.015459      1.7396   -0.118258    0.125745    -1.72841
   -0.31189     1.27714 0.000458479      1.7396 -0.00352354    0.124848    -1.84415
  -0.309457     1.27715  -0.0145445      1.7396    0.111325    0.125642    -1.96001
  -0.313884     1.27715   0.0127456      1.7396  -0.0976512    0.125458     -1.7492
   -0.31145     1.27714 -0.00225389      1.7396   0.0173242    0.124867    -1.86518
  -0.309017     1.27715  -0.0172563      1.7396    0.131853    0.125964    -1.98072
  -0.313444     1.27715   0.0100343      1.7396   -0.076974    0.125226    -1.77006
  -0.311011     1.27715 -0.00496763      1.7396    0.038167     0.12494    -1.88621
  -0.312729     1.27715  0.00562632      1.7396  -0.0432201    0.124967    -1.80411
  -0.310296     1.27715  -0.0093742      1.7396   0.0719303    0.125178    -1.92027
  -0.314723     1.27715   0.0179166      1.7396   -0.136833    0.126051    -1.70967