    -0.57649       1.5437      1.57077      1.94984     -1.54563      1.56075    -0.123312
   -0.576412      1.55499      1.57103      1.94984     -1.55603      1.56517    -0.123146
   0.0465085     0.933275   -0.0198397      1.94984    0.0622722     0.259054     -1.52203
   0.0328035     0.933275    0.0199998      1.94984   -0.0627724     0.259063     -1.39114
   -0.576451      1.53694      1.57044      1.94984     -1.53948      1.55794    -0.123353
    -0.57648      1.54824      1.57092      1.94984      -1.5498      1.56256     -0.12326
    0.041209     0.933244  -0.00443472      1.94984    0.0139389     0.258539     -1.47144
   -0.576484       1.5412      1.57066      1.94984     -1.54335      1.55972    -0.123332
   -0.576444       1.5525      1.57101      1.94984     -1.55372      1.56422    -0.123193
   0.0496141     0.933311    -0.028867      1.94984    0.0904611     0.259658     -1.55155
   0.0355584     0.933254    0.0119918      1.94984   -0.0376731      0.25871     -1.41742
   -0.576421      1.53445      1.57029      1.94984     -1.53722      1.55688    -0.123358
    -0.57649      1.54574      1.57084      1.94984      -1.5475      1.56157    -0.123291
   0.0443151     0.933257   -0.0134639      1.94984     0.042293     0.258762     -1.50112
   0.0302593     0.933304    0.0273952      1.94984   -0.0858741     0.259544     -1.36695
    -0.57647      1.53899      1.57055      1.94984     -1.54134       1.5588    -0.123345
   -0.576469         1.55      1.57096      1.94984     -1.55142      1.56326    -0.123234
   0.0386644     0.933243   0.00296247      1.94984  -0.00931122     0.258524      -1.4471
    -0.57649      1.54325      1.57075      1.94984     -1.54522      1.56056    -0.123316
   -0.576418      1.55454      1.57103      1.94984     -1.55561        1.565    -0.123155
   0.0470699      0.93328   -0.0214719      1.94984    0.0673784     0.259147     -1.52738
    0.033365      0.93327    0.0183677      1.94984   -0.0576632     0.258977     -1.39649
   -0.576447      1.53649      1.57041      1.94984     -1.53907      1.55775    -0.123355
   -0.576484      1.54751       1.5709      1.94984     -1.54912      1.56227     -0.12327
   0.0417706     0.933245   -0.0060671      1.94984    0.0190683     0.258563     -1.47681
   0.0280663     0.933336    0.0337691      1.94984    -0.105704     0.260079     -1.34619
   -0.576481      1.54075      1.57064      1.94984     -1.54294      1.55954    -0.123335
   -0.576449      1.55205        1.571      1.94984      -1.5533      1.56405    -0.123201
   0.0501755     0.933319   -0.0304987      1.94984    0.0955407     0.259791     -1.55687
    0.036471      0.93325   0.00933891      1.94984    -0.029345     0.258632     -1.42613
   -0.576414        1.534      1.57026      1.94984     -1.53681      1.55668    -0.123359
    -0.57649      1.54529      1.57083      1.94984     -1.54709      1.56139    -0.123296
   0.0448766     0.933261   -0.0150961      1.94984    0.0474119     0.258826     -1.50648
   0.0308207     0.933297    0.0257633      1.94984   -0.0807845     0.259425     -1.37228
   -0.576464      1.53826      1.57051      1.94984     -1.54067       1.5585    -0.123348
   -0.576472      1.54955      1.57095      1.94984       -1.551      1.56308    -0.123241
   0.0395771     0.933242  0.000309475      1.94984 -0.000972427     0.258512     -1.45583
   -0.576488      1.54251      1.57072      1.94984     -1.54455      1.56026    -0.123322
   -0.576428      1.55381      1.57102      1.94984     -1.55493      1.56472    -0.123169
   0.0479824      0.93329   -0.0241242      1.94984    0.0756678     0.259313     -1.53606
   0.0339265     0.933265    0.0167355      1.94984   -0.0525501     0.258898     -1.40184
   -0.576438      1.53576      1.57037      1.94984      -1.5384      1.55744    -0.123356
   -0.576486      1.54706      1.57088      1.94984     -1.54871      1.56209    -0.123275
   0.0423321     0.933247  -0.00769936      1.94984    0.0241962     0.258594     -1.48218
   0.0286276     0.933327    0.0321376      1.94984    -0.100637     0.259931      -1.3515
   -0.576479       1.5403      1.57062      1.94984     -1.54253      1.55935    -0.123338
   -0.576454       1.5516      1.57099      1.94984     -1.55289      1.56387    -0.123209
   0.0507369     0.933327   -0.0321304      1.94984     0.100615     0.259931     -1.56218
   0.0370325     0.933247   0.00770655      1.94984   -0.0242182     0.258594      -1.4315
   -0.576491      1.54456       1.5708      1.94984     -1.54642      1.56109    -0.123303
   0.0457891     0.933268   -0.0177488      1.94984    0.0557252     0.258946     -1.51518
   0.0317332     0.933286     0.023111      1.94984   -0.0725018     0.259247     -1.38096
    -0.57646      1.53781      1.57049      1.94984     -1.54026      1.55831     -0.12335
   -0.576477      1.54882      1.57093      1.94984     -1.55033      1.56279    -0.123252
   0.0401386     0.933242  -0.00132281      1.94984   0.00415825     0.258515      -1.4612
   -0.576487      1.54206       1.5707      1.94984     -1.54414      1.56008    -0.123326
   -0.576434      1.55336      1.57102      1.94984     -1.55451      1.56455    -0.123178
   0.0485438     0.933297    -0.025756      1.94984    0.0807623     0.259424     -1.54139
    0.034839     0.933259    0.0140829      1.94984   -0.0442339     0.258785     -1.41055
   -0.576432      1.53531      1.57034      1.94984     -1.53799      1.55724    -0.123357
   -0.576488      1.54632      1.57086      1.94984     -1.54803       1.5618    -0.123284
   0.0432447     0.933251   -0.0103522      1.94984    0.0325274      0.25866      -1.4909
     0.02954     0.933314    0.0294857      1.94984   -0.0923874     0.259707     -1.36013
   -0.576474      1.53957      1.57058      1.94984     -1.54186      1.55904    -0.123342
   -0.576461      1.55086      1.57098      1.94984     -1.55221      1.56359    -0.123221
   0.0516493     0.933342    -0.034782      1.94984     0.108848     0.260174      -1.5708
   0.0379451     0.933245   0.00505364      1.94984   -0.0158832     0.258547     -1.44022
   -0.576491      1.54411      1.57078      1.94984     -1.54601      1.56091    -0.123308
   0.0463506     0.933273   -0.0193809      1.94984    0.0608359     0.259029     -1.52053
   0.0322946      0.93328     0.021479      1.94984   -0.0674002     0.259147      -1.3863
   -0.576456      1.53735      1.57046      1.94984     -1.53985      1.55811    -0.123352
    -0.57648      1.54837      1.57092      1.94984     -1.54991      1.56261    -0.123258
   0.0407001     0.933243  -0.00295515      1.94984   0.00928889     0.258524     -1.46657
   -0.576485      1.54161      1.57068      1.94984     -1.54373      1.55989    -0.123329
    -0.57644      1.55291      1.57101      1.94984      -1.5541      1.56438    -0.123186
   0.0494563     0.933309   -0.0284082      1.94984    0.0890321     0.259622     -1.55005
   0.0354005     0.933255    0.0124507      1.94984   -0.0391133     0.258726     -1.41591
   -0.576426      1.53486      1.57031      1.94984     -1.53759      1.55705    -0.123358
   -0.576489      1.54615      1.57086      1.94984     -1.54788      1.56173    -0.123286
   0.0438062     0.933254   -0.0119845      1.94984    0.0376511      0.25871     -1.49626
   0.0297504     0.933311    0.0288742      1.94984    -0.090483     0.259658     -1.36213
   -0.576471      1.53912      1.57056      1.94984     -1.54145      1.55886    -0.123344
   -0.576465      1.55041      1.57097      1.94984     -1.55179      1.56341    -0.123228
   0.0385066     0.933243   0.00342141      1.94984   -0.0107536     0.258528     -1.44559