     0.61901      1.05354     -1.57881      1.91795      1.07742       1.4084     -2.91205
     0.61901      1.05354     -1.57881      1.91795     -2.06417      -1.4084     0.229543
    0.619116      1.04235     -1.57092      1.91795      1.06868      1.39851     -2.90654
    0.619116      1.04235     -1.57092      1.91795     -2.07291     -1.39851     0.235048
    0.619015      1.03115     -1.56266      1.91795      1.05996      1.38841      -2.9009
    0.619015      1.03115     -1.56266      1.91795     -2.08164     -1.38841     0.240691
   -0.032783     0.535174   -0.0521559      1.91795    0.0418057       0.6895     -1.76189
   -0.032783     0.535174   -0.0521559      1.91795     -3.09979      -0.6895       1.3797
  -0.0547298     0.534867   -0.0115848      1.91795   0.00929005     0.688831     -1.72384
  -0.0547298     0.534867   -0.0115848      1.91795      -3.1323    -0.688831      1.41775
  -0.0761401     0.534944    0.0279882      1.91795   -0.0224413     0.688999     -1.68671
  -0.0761401     0.534944    0.0279882      1.91795     -3.16403    -0.688999      1.45488
   -0.741079      1.03596      1.56625      1.91795      -1.0637      1.39277    -0.522598
   -0.741079      1.03596      1.56625      1.91795     -4.20529     -1.39277      2.61899
   -0.741093      1.04687      1.57415      1.91795     -1.07222      1.40253    -0.517153
   -0.741093      1.04687      1.57415      1.91795     -4.21381     -1.40253      2.62444
    0.619077      1.04904     -1.57568      1.91795      1.07391      1.40445     -2.90985
    0.619077      1.04904     -1.57568      1.91795     -2.06768     -1.40445      0.23174
    0.619102      1.03813     -1.56785      1.91795      1.06539      1.39472     -2.90443
    0.619102      1.03813     -1.56785      1.91795      -2.0762     -1.39472     0.237159
  -0.0416016     0.535003   -0.0358515      1.91795    0.0287441     0.689129     -1.74661
  -0.0416016     0.535003   -0.0358515      1.91795     -3.11285    -0.689129      1.39499
  -0.0630096     0.534852   0.00371836      1.91795  -0.00298173       0.6888     -1.70948
  -0.0630096     0.534852   0.00371836      1.91795     -3.14457      -0.6888      1.43211
  -0.0849619     0.535084    0.0442966      1.91795   -0.0355105     0.689304     -1.67141
  -0.0849619     0.535084    0.0442966      1.91795      -3.1771    -0.689304      1.47018
   -0.741108      1.04018      1.56934      1.91795     -1.06699      1.39657    -0.520477
   -0.741108      1.04018      1.56934      1.91795     -4.20858     -1.39657      2.62112
   -0.741042      1.05137      1.57731      1.91795     -1.07573       1.4065    -0.514946
   -0.741042      1.05137      1.57731      1.91795     -4.21732      -1.4065      2.62665
     0.61911      1.04482     -1.57269      1.91795      1.07061      1.40071     -2.90777
     0.61911      1.04482     -1.57269      1.91795     -2.07098     -1.40071      0.23382
    0.619055      1.03363     -1.56451      1.91795      1.06188      1.39066     -2.90216
    0.619055      1.03363     -1.56451      1.91795     -2.07971     -1.39066     0.239432
   -0.027939     0.535294   -0.0611139      1.91795    0.0489774     0.689762     -1.77029
   -0.027939     0.535294   -0.0611139      1.91795     -3.09262    -0.689762      1.37131
  -0.0498776     0.534901   -0.0205532      1.91795    0.0164811     0.688906     -1.73226
  -0.0498776     0.534901   -0.0205532      1.91795     -3.12511    -0.688906      1.40934
  -0.0718372     0.534898    0.0200345      1.91795    -0.016065       0.6889     -1.69417
  -0.0718372     0.534898    0.0200345      1.91795     -3.15766      -0.6889      1.44742
   -0.093229     0.535272    0.0595835      1.91795   -0.0477523     0.689714     -1.65709
   -0.093229     0.535272    0.0595835      1.91795     -3.18934    -0.689714      1.48451
   -0.741048      1.03348      1.56441      1.91795     -1.06177      1.39053    -0.523851
   -0.741048      1.03348      1.56441      1.91795     -4.20337     -1.39053      2.61774
   -0.741107       1.0444      1.57239      1.91795     -1.07028      1.40033    -0.518376
   -0.741107       1.0444      1.57239      1.91795     -4.21188     -1.40033      2.62322
    0.619044      1.05152     -1.57741      1.91795      1.07584      1.40662     -2.91106
    0.619044      1.05152     -1.57741      1.91795     -2.06575     -1.40662     0.230529
    0.619113      1.04032     -1.56945      1.91795       1.0671      1.39669     -2.90553
    0.619113      1.04032     -1.56945      1.91795     -2.07449     -1.39669     0.236059
  -0.0367532     0.535089    -0.044815      1.91795     0.035926     0.689316     -1.75501
  -0.0367532     0.535089    -0.044815      1.91795     -3.10567    -0.689316      1.38658
  -0.0581567     0.534854  -0.00525098      1.91795   0.00421101     0.688804      -1.7179
  -0.0581567     0.534854  -0.00525098      1.91795     -3.13738    -0.688804       1.4237
  -0.0801134     0.534999     0.035333      1.91795   -0.0283283     0.689119     -1.67982
  -0.0801134     0.534999     0.035333      1.91795     -3.16992    -0.689119      1.46177
   -0.741095      1.03771      1.56754      1.91795     -1.06506      1.39434    -0.521718
   -0.741095      1.03771      1.56754      1.91795     -4.20666     -1.39434      2.61987
   -0.741074       1.0489      1.57558      1.91795      -1.0738      1.40432    -0.516156
   -0.741074       1.0489      1.57558      1.91795     -4.21539     -1.40432      2.62544
    0.619094       1.0473     -1.57445      1.91795      1.07255      1.40291     -2.90899
    0.619094       1.0473     -1.57445      1.91795     -2.06905     -1.40291     0.232598
    0.619085       1.0361     -1.56635      1.91795      1.06381       1.3929     -2.90341
    0.619085       1.0361     -1.56635      1.91795     -2.07778      -1.3929      0.23818
  -0.0450265     0.534954   -0.0295202      1.91795    0.0236696     0.689022     -1.74067
  -0.0450265     0.534954   -0.0295202      1.91795     -3.11792    -0.689022      1.40093
   -0.066985     0.534865    0.0110661      1.91795  -0.00887388     0.688828     -1.70259
   -0.066985     0.534865    0.0110661      1.91795     -3.15047    -0.688828      1.43901
  -0.0883845     0.535155     0.050625      1.91795   -0.0405795     0.689459     -1.66548
  -0.0883845     0.535155     0.050625      1.91795     -3.18217    -0.689459      1.47611
   -0.741007      1.03101      1.56255      1.91795     -1.05984      1.38828     -0.52511
   -0.741007      1.03101      1.56255      1.91795     -4.20144     -1.38828      2.61648
   -0.741111      1.04221      1.57081      1.91795     -1.06857      1.39838    -0.519466
   -0.741111      1.04221      1.57081      1.91795     -4.21017     -1.39838      2.62213
   -0.741013      1.05312      1.57852      1.91795     -1.07709      1.40803    -0.514095
   -0.741013      1.05312      1.57852      1.91795     -4.21869     -1.40803       2.6275
    0.619001      1.05399     -1.57912      1.91795      1.07777      1.40879     -2.91227
    0.619001      1.05399     -1.57912      1.91795     -2.06382     -1.40879     0.229325
    0.619116       1.0428     -1.57124      1.91795      1.06903      1.39891     -2.90677
    0.619116       1.0428     -1.57124      1.91795     -2.07256     -1.39891     0.234826
    0.619028      1.03188      -1.5632      1.91795      1.06052      1.38907     -2.90127
    0.619028      1.03188      -1.5632      1.91795     -2.08107     -1.38907      0.24032
  -0.0319071     0.535194   -0.0537757      1.91795    0.0431028     0.689544     -1.76341
  -0.0319071     0.535194   -0.0537757      1.91795     -3.09849    -0.689544      1.37818
  -0.0533041     0.534875   -0.0142198      1.91795     0.011403     0.688849     -1.72631
  -0.0533041     0.534875   -0.0142198      1.91795     -3.13019    -0.688849      1.41528
  -0.0752632     0.534933     0.026367      1.91795   -0.0211418     0.688976     -1.68823
  -0.0752632     0.534933     0.026367      1.91795     -3.16273    -0.688976      1.45336
   -0.741071      1.03523      1.56571      1.91795     -1.06313      1.39211    -0.522965
   -0.741071      1.03523      1.56571      1.91795     -4.20473     -1.39211      2.61863
   -0.741097      1.04643      1.57383      1.91795     -1.07187      1.40213    -0.517373
   -0.741097      1.04643      1.57383      1.91795     -4.21346     -1.40213      2.62422
    0.619072      1.04949       -1.576      1.91795      1.07426      1.40484     -2.91007
    0.619072      1.04949       -1.576      1.91795     -2.06733     -1.40484     0.231521
    0.619105      1.03857     -1.56817      1.91795      1.06574      1.39513     -2.90466
    0.619105      1.03857     -1.56817      1.91795     -2.07585     -1.39513     0.236935
  -0.0401769     0.535027   -0.0384853      1.91795    0.0308546     0.689179     -1.74908
  -0.0401769     0.535027   -0.0384853      1.91795     -3.11074    -0.689179      1.39252
  -0.0621323     0.534851   0.00209701      1.91795  -0.00168153     0.688798       -1.711
  -0.0621323     0.534851   0.00209701      1.91795     -3.14327    -0.688798      1.43059
  -0.0835376     0.535057    0.0416633      1.91795   -0.0334008     0.689245     -1.67388
  -0.0835376     0.535057    0.0416633      1.91795     -3.17499    -0.689245      1.46771
   -0.741107      1.03973      1.56902      1.91795     -1.06664      1.39616    -0.520701
   -0.741107      1.03973      1.56902      1.91795     -4.20824     -1.39616      2.62089
   -0.741052      1.05065       1.5768      1.91795     -1.07516      1.40586    -0.515301
   -0.741052      1.05065       1.5768      1.91795     -4.21675     -1.40586      2.62629
    0.619108      1.04527     -1.57301      1.91795      1.07096      1.40111     -2.90799
    0.619108      1.04527     -1.57301      1.91795     -2.07063     -1.40111     0.233599
    0.619061      1.03408     -1.56485      1.91795      1.06223      1.39106     -2.90239
    0.619061      1.03408     -1.56485      1.91795     -2.07936     -1.39106     0.239206
  -0.0270636     0.535318   -0.0627329      1.91795    0.0502732     0.689814      -1.7718
  -0.0270636     0.535318   -0.0627329      1.91795     -3.09132    -0.689814      1.36979
  -0.0490006     0.534909   -0.0221742      1.91795    0.0177808     0.688924     -1.73378
  -0.0490006     0.534909   -0.0221742      1.91795     -3.12381    -0.688924      1.40782
  -0.0704117     0.534887    0.0173996      1.91795   -0.0139524     0.688875     -1.69664
  -0.0704117     0.534887    0.0173996      1.91795     -3.15554    -0.688875      1.44495
  -0.0923534     0.535249    0.0579643      1.91795   -0.0464561     0.689665      -1.6586
  -0.0923534     0.535249    0.0579643      1.91795     -3.18805    -0.689665      1.48299
   -0.741037      1.03276      1.56386      1.91795     -1.06121      1.38987     -0.52422
   -0.741037      1.03276      1.56386      1.91795      -4.2028     -1.38987      2.61737
   -0.741109      1.04395      1.57207      1.91795     -1.06994      1.39994    -0.518597
   -0.741109      1.04395      1.57207      1.91795     -4.21153     -1.39994        2.623
    0.619033      1.05224     -1.57792      1.91795      1.07641      1.40726     -2.91142
    0.619033      1.05224     -1.57792      1.91795     -2.06518     -1.40726     0.230175
    0.619115      1.04105     -1.56998      1.91795      1.06767      1.39735      -2.9059
    0.619115      1.04105     -1.56998      1.91795     -2.07392     -1.39735     0.235696
    0.618989      1.02986     -1.56167      1.91795      1.05894      1.38722     -2.90024
    0.618989      1.02986     -1.56167      1.91795     -2.08265     -1.38722     0.241356
  -0.0353291     0.535118    -0.047448      1.91795    0.0380352     0.689378     -1.75748
  -0.0353291     0.535118    -0.047448      1.91795     -3.10356    -0.689378      1.38411
  -0.0572794     0.534856  -0.00687233      1.91795   0.00551119     0.688809     -1.71942
  -0.0572794     0.534856  -0.00687233      1.91795     -3.13608    -0.688809      1.42217
  -0.0792367     0.534986    0.0337123      1.91795   -0.0270294      0.68909     -1.68134
  -0.0792367     0.534986    0.0337123      1.91795     -3.16862     -0.68909      1.46025
   -0.741091      1.03726       1.5672      1.91795     -1.06471      1.39394    -0.521943
   -0.741091      1.03726       1.5672      1.91795     -4.20631     -1.39394      2.61965
   -0.741082      1.04817      1.57507      1.91795     -1.07323      1.40368    -0.516513
   -0.741082      1.04817      1.57507      1.91795     -4.21482     -1.40368      2.62508
     0.61909      1.04774     -1.57477      1.91795      1.07289       1.4033     -2.90921
     0.61909      1.04774     -1.57477      1.91795      -2.0687      -1.4033     0.232379
    0.619092      1.03683     -1.56689      1.91795      1.06438      1.39355     -2.90378
    0.619092      1.03683     -1.56689      1.91795     -2.07721     -1.39355     0.237813
  -0.0441497     0.534966    -0.031141      1.91795    0.0249688     0.689047     -1.74219
  -0.0441497     0.534966    -0.031141      1.91795     -3.11662    -0.689047      1.39941
  -0.0661078     0.534861   0.00944462      1.91795  -0.00757367      0.68882     -1.70411
  -0.0661078     0.534861   0.00944462      1.91795     -3.14917     -0.68882      1.43749
  -0.0875085     0.535136    0.0490052      1.91795   -0.0392822     0.689417       -1.667
  -0.0875085     0.535136    0.0490052      1.91795     -3.18087    -0.689417      1.47459
   -0.740999      1.03056      1.56221      1.91795      -1.0595      1.38787    -0.525339
   -0.740999      1.03056      1.56221      1.91795     -4.20109     -1.38787      2.61625
   -0.741111      1.04148      1.57029      1.91795     -1.06801      1.39773    -0.519828
   -0.741111      1.04148      1.57029      1.91795      -4.2096     -1.39773      2.62176
   -0.741021      1.05267      1.57821      1.91795     -1.07674      1.40764    -0.514312
   -0.741021      1.05267      1.57821      1.91795     -4.21834     -1.40764      2.62728
    0.619115      1.04352     -1.57176      1.91795       1.0696      1.39955     -2.90713
    0.619115      1.04352     -1.57176      1.91795     -2.07199     -1.39955     0.234465
    0.619035      1.03233     -1.56354      1.91795      1.06087      1.38948      -2.9015
    0.619035      1.03233     -1.56354      1.91795     -2.08072     -1.38948     0.240093
  -0.0310313     0.535215   -0.0553952      1.91795    0.0443995      0.68959     -1.76493
  -0.0310313     0.535215   -0.0553952      1.91795     -3.09719     -0.68959      1.37666
  -0.0524269     0.534881   -0.0158411      1.91795     0.012703     0.688862     -1.72783
  -0.0524269     0.534881   -0.0158411      1.91795     -3.12889    -0.688862      1.41376
  -0.0743862     0.534923    0.0247461      1.91795   -0.0198424     0.688955     -1.68975
  -0.0743862     0.534923    0.0247461      1.91795     -3.16144    -0.688955      1.45184
   -0.741066      1.03478      1.56538      1.91795     -1.06279       1.3917    -0.523192
   -0.741066      1.03478      1.56538      1.91795     -4.20438      -1.3917       2.6184
     -0.7411      1.04598      1.57352      1.91795     -1.07152      1.40174    -0.517594
     -0.7411      1.04598      1.57352      1.91795     -4.21311     -1.40174        2.624
    0.619066      1.04994     -1.57631      1.91795      1.07461      1.40524     -2.91029
    0.619066      1.04994     -1.57631      1.91795     -2.06699     -1.40524     0.231302
    0.619108      1.03902      -1.5685      1.91795      1.06609      1.39553     -2.90488
    0.619108      1.03902      -1.5685      1.91795      -2.0755     -1.39553      0.23671
  -0.0393003     0.535042   -0.0401058      1.91795    0.0321531     0.689212      -1.7506
  -0.0393003     0.535042   -0.0401058      1.91795     -3.10944    -0.689212        1.391
   -0.061255     0.534851  0.000475485      1.91795 -0.000381183     0.688797     -1.71252
   -0.061255     0.534851  0.000475485      1.91795     -3.14197    -0.688797      1.42907
  -0.0826611     0.535041    0.0400429      1.91795   -0.0321025     0.689211      -1.6754
  -0.0826611     0.535041    0.0400429      1.91795      -3.1737    -0.689211      1.46619
   -0.741103        1.039      1.56849      1.91795     -1.06608      1.39551    -0.521065
   -0.741103        1.039      1.56849      1.91795     -4.20767     -1.39551      2.62053
   -0.741058       1.0502      1.57649      1.91795     -1.07481      1.40547    -0.515519
   -0.741058       1.0502      1.57649      1.91795      -4.2164     -1.40547      2.62607
    0.619104        1.046     -1.57353      1.91795      1.07153      1.40175     -2.90835
    0.619104        1.046     -1.57353      1.91795     -2.07006     -1.40175      0.23324
    0.619071       1.0348     -1.56539      1.91795       1.0628      1.39172     -2.90276
    0.619071       1.0348     -1.56539      1.91795     -2.07879     -1.39172     0.238837
  -0.0475752     0.534924    -0.024809      1.91795     0.019893     0.688956     -1.73625
  -0.0475752     0.534924    -0.024809      1.91795      -3.1217    -0.688956      1.40534
  -0.0695345      0.53488    0.0157783      1.91795   -0.0126524     0.688861     -1.69816
  -0.0695345      0.53488    0.0157783      1.91795     -3.15425    -0.688861      1.44343
  -0.0909302     0.535214    0.0553324      1.91795    -0.044349     0.689588     -1.66107
  -0.0909302     0.535214    0.0553324      1.91795     -3.18594    -0.689588      1.48052
    -0.74103      1.03231      1.56353      1.91795     -1.06086      1.38946    -0.524448
    -0.74103      1.03231      1.56353      1.91795     -4.20245     -1.38946      2.61714
    -0.74111       1.0435      1.57175      1.91795     -1.06959      1.39954     -0.51882
    -0.74111       1.0435      1.57175      1.91795     -4.21118     -1.39954      2.62277
    0.619025      1.05269     -1.57822      1.91795      1.07676      1.40765     -2.91164
    0.619025      1.05269     -1.57822      1.91795     -2.06484     -1.40765     0.229957
    0.619116       1.0415      -1.5703      1.91795      1.06802      1.39774     -2.90612
    0.619116       1.0415      -1.5703      1.91795     -2.07357     -1.39774     0.235474
    0.618998       1.0303     -1.56201      1.91795      1.05929      1.38763     -2.90047
    0.618998       1.0303     -1.56201      1.91795      -2.0823     -1.38763     0.241127
   -0.034453     0.535136   -0.0490679      1.91795    0.0393327     0.689419       -1.759
   -0.034453     0.535136   -0.0490679      1.91795     -3.10226    -0.689419       1.3826
  -0.0564022     0.534859  -0.00849371      1.91795   0.00681138     0.688815     -1.72094
  -0.0564022     0.534859  -0.00849371      1.91795     -3.13478    -0.688815      1.42065
  -0.0778118     0.534965    0.0310781      1.91795   -0.0249182     0.689046     -1.68381
  -0.0778118     0.534965    0.0310781      1.91795     -3.16651    -0.689046      1.45778
   -0.741085      1.03653      1.56667      1.91795     -1.06415      1.39328    -0.522309
   -0.741085      1.03653      1.56667      1.91795     -4.20574     -1.39328      2.61928
   -0.741086      1.04773      1.57475      1.91795     -1.07288      1.40328    -0.516734
   -0.741086      1.04773      1.57475      1.91795     -4.21447     -1.40328      2.62486
    0.619086      1.04819     -1.57508      1.91795      1.07324       1.4037     -2.90943
    0.619086      1.04819     -1.57508      1.91795     -2.06835      -1.4037     0.232159
    0.619096      1.03728     -1.56722      1.91795      1.06473      1.39395       -2.904
    0.619096      1.03728     -1.56722      1.91795     -2.07686     -1.39395     0.237588
  -0.0427247     0.534986   -0.0337751      1.91795      0.02708     0.689092     -1.74466
  -0.0427247     0.534986   -0.0337751      1.91795     -3.11451    -0.689092      1.39693
   -0.064682     0.534856   0.00680944      1.91795  -0.00546052     0.688809     -1.70658
   -0.064682     0.534856   0.00680944      1.91795     -3.14705    -0.688809      1.43501
  -0.0866324     0.535117    0.0473851      1.91795   -0.0379846     0.689377     -1.66852
  -0.0866324     0.535117    0.0473851      1.91795     -3.17958    -0.689377      1.47307
   -0.740984      1.02984      1.56166      1.91795     -1.05893       1.3872    -0.525711
   -0.740984      1.02984      1.56166      1.91795     -4.20052      -1.3872      2.61588
    -0.74111      1.04103      1.56996      1.91795     -1.06766      1.39733    -0.520051
    -0.74111      1.04103      1.56996      1.91795     -4.20925     -1.39733      2.62154
   -0.741028      1.05222       1.5779      1.91795     -1.07639      1.40725     -0.51453
   -0.741028      1.05222       1.5779      1.91795     -4.21799     -1.40725      2.62706
    0.619113      1.04397     -1.57208      1.91795      1.06995      1.39995     -2.90735
    0.619113      1.04397     -1.57208      1.91795     -2.07164     -1.39995     0.234243
    0.619047      1.03306     -1.56409      1.91795      1.06144      1.39014     -2.90187
    0.619047      1.03306     -1.56409      1.91795     -2.08016     -1.39014     0.239723
  -0.0301556     0.535237   -0.0570146      1.91795     0.045696     0.689637     -1.76645
  -0.0301556     0.535237   -0.0570146      1.91795      -3.0959    -0.689637      1.37515
  -0.0515498     0.534887   -0.0174624      1.91795    0.0140029     0.688876     -1.72936
  -0.0515498     0.534887   -0.0174624      1.91795     -3.12759    -0.688876      1.41224
  -0.0729609     0.534909    0.0221114      1.91795   -0.0177301     0.688923     -1.69222
  -0.0729609     0.534909    0.0221114      1.91795     -3.15932    -0.688923      1.44937
    -0.74106      1.03434      1.56504      1.91795     -1.06244       1.3913    -0.523418
    -0.74106      1.03434      1.56504      1.91795     -4.20403      -1.3913      2.61817
   -0.741102      1.04553       1.5732      1.91795     -1.07117      1.40134    -0.517815
   -0.741102      1.04553       1.5732      1.91795     -4.21276     -1.40134      2.62378
    0.619057      1.05066     -1.57682      1.91795      1.07517      1.40588     -2.91065
    0.619057      1.05066     -1.57682      1.91795     -2.06642     -1.40588     0.230946
    0.619111      1.03975     -1.56903      1.91795      1.06666      1.39618     -2.90525
    0.619111      1.03975     -1.56903      1.91795     -2.07494     -1.39618     0.236346
  -0.0384239     0.535057    -0.041726      1.91795    0.0334513     0.689247     -1.75211
  -0.0384239     0.535057    -0.041726      1.91795     -3.10814    -0.689247      1.38948
  -0.0598292     0.534851  -0.00215974      1.91795   0.00173208     0.688798       -1.715
  -0.0598292     0.534851  -0.00215974      1.91795     -3.13986    -0.688798       1.4266
  -0.0817846     0.535026    0.0384225      1.91795   -0.0308041     0.689178     -1.67692
  -0.0817846     0.535026    0.0384225      1.91795      -3.1724    -0.689178      1.46467
   -0.741101      1.03856      1.56816      1.91795     -1.06573      1.39511    -0.521289
   -0.741101      1.03856      1.56816      1.91795     -4.20732     -1.39511       2.6203
   -0.741068      1.04947      1.57598      1.91795     -1.07424      1.40483    -0.515875
   -0.741068      1.04947      1.57598      1.91795     -4.21584     -1.40483      2.62572
    0.619101      1.04644     -1.57385      1.91795      1.07188      1.40215     -2.90857
    0.619101      1.04644     -1.57385      1.91795     -2.06971     -1.40215     0.233019
    0.619076      1.03525     -1.56572      1.91795      1.06315      1.39213     -2.90298
    0.619076      1.03525     -1.56572      1.91795     -2.07844     -1.39213     0.238611
  -0.0466982     0.534934     -0.02643      1.91795    0.0211925     0.688977     -1.73777
  -0.0466982     0.534934     -0.02643      1.91795      -3.1204    -0.688977      1.40382
  -0.0681089     0.534871    0.0131433      1.91795   -0.0105395     0.688842     -1.70064
  -0.0681089     0.534871    0.0131433      1.91795     -3.15213    -0.688842      1.44096
  -0.0900544     0.535193    0.0537129      1.91795   -0.0430523     0.689542     -1.66259
  -0.0900544     0.535193    0.0537129      1.91795     -3.18464    -0.689542      1.47901
   -0.741018      1.03158      1.56298      1.91795     -1.06029       1.3888    -0.524818
   -0.741018      1.03158      1.56298      1.91795     -4.20188      -1.3888      2.61677
   -0.741111      1.04306      1.57143      1.91795     -1.06924      1.39914    -0.519042
   -0.741111      1.04306      1.57143      1.91795     -4.21083     -1.39914      2.62255
   -0.740997      1.05397      1.57911      1.91795     -1.07776      1.40878     -0.51368
   -0.740997      1.05397      1.57911      1.91795     -4.21935     -1.40878      2.62791
    0.619017      1.05314     -1.57853      1.91795      1.07711      1.40804     -2.91185
    0.619017      1.05314     -1.57853      1.91795     -2.06449     -1.40804      0.22974
    0.619116      1.04194     -1.57062      1.91795      1.06837      1.39814     -2.90634
    0.619116      1.04194     -1.57062      1.91795     -2.07322     -1.39814      0.23525
    0.619012      1.03103     -1.56256      1.91795      1.05986      1.38829     -2.90084
    0.619012      1.03103     -1.56256      1.91795     -2.08173     -1.38829     0.240755
  -0.0335769     0.535156   -0.0506878      1.91795    0.0406301     0.689461     -1.76052
  -0.0335769     0.535156   -0.0506878      1.91795     -3.10096    -0.689461      1.38108
  -0.0549764     0.534865   -0.0111289      1.91795   0.00892449     0.688829     -1.72341
  -0.0549764     0.534865   -0.0111289      1.91795     -3.13267    -0.688829      1.41818
  -0.0769349     0.534954    0.0294573      1.91795    -0.023619     0.689021     -1.68533
  -0.0769349     0.534954    0.0294573      1.91795     -3.16521    -0.689021      1.45626
   -0.741081      1.03608      1.56634      1.91795      -1.0638      1.39288    -0.522535
   -0.741081      1.03608      1.56634      1.91795     -4.20539     -1.39288      2.61906
    -0.74109      1.04728      1.57444      1.91795     -1.07253      1.40289    -0.516953
    -0.74109      1.04728      1.57444      1.91795     -4.21412     -1.40289      2.62464
    0.619079      1.04892     -1.57559      1.91795      1.07381      1.40434     -2.90979
    0.619079      1.04892     -1.57559      1.91795     -2.06778     -1.40434     0.231802
    0.619099      1.03772     -1.56755      1.91795      1.06508      1.39436     -2.90423
    0.619099      1.03772     -1.56755      1.91795     -2.07652     -1.39436     0.237363
   -0.041848     0.534999   -0.0353957      1.91795    0.0283788     0.689121     -1.74618
   -0.041848     0.534999   -0.0353957      1.91795     -3.11321    -0.689121      1.39541
  -0.0638047     0.534854   0.00518804      1.91795   -0.0041603     0.688804      -1.7081
  -0.0638047     0.534854   0.00518804      1.91795     -3.14575    -0.688804      1.43349
  -0.0852083     0.535088    0.0447521      1.91795   -0.0358755     0.689314     -1.67099
  -0.0852083     0.535088    0.0447521      1.91795     -3.17747    -0.689314      1.47061
   -0.740981      1.02967      1.56153      1.91795      -1.0588      1.38705    -0.525796
   -0.740981      1.02967      1.56153      1.91795     -4.20039     -1.38705       2.6158
   -0.741109       1.0403      1.56944      1.91795     -1.06709      1.39668    -0.520414
   -0.741109       1.0403      1.56944      1.91795     -4.20868     -1.39668      2.62118
    -0.74104       1.0515       1.5774      1.91795     -1.07583      1.40661    -0.514884
    -0.74104       1.0515       1.5774      1.91795     -4.21742     -1.40661      2.62671
    0.619111       1.0447      -1.5726      1.91795      1.07052       1.4006     -2.90771
    0.619111       1.0447      -1.5726      1.91795     -2.07108      -1.4006     0.233882
    0.619053       1.0335     -1.56442      1.91795      1.06179      1.39054      -2.9021
    0.619053       1.0335     -1.56442      1.91795     -2.07981     -1.39054     0.239495
  -0.0287325     0.535273   -0.0596461      1.91795    0.0478026     0.689716     -1.76891
  -0.0287325     0.535273   -0.0596461      1.91795     -3.09379    -0.689716      1.37268
  -0.0501242     0.534899   -0.0200973      1.91795    0.0161156     0.688901     -1.73183
  -0.0501242     0.534899   -0.0200973      1.91795     -3.12548    -0.688901      1.40977
  -0.0720838       0.5349    0.0204903      1.91795   -0.0164304     0.688905     -1.69374
  -0.0720838       0.5349    0.0204903      1.91795     -3.15802    -0.688905      1.44785
  -0.0934752     0.535279    0.0600388      1.91795   -0.0481167     0.689728     -1.65666
  -0.0934752     0.535279    0.0600388      1.91795     -3.18971    -0.689728      1.48493
    -0.74105      1.03361       1.5645      1.91795     -1.06187      1.39064    -0.523787
    -0.74105      1.03361       1.5645      1.91795     -4.20346     -1.39064      2.61781
   -0.741107      1.04452      1.57248      1.91795     -1.07038      1.40045    -0.518314
   -0.741107      1.04452      1.57248      1.91795     -4.21198     -1.40045      2.62328
    0.619046      1.05139     -1.57732      1.91795      1.07574      1.40651       -2.911
    0.619046      1.05139     -1.57732      1.91795     -2.06585     -1.40651     0.230591
    0.619113       1.0402     -1.56936      1.91795      1.06701      1.39658     -2.90547
    0.619113       1.0402     -1.56936      1.91795     -2.07459     -1.39658     0.236122
  -0.0369996     0.535084   -0.0443595      1.91795    0.0355611     0.689305     -1.75458
  -0.0369996     0.535084   -0.0443595      1.91795     -3.10603    -0.689305      1.38701
  -0.0589519     0.534852  -0.00378126      1.91795   0.00303241       0.6888     -1.71652
  -0.0589519     0.534852  -0.00378126      1.91795     -3.13856      -0.6888      1.42507
  -0.0803599     0.535003    0.0357886      1.91795   -0.0286935     0.689128     -1.67939
  -0.0803599     0.535003    0.0357886      1.91795     -3.17029    -0.689128       1.4622
   -0.741096      1.03783      1.56763      1.91795     -1.06516      1.39446    -0.521655
   -0.741096      1.03783      1.56763      1.91795     -4.20675     -1.39446      2.61994
   -0.741073      1.04902      1.57567      1.91795      -1.0739      1.40443    -0.516095
   -0.741073      1.04902      1.57567      1.91795     -4.21549     -1.40443       2.6255
    0.619098      1.04689     -1.57416      1.91795      1.07223      1.40255     -2.90879
    0.619098      1.04689     -1.57416      1.91795     -2.06936     -1.40255     0.232798
    0.619081       1.0357     -1.56605      1.91795       1.0635      1.39253     -2.90321
    0.619081       1.0357     -1.56605      1.91795      -2.0781     -1.39253     0.238385
  -0.0452731     0.534951   -0.0290644      1.91795    0.0233043     0.689015     -1.74024
  -0.0452731     0.534951   -0.0290644      1.91795     -3.11829    -0.689015      1.40135
  -0.0672316     0.534867    0.0115218      1.91795   -0.0092393     0.688831     -1.70216
  -0.0672316     0.534867    0.0115218      1.91795     -3.15083    -0.688831      1.43943
  -0.0891785     0.535173    0.0520932      1.91795   -0.0417553     0.689498     -1.66411
  -0.0891785     0.535173    0.0520932      1.91795     -3.18335    -0.689498      1.47749
   -0.741015      1.03142      1.56285      1.91795     -1.06016      1.38864    -0.524904
   -0.741015      1.03142      1.56285      1.91795     -4.20175     -1.38864      2.61669
   -0.741112      1.04205       1.5707      1.91795     -1.06845      1.39824    -0.519542
   -0.741112      1.04205       1.5707      1.91795     -4.21005     -1.39824      2.62205
   -0.741011      1.05324      1.57861      1.91795     -1.07719      1.40814    -0.514033
   -0.741011      1.05324      1.57861      1.91795     -4.21878     -1.40814      2.62756