  -0.584393     1.04572  0.00371808     2.05252  -0.0740892   0.0434755     -2.0508
  -0.576387     1.04575  -0.0230721     2.05252       0.431   0.0478013    -2.56081
  -0.589775     1.04575   0.0217262     2.05252   -0.408702   0.0473173    -1.71288
  -0.581434     1.04572 -0.00618243     2.05252    0.122796   0.0436876    -2.24951
  -0.586816     1.04573   0.0118265     2.05252   -0.231764   0.0445645    -1.89164
  -0.578476     1.04574  -0.0160809     2.05252    0.310412   0.0455687    -2.43894
  -0.591864     1.04577   0.0287137     2.05252   -0.519368   0.0500737    -1.60094
  -0.583858     1.04572  0.00192744     2.05252  -0.0384592   0.0433877    -2.08676
  -0.575852     1.04576  -0.0248601     2.05252    0.459905   0.0484788    -2.59005
  -0.588906     1.04574   0.0188172     2.05252   -0.358987     0.04636    -1.76313
    -0.5809     1.04572 -0.00797254     2.05252    0.157815   0.0439095    -2.28486
  -0.585947     1.04572  0.00891858     2.05252   -0.176164   0.0440478    -1.94777
  -0.577941     1.04574  -0.0178723     2.05252    0.342407   0.0460736    -2.47127
  -0.591329     1.04577   0.0269259     2.05252   -0.492264   0.0493117    -1.62837
  -0.583323     1.04572 0.000137568     2.05252 -0.00274447   0.0433547    -2.12281
  -0.574983     1.04577  -0.0277687     2.05252    0.505149   0.0496672    -2.63583
  -0.588371     1.04574   0.0170276     2.05252   -0.327405    0.045831    -1.79504
  -0.580365     1.04573 -0.00976241     2.05252    0.192434   0.0441843     -2.3198
  -0.585412     1.04572  0.00712848     2.05252   -0.141344    0.043798    -1.98292
  -0.577406     1.04574  -0.0196593     2.05252    0.373591   0.0466242    -2.50278
  -0.590794     1.04576    0.025137     2.05252   -0.464304   0.0485881    -1.65666
  -0.582454     1.04572 -0.00277144     2.05252   0.0552754    0.043422    -2.18136
  -0.574448     1.04578  -0.0295591     2.05252    0.531895   0.0504474     -2.6629
  -0.587836     1.04573   0.0152372     2.05252   -0.295098   0.0453484    -1.82768
  -0.579495     1.04573  -0.0126714     2.05252     0.24766   0.0447435    -2.37557
  -0.584878     1.04572  0.00533867     2.05252   -0.106172   0.0436043    -2.01842
  -0.576872     1.04575   -0.021451     2.05252    0.404091   0.0472227    -2.53361
  -0.589925     1.04575   0.0222289     2.05252   -0.417083   0.0474959    -1.70441
  -0.581585     1.04572 -0.00568038     2.05252    0.112915   0.0436371    -2.23954
  -0.586967     1.04573   0.0123309     2.05252   -0.241266   0.0446688    -1.88205
  -0.578961     1.04573  -0.0144603     2.05252    0.280874   0.0451534    -2.40911