    0.287472      1.03708   -0.0181029      2.04384     0.251342    0.0627036     -1.47561
    0.287472      1.03708   -0.0181029      2.04384     -2.89025   -0.0627036      1.66598
    0.282073      1.03706 -0.000249833      2.04384    0.0035477     0.060688      -1.2246
    0.282073      1.03706 -0.000249833      2.04384     -3.13805    -0.060688        1.917
     0.27701      1.03708    0.0164948      2.04384    -0.229856    0.0623659    -0.988175
     0.27701      1.03708    0.0164948      2.04384     -3.37145   -0.0623659      2.15342
    0.285041      1.03707   -0.0100645      2.04384     0.141871    0.0613176     -1.36469
    0.285041      1.03707   -0.0100645      2.04384     -2.99972   -0.0613176       1.7769
    0.279978      1.03706   0.00668043      2.04384   -0.0945323    0.0609664     -1.12527
    0.279978      1.03706   0.00668043      2.04384     -3.23612   -0.0609664      2.01632
    0.282945      1.03706  -0.00313371      2.04384    0.0444529    0.0607498     -1.26602
    0.282945      1.03706  -0.00313371      2.04384     -3.09714   -0.0607498      1.87557
    0.277882      1.03707    0.0136116      2.04384     -0.19078    0.0618358     -1.02777
    0.277882      1.03707    0.0136116      2.04384     -3.33237   -0.0618358      2.11382
    0.285578      1.03707   -0.0118385      2.04384     0.166437    0.0615583     -1.38957
    0.285578      1.03707   -0.0118385      2.04384     -2.97516   -0.0615583      1.75202
    0.280514      1.03706   0.00490677      2.04384   -0.0695321    0.0608391     -1.15059
    0.280514      1.03706   0.00490677      2.04384     -3.21112   -0.0608391      1.99101
    0.283482      1.03706   -0.0049074      2.04384    0.0695438    0.0608391     -1.29143
    0.283482      1.03706   -0.0049074      2.04384     -3.07205   -0.0608391      1.85016
    0.278418      1.03707    0.0118371      2.04384    -0.166414    0.0615583     -1.05246
    0.278418      1.03707    0.0118371      2.04384     -3.30801   -0.0615583      2.08914
     0.28645      1.03708   -0.0147213      2.04384     0.205901    0.0620284     -1.42956
     0.28645      1.03708   -0.0147213      2.04384     -2.93569   -0.0620284      1.71203
    0.281386      1.03706   0.00202355      2.04384   -0.0287137    0.0607135     -1.19193
    0.281386      1.03706   0.00202355      2.04384     -3.17031   -0.0607135      1.94967
    0.284018      1.03706  -0.00668207      2.04384    0.0945581    0.0609664     -1.31677
    0.284018      1.03706  -0.00668207      2.04384     -3.04703   -0.0609664      1.82483
    0.278955      1.03707    0.0100622      2.04384    -0.141835    0.0613176     -1.07736
    0.278955      1.03707    0.0100622      2.04384     -3.28343   -0.0613176      2.06424
    0.287322      1.03708   -0.0176052      2.04384     0.244719     0.062595      -1.4689
    0.287322      1.03708   -0.0176052      2.04384     -2.89687    -0.062595       1.6727
    0.281923      1.03706  0.000248849      2.04384  -0.00353085     0.060688     -1.21743
    0.281923      1.03706  0.000248849      2.04384     -3.14512    -0.060688      1.92416
    0.276859      1.03708    0.0169936      2.04384    -0.236544    0.0624672    -0.981397
    0.276859      1.03708    0.0169936      2.04384     -3.37814   -0.0624672       2.1602
     0.28489      1.03707  -0.00956458      2.04384     0.134914    0.0612582     -1.35764
     0.28489      1.03707  -0.00956458      2.04384     -3.00668   -0.0612582      1.78395
    0.279827      1.03706   0.00717941      2.04384    -0.101545    0.0610095     -1.11817
    0.279827      1.03706   0.00717941      2.04384     -3.24314   -0.0610095      2.02343
    0.287523      1.03708   -0.0182693      2.04384     0.253553    0.0627397     -1.47785
    0.287523      1.03708   -0.0182693      2.04384     -2.88804   -0.0627397      1.66374