   -0.674192      1.45627      1.57075      2.00686     -1.46692      1.52247    -0.198144
   -0.674192      1.45627      1.57075      2.00686     -4.60852     -1.52247      2.94345
  -0.0421682     0.851746  -0.00603923      2.00686    0.0162727     0.283027     -1.59007
  -0.0421682     0.851746  -0.00603923      2.00686     -3.12532    -0.283027      1.55152
   -0.674156      1.44941       1.5696      2.00686     -1.46117      1.51856    -0.198533
   -0.674156      1.44941       1.5696      2.00686     -4.60277     -1.51856      2.94306
   -0.674179      1.46088      1.57145      2.00686     -1.47082      1.52504    -0.197869
   -0.674179      1.46088      1.57145      2.00686     -4.61241     -1.52504      2.94372
  -0.0482925     0.851752   0.00974989      2.00686    -0.026266     0.283093     -1.54495
  -0.0482925     0.851752   0.00974989      2.00686     -3.16786    -0.283093      1.59664
   -0.674186      1.45374      1.57034      2.00686     -1.46479      1.52104     -0.19829
   -0.674186      1.45374      1.57034      2.00686     -4.60639     -1.52104       2.9433
  -0.0391823     0.851761    -0.013737      2.00686    0.0369983     0.283198     -1.61206
  -0.0391823     0.851761    -0.013737      2.00686     -3.10459    -0.283198      1.52954
  -0.0540358     0.851801     0.024556      2.00686   -0.0660621     0.283664     -1.50273
  -0.0540358     0.851801     0.024556      2.00686     -3.20765    -0.283664      1.63886
    -0.67419      1.45834      1.57108      2.00686     -1.46867      1.52363    -0.198022
    -0.67419      1.45834      1.57108      2.00686     -4.61027     -1.52363      2.94357
   -0.044926     0.851743   0.00107085      2.00686  -0.00288531     0.282987     -1.56975
   -0.044926     0.851743   0.00107085      2.00686     -3.14448    -0.282987      1.57184
   -0.674172       1.4512      1.56992      2.00686     -1.46267      1.51959    -0.198434
   -0.674172       1.4512      1.56992      2.00686     -4.60426     -1.51959      2.94316
   -0.674166      1.46267      1.57171      2.00686     -1.47233      1.52602     -0.19776
   -0.674166      1.46267      1.57171      2.00686     -4.61393     -1.52602      2.94383
  -0.0358162     0.851791   -0.0224148      2.00686    0.0603189     0.283551      -1.6368
  -0.0358162     0.851791   -0.0224148      2.00686     -3.08127    -0.283551       1.5048
  -0.0506697     0.851767    0.0158785      2.00686   -0.0427582      0.28327     -1.52746
  -0.0506697     0.851767    0.0158785      2.00686     -3.18435     -0.28327      1.61414
   -0.674191      1.45581      1.57068      2.00686     -1.46654      1.52221    -0.198171
   -0.674191      1.45581      1.57068      2.00686     -4.60813     -1.52221      2.94342
  -0.0415596     0.851749  -0.00760818      2.00686    0.0204989     0.283051     -1.59456
  -0.0415596     0.851749  -0.00760818      2.00686     -3.12109    -0.283051      1.54704
   -0.674183      1.46013      1.57134      2.00686     -1.47019      1.52463    -0.197915
   -0.674183      1.46013      1.57134      2.00686     -4.61178     -1.52463      2.94368
  -0.0473034     0.851748   0.00719983      2.00686   -0.0193984     0.283044     -1.55224
  -0.0473034     0.851748   0.00719983      2.00686     -3.16099    -0.283044      1.58936
   -0.674184      1.45328      1.57027      2.00686     -1.46441      1.52078    -0.198317
   -0.674184      1.45328      1.57027      2.00686       -4.606     -1.52078      2.94328
  -0.0381933     0.851768   -0.0162867      2.00686    0.0438564     0.283284     -1.61933
  -0.0381933     0.851768   -0.0162867      2.00686     -3.09774    -0.283284      1.52226
  -0.0534273     0.851794    0.0229874      2.00686   -0.0618547      0.28358      -1.5072
  -0.0534273     0.851794    0.0229874      2.00686     -3.20345     -0.28358       1.6344
   -0.674191       1.4576      1.57096      2.00686     -1.46805      1.52322    -0.198066
   -0.674191       1.4576      1.57096      2.00686     -4.60964     -1.52322      2.94353
  -0.0443175     0.851743 -0.000498019      2.00686   0.00134233     0.282986     -1.57424
  -0.0443175     0.851743 -0.000498019      2.00686     -3.14025    -0.282986      1.56736
   -0.674168      1.45075      1.56984      2.00686     -1.46229      1.51932    -0.198459
   -0.674168      1.45075      1.56984      2.00686     -4.60388     -1.51932      2.94313
   -0.674169      1.46221      1.57164      2.00686     -1.47195      1.52577    -0.197788
   -0.674169      1.46221      1.57164      2.00686     -4.61354     -1.52577       2.9438
  -0.0352077     0.851798   -0.0239834      2.00686    0.0645272     0.283633     -1.64126
  -0.0352077     0.851798   -0.0239834      2.00686     -3.07707    -0.283633      1.50033
  -0.0500612     0.851763    0.0143097      2.00686   -0.0385385     0.283217     -1.53193
  -0.0500612     0.851763    0.0143097      2.00686     -3.18013    -0.283217      1.60966
   -0.674191      1.45535      1.57061      2.00686     -1.46615      1.52195    -0.198197
   -0.674191      1.45535      1.57061      2.00686     -4.60775     -1.52195       2.9434
   -0.040951     0.851751  -0.00917706      2.00686    0.0247241     0.283081     -1.59904
   -0.040951     0.851751  -0.00917706      2.00686     -3.11687    -0.283081      1.54256
   -0.674185      1.45968      1.57128      2.00686      -1.4698      1.52437    -0.197942
   -0.674185      1.45968      1.57128      2.00686     -4.61139     -1.52437      2.94365
  -0.0466948     0.851746   0.00563089      2.00686    -0.015172     0.283022     -1.55672
  -0.0466948     0.851746   0.00563089      2.00686     -3.15676    -0.283022      1.58487
   -0.674182      1.45282      1.57019      2.00686     -1.46403      1.52051    -0.198343
   -0.674182      1.45282      1.57019      2.00686     -4.60562     -1.52051      2.94325
  -0.0375848     0.851774   -0.0178555      2.00686    0.0480737     0.283345     -1.62381
  -0.0375848     0.851774   -0.0178555      2.00686     -3.09352    -0.283345      1.51779
  -0.0524383     0.851783     0.020438      2.00686   -0.0550112     0.283456     -1.51446
  -0.0524383     0.851783     0.020438      2.00686      -3.1966    -0.283456      1.62714
   -0.674192      1.45714      1.57089      2.00686     -1.46766      1.52296    -0.198093
   -0.674192      1.45714      1.57089      2.00686     -4.60925     -1.52296       2.9435
  -0.0433284     0.851744  -0.00304813      2.00686   0.00821395     0.282997     -1.58152
  -0.0433284     0.851744  -0.00304813      2.00686     -3.13338    -0.282997      1.56007
   -0.674165      1.45029      1.56976      2.00686      -1.4619      1.51906    -0.198485
   -0.674165      1.45029      1.56976      2.00686      -4.6035     -1.51906      2.94311
   -0.674173      1.46175      1.57158      2.00686     -1.47156      1.52552    -0.197816
   -0.674173      1.46175      1.57158      2.00686     -4.61315     -1.52552      2.94378
  -0.0494526     0.851759    0.0127407      2.00686    -0.034317     0.283169     -1.53641
  -0.0494526     0.851759    0.0127407      2.00686     -3.17591    -0.283169      1.60518
    -0.67419       1.4549      1.57053      2.00686     -1.46577       1.5217    -0.198224
    -0.67419       1.4549      1.57053      2.00686     -4.60736      -1.5217      2.94337
   -0.039962     0.851756    -0.011727      2.00686    0.0315893     0.283141     -1.60632
   -0.039962     0.851756    -0.011727      2.00686        -3.11    -0.283141      1.53527
   -0.674188      1.45893      1.57117      2.00686     -1.46917      1.52396    -0.197987
   -0.674188      1.45893      1.57117      2.00686     -4.61076     -1.52396      2.94361
  -0.0460862     0.851745   0.00406198      2.00686   -0.0109451     0.283005      -1.5612
  -0.0460862     0.851745   0.00406198      2.00686     -3.15254    -0.283005      1.58039
   -0.674178      1.45208      1.57007      2.00686      -1.4634      1.52009    -0.198385
   -0.674178      1.45208      1.57007      2.00686     -4.60499     -1.52009      2.94321
   -0.674158      1.46354      1.57183      2.00686     -1.47308       1.5265    -0.197706
   -0.674158      1.46354      1.57183      2.00686     -4.61467      -1.5265      2.94389
  -0.0365958     0.851783   -0.0204052      2.00686    0.0549237     0.283454     -1.63107
  -0.0365958     0.851783   -0.0204052      2.00686     -3.08667    -0.283454      1.51052
  -0.0518298     0.851777    0.0188691      2.00686   -0.0507971     0.283386     -1.51893
  -0.0518298     0.851777    0.0188691      2.00686     -3.19239    -0.283386      1.62267
   -0.674192      1.45668      1.57082      2.00686     -1.46727       1.5227     -0.19812
   -0.674192      1.45668      1.57082      2.00686     -4.60887      -1.5227      2.94347
  -0.0427198     0.851745  -0.00461696      2.00686     0.012441      0.28301     -1.58601
  -0.0427198     0.851745  -0.00461696      2.00686     -3.12915     -0.28301      1.55558
   -0.674158      1.44954      1.56963      2.00686     -1.46128      1.51863    -0.198526
   -0.674158      1.44954      1.56963      2.00686     -4.60288     -1.51863      2.94307
   -0.674178      1.46101      1.57147      2.00686     -1.47093      1.52511    -0.197862
   -0.674178      1.46101      1.57147      2.00686     -4.61252     -1.52511      2.94373
  -0.0484636     0.851753    0.0101909      2.00686   -0.0274535     0.283103     -1.54369
  -0.0484636     0.851753    0.0101909      2.00686     -3.16905    -0.283103       1.5979
   -0.674187      1.45387      1.57036      2.00686      -1.4649      1.52111    -0.198283
   -0.674187      1.45387      1.57036      2.00686     -4.60649     -1.52111      2.94331
  -0.0393534      0.85176   -0.0132959      2.00686    0.0358115     0.283185      -1.6108
  -0.0393534      0.85176   -0.0132959      2.00686     -3.10578    -0.283185      1.53079
  -0.0542068     0.851803    0.0249971      2.00686   -0.0672448     0.283688     -1.50148
  -0.0542068     0.851803    0.0249971      2.00686     -3.20884    -0.283688      1.64012
   -0.674189      1.45847       1.5711      2.00686     -1.46878       1.5237    -0.198014
   -0.674189      1.45847       1.5711      2.00686     -4.61038      -1.5237      2.94358
  -0.0450971     0.851743   0.00151197      2.00686  -0.00407399     0.282988     -1.56849
  -0.0450971     0.851743   0.00151197      2.00686     -3.14567    -0.282988       1.5731
   -0.674173      1.45133      1.56994      2.00686     -1.46278      1.51966    -0.198426
   -0.674173      1.45133      1.56994      2.00686     -4.60437     -1.51966      2.94317
   -0.674165      1.46279      1.57173      2.00686     -1.47244      1.52609    -0.197752
   -0.674165      1.46279      1.57173      2.00686     -4.61404     -1.52609      2.94384
  -0.0359873     0.851789   -0.0219738      2.00686    0.0591353     0.283529     -1.63554
  -0.0359873     0.851789   -0.0219738      2.00686     -3.08246    -0.283529      1.50605
  -0.0512213     0.851772    0.0173004      2.00686   -0.0465811     0.283323      -1.5234
  -0.0512213     0.851772    0.0173004      2.00686     -3.18817    -0.283323      1.61819
   -0.674192      1.45623      1.57075      2.00686     -1.46689      1.52245    -0.198146
   -0.674192      1.45623      1.57075      2.00686     -4.60848     -1.52245      2.94345