    0.288231     0.858281   -0.0160565      2.04732    0.0519084     0.236363     -1.27574
    0.288231     0.858281   -0.0160565      2.04732     -3.08968    -0.236363      1.86586
     0.27294     0.858309    0.0233341      2.04732   -0.0753508     0.236747     -1.14155
     0.27294     0.858309    0.0233341      2.04732     -3.21694    -0.236747      2.00004
   -0.353728      1.46845      1.57022      2.04732     -1.48005      1.52341     0.188408
   -0.353728      1.46845      1.57022      2.04732     -4.62164     -1.52341     -2.95318
    0.282084     0.858257 -0.000221461      2.04732  0.000717039     0.236017     -1.22176
    0.282084     0.858257 -0.000221461      2.04732     -3.14088    -0.236017      1.91983
   -0.353739       1.4731      1.57086      2.04732      -1.4839       1.5261     0.188638
   -0.353739       1.4731      1.57086      2.04732     -4.62549      -1.5261     -2.95296
     0.29161     0.858316   -0.0247606      2.04732    0.0799366     0.236838     -1.30529
     0.29161     0.858316   -0.0247606      2.04732     -3.06166    -0.236838       1.8363
    0.276319     0.858277    0.0146303      2.04732    -0.047305     0.236304     -1.17113
    0.276319     0.858277    0.0146303      2.04732      -3.1889    -0.236304      1.97047
   -0.353709       1.4659      1.56984      2.04732     -1.47794       1.5219     0.188286
   -0.353709       1.4659      1.56984      2.04732     -4.61954      -1.5219     -2.95331
   -0.353723      1.47747      1.57141      2.04732     -1.48753      1.52858     0.188864
   -0.353723      1.47747      1.57141      2.04732     -4.62912     -1.52858     -2.95273
    0.285463     0.858264   -0.0089269      2.04732    0.0288797     0.236124     -1.25145
    0.285463     0.858264   -0.0089269      2.04732     -3.11271    -0.236124      1.89014
   -0.353736      1.47055      1.57052      2.04732     -1.48178      1.52463      0.18851
   -0.353736      1.47055      1.57052      2.04732     -4.62337     -1.52463     -2.95308
    0.279698      0.85826   0.00592545      2.04732   -0.0191723     0.236064     -1.20079
    0.279698      0.85826   0.00592545      2.04732     -3.16076    -0.236064       1.9408
   -0.353736      1.47491       1.5711      2.04732      -1.4854      1.52713      0.18873
   -0.353736      1.47491       1.5711      2.04732     -4.62699     -1.52713     -2.95286
    0.288842     0.858287   -0.0176308      2.04732    0.0569859     0.236434     -1.28109
    0.288842     0.858287   -0.0176308      2.04732     -3.08461    -0.236434       1.8605
    0.273933     0.858298    0.0207764      2.04732   -0.0671208     0.236596     -1.15023
    0.273933     0.858298    0.0207764      2.04732     -3.20871    -0.236596      1.99136
   -0.353725      1.46799      1.57015      2.04732     -1.47967      1.52314     0.188386
   -0.353725      1.46799      1.57015      2.04732     -4.62126     -1.52314     -2.95321
   -0.353709      1.47927      1.57163      2.04732     -1.48904       1.5296     0.188961
   -0.353709      1.47927      1.57163      2.04732     -4.63063      -1.5296     -2.95263
    0.283077     0.858258  -0.00277928      2.04732   0.00899411     0.236027     -1.23049
    0.283077     0.858258  -0.00277928      2.04732      -3.1326    -0.236027      1.91111
   -0.353739      1.47235      1.57076      2.04732     -1.48328      1.52567       0.1886
   -0.353739      1.47235      1.57076      2.04732     -4.62487     -1.52567     -2.95299
    0.277311     0.858271    0.0120726      2.04732   -0.0390454     0.236213     -1.17984
    0.277311     0.858271    0.0120726      2.04732     -3.18064    -0.236213      1.96176
   -0.353704      1.46543      1.56977      2.04732     -1.47756      1.52163     0.188265
   -0.353704      1.46543      1.56977      2.04732     -4.61916     -1.52163     -2.95333
   -0.353726        1.477      1.57136      2.04732     -1.48715      1.52832      0.18884
   -0.353726        1.477      1.57136      2.04732     -4.62874     -1.52832     -2.95275
    0.286074     0.858267   -0.0104995      2.04732    0.0339631     0.236165     -1.25681
    0.286074     0.858267   -0.0104995      2.04732     -3.10763    -0.236165      1.88478
   -0.353734       1.4698      1.57041      2.04732     -1.48116      1.52419     0.188473
   -0.353734       1.4698      1.57041      2.04732     -4.62275     -1.52419     -2.95312
    0.280309     0.858259   0.00435233      2.04732   -0.0140832     0.236042     -1.20616
    0.280309     0.858259   0.00435233      2.04732     -3.15568    -0.236042      1.93544
   -0.353737      1.47445      1.57104      2.04732     -1.48501      1.52687     0.188706
   -0.353737      1.47445      1.57104      2.04732     -4.62661     -1.52687     -2.95289
    0.289835     0.858296   -0.0201876      2.04732    0.0652256     0.236563     -1.28978
    0.289835     0.858296   -0.0201876      2.04732     -3.07637    -0.236563      1.85181
    0.274543     0.858292    0.0192035      2.04732   -0.0620544     0.236511     -1.15557
    0.274543     0.858292    0.0192035      2.04732     -3.20365    -0.236511      1.98602
   -0.353722      1.46753      1.57009      2.04732     -1.47929      1.52287     0.188363
   -0.353722      1.46753      1.57009      2.04732     -4.62088     -1.52287     -2.95323
   -0.353713      1.47881      1.57157      2.04732     -1.48866      1.52934     0.188936
   -0.353713      1.47881      1.57157      2.04732     -4.63025     -1.52934     -2.95266
    0.283688     0.858259  -0.00435266      2.04732     0.014085     0.236043     -1.23585
    0.283688     0.858259  -0.00435266      2.04732     -3.12751    -0.236043      1.90574
   -0.353739      1.47189       1.5707      2.04732     -1.48289       1.5254     0.188577
   -0.353739      1.47189       1.5707      2.04732     -4.62449      -1.5254     -2.95302
    0.277922     0.858267    0.0104995      2.04732   -0.0339624     0.236165     -1.18519
    0.277922     0.858267    0.0104995      2.04732     -3.17555    -0.236165       1.9564
    -0.35373      1.47625      1.57127      2.04732     -1.48652       1.5279       0.1888
    -0.35373      1.47625      1.57127      2.04732     -4.62811      -1.5279     -2.95279
    0.287067     0.858273   -0.0130568      2.04732    0.0422254     0.236246     -1.26553
    0.287067     0.858273   -0.0130568      2.04732     -3.09937    -0.236246      1.87607
    0.272157     0.858318    0.0253499      2.04732   -0.0818288     0.236878     -1.13472
    0.272157     0.858318    0.0253499      2.04732     -3.22342    -0.236878      2.00688
   -0.353732      1.46933      1.57035      2.04732     -1.48078      1.52392      0.18845
   -0.353732      1.46933      1.57035      2.04732     -4.62237     -1.52392     -2.95314
    0.281301     0.858257   0.00179431      2.04732  -0.00580612     0.236022     -1.21488
    0.281301     0.858257   0.00179431      2.04732      -3.1474    -0.236022      1.92671
   -0.353738       1.4737      1.57094      2.04732     -1.48439      1.52644     0.188668
   -0.353738       1.4737      1.57094      2.04732     -4.62598     -1.52644     -2.95292
    0.290445     0.858302   -0.0217616      2.04732    0.0702927     0.236652     -1.29512
    0.290445     0.858302   -0.0217616      2.04732      -3.0713    -0.236652      1.84647
    0.275154     0.858287    0.0176299      2.04732   -0.0569825     0.236434     -1.16092
    0.275154     0.858287    0.0176299      2.04732     -3.19858    -0.236434      1.98067
   -0.353716      1.46678      1.56997      2.04732     -1.47867      1.52242     0.188328
   -0.353716      1.46678      1.56997      2.04732     -4.62026     -1.52242     -2.95326
   -0.353717      1.47835      1.57152      2.04732     -1.48827      1.52908     0.188911
   -0.353717      1.47835      1.57152      2.04732     -4.62986     -1.52908     -2.95268
    0.284298      0.85826  -0.00592625      2.04732    0.0191757     0.236064     -1.24122
    0.284298      0.85826  -0.00592625      2.04732     -3.12242    -0.236064      1.90037
   -0.353738      1.47143      1.57064      2.04732     -1.48251      1.52514     0.188553
   -0.353738      1.47143      1.57064      2.04732      -4.6241     -1.52514     -2.95304
    0.278533     0.858264   0.00892588      2.04732   -0.0288757     0.236124     -1.19056
    0.278533     0.858264   0.00892588      2.04732     -3.17047    -0.236124      1.95103
   -0.353732      1.47579      1.57121      2.04732     -1.48613      1.52764     0.188776
   -0.353732      1.47579      1.57121      2.04732     -4.62773     -1.52764     -2.95282
    0.288059      0.85828   -0.0156151      2.04732    0.0504842     0.236344     -1.27423
    0.288059      0.85828   -0.0156151      2.04732     -3.09111    -0.236344      1.86736
    0.272768     0.858311    0.0237765      2.04732   -0.0767729     0.236775     -1.14005
    0.272768     0.858311    0.0237765      2.04732     -3.21837    -0.236775      2.00154
    -0.35373      1.46887      1.57028      2.04732      -1.4804      1.52365     0.188428
    -0.35373      1.46887      1.57028      2.04732     -4.62199     -1.52365     -2.95316
    0.281912     0.858257  0.000221193      2.04732 -0.000715433     0.236017     -1.22025
    0.281912     0.858257  0.000221193      2.04732     -3.14231    -0.236017      1.92134
   -0.353739      1.47323      1.57088      2.04732     -1.48401      1.52618     0.188644
   -0.353739      1.47323      1.57088      2.04732      -4.6256     -1.52618     -2.95295
    0.291056     0.858309    -0.023335      2.04732    0.0753541     0.236747     -1.30046
    0.291056     0.858309    -0.023335      2.04732     -3.06624    -0.236747      1.84113
    0.276147     0.858279    0.0150726      2.04732   -0.0487329     0.236322     -1.16962
    0.276147     0.858279    0.0150726      2.04732     -3.19033    -0.236322      1.97197
   -0.353712      1.46631       1.5699      2.04732     -1.47829      1.52215     0.188306
   -0.353712      1.46631       1.5699      2.04732     -4.61988     -1.52215     -2.95329
    -0.35372      1.47789      1.57147      2.04732     -1.48788      1.52882     0.188886
    -0.35372      1.47789      1.57147      2.04732     -4.62947     -1.52882     -2.95271
    0.285291     0.858264  -0.00848368      2.04732    0.0274467     0.236114     -1.24994
    0.285291     0.858264  -0.00848368      2.04732     -3.11415    -0.236114      1.89165
   -0.353737      1.47097      1.57058      2.04732     -1.48213      1.52487     0.188531
   -0.353737      1.47097      1.57058      2.04732     -4.62372     -1.52487     -2.95306
    0.279526     0.858261   0.00636843      2.04732   -0.0206052     0.236072     -1.19928
    0.279526     0.858261   0.00636843      2.04732      -3.1622    -0.236072      1.94231
   -0.353734      1.47533      1.57115      2.04732     -1.48575      1.52737     0.188752
   -0.353734      1.47533      1.57115      2.04732     -4.62734     -1.52737     -2.95284
    0.288288     0.858282   -0.0162044      2.04732    0.0523856     0.236369     -1.27624
    0.288288     0.858282   -0.0162044      2.04732     -3.08921    -0.236369      1.86535
    0.272997     0.858308    0.0231864      2.04732   -0.0748759     0.236738     -1.14205
    0.272997     0.858308    0.0231864      2.04732     -3.21647    -0.236738      1.99954