  -0.689811     1.45199     1.56981     2.04285    -1.46533       1.516   -0.105887
  -0.689811     1.45199     1.56981     2.04285    -4.60692      -1.516    -3.24748
  -0.689818     1.46326     1.57156     2.04285    -1.47461     1.52265    -0.10522
  -0.689818     1.46326     1.57156     2.04285     -4.6162    -1.52265    -3.24681
 -0.0442516    0.847323  -0.0250463     2.04285   0.0752759     0.25226    -1.58971
 -0.0442516    0.847323  -0.0250463     2.04285    -3.06632    -0.25226     1.55188
 -0.0592896    0.847279   0.0132083     2.04285  -0.0397577    0.251698    -1.46801
 -0.0592896    0.847279   0.0132083     2.04285    -3.18135   -0.251698     1.67358
  -0.689835     1.45635     1.57053     2.04285     -1.4689     1.51861   -0.105637
  -0.689835     1.45635     1.57053     2.04285    -4.61049    -1.51861    -3.24723
 -0.0500662    0.847272  -0.0102549     2.04285   0.0308758    0.251612    -1.54273
 -0.0500662    0.847272  -0.0102549     2.04285    -3.11072   -0.251612     1.59886
  -0.689832     1.46071     1.57119     2.04285    -1.47249     1.52117   -0.105377
  -0.689832     1.46071     1.57119     2.04285    -4.61408    -1.52117    -3.24697
 -0.0562667    0.847265  0.00551819     2.04285   -0.016618    0.251519    -1.49249
 -0.0562667    0.847265  0.00551819     2.04285    -3.15821   -0.251519      1.6491
  -0.689824      1.4538     1.57011     2.04285     -1.4668     1.51709   -0.105785
  -0.689824      1.4538     1.57011     2.04285    -4.60839    -1.51709    -3.24738
    -0.6898     1.46536     1.57184     2.04285    -1.47635     1.52385   -0.105089
    -0.6898     1.46536     1.57184     2.04285    -4.61794    -1.52385    -3.24668
 -0.0466581    0.847297  -0.0189244     2.04285   0.0569289    0.251926     -1.5703
 -0.0466581    0.847297  -0.0189244     2.04285    -3.08466   -0.251926      1.5713
 -0.0620815    0.847302   0.0203104     2.04285  -0.0610861    0.251994    -1.44545
 -0.0620815    0.847302   0.0203104     2.04285    -3.20268   -0.251994     1.69614
  -0.689837     1.45816     1.57081     2.04285    -1.47038     1.51967    -0.10553
  -0.689837     1.45816     1.57081     2.04285    -4.61197    -1.51967    -3.24712
 -0.0528583    0.847263 -0.00315221     2.04285   0.0094941    0.251493    -1.52011
 -0.0528583    0.847263 -0.00315221     2.04285     -3.1321   -0.251493     1.62148
  -0.689805     1.45124     1.56968     2.04285    -1.46471     1.51555    -0.10593
  -0.689805     1.45124     1.56968     2.04285    -4.60631    -1.51555    -3.24752
  -0.689821      1.4628     1.57149     2.04285    -1.47422     1.52238   -0.105249
  -0.689821      1.4628     1.57149     2.04285    -4.61582    -1.52238    -3.24684
 -0.0586735    0.847275   0.0116409     2.04285  -0.0350445    0.251649      -1.473
 -0.0586735    0.847275   0.0116409     2.04285    -3.17664   -0.251649     1.66859
  -0.689834     1.45589     1.57045     2.04285    -1.46852     1.51833   -0.105664
  -0.689834     1.45589     1.57045     2.04285    -4.61011    -1.51833    -3.24726
 -0.0494501    0.847276  -0.0118222     2.04285   0.0355905    0.251655    -1.54772
 -0.0494501    0.847276  -0.0118222     2.04285      -3.106   -0.251655     1.59387
 -0.0644881     0.84733    0.026432     2.04285  -0.0794205    0.252348    -1.42605
 -0.0644881     0.84733    0.026432     2.04285    -3.22101   -0.252348     1.71555
  -0.689834     1.46025     1.57112     2.04285    -1.47211      1.5209   -0.105405
  -0.689834     1.46025     1.57112     2.04285     -4.6137     -1.5209      -3.247
 -0.0552653    0.847263  0.00297072     2.04285 -0.00894683    0.251492    -1.50061
 -0.0552653    0.847263  0.00297072     2.04285    -3.15054   -0.251492     1.64099
  -0.689821     1.45334     1.57004     2.04285    -1.46642     1.51681   -0.105811
  -0.689821     1.45334     1.57004     2.04285    -4.60802    -1.51681     -3.2474
  -0.689808     1.46461     1.57174     2.04285    -1.47572     1.52342   -0.105136
  -0.689808     1.46461     1.57174     2.04285    -4.61731    -1.52342    -3.24673
 -0.0460421    0.847303  -0.0204916     2.04285   0.0616303    0.252003    -1.57527
 -0.0460421    0.847303  -0.0204916     2.04285    -3.07996   -0.252003     1.56632
 -0.0614655    0.847296   0.0187432     2.04285  -0.0563843    0.251918    -1.45042
 -0.0614655    0.847296   0.0187432     2.04285    -3.19798   -0.251918     1.69117
  -0.689837     1.45769     1.57074     2.04285       -1.47      1.5194   -0.105558
  -0.689837     1.45769     1.57074     2.04285    -4.61159     -1.5194    -3.24715
 -0.0522422    0.847264 -0.00471956     2.04285    0.014214    0.251509    -1.52511
 -0.0522422    0.847264 -0.00471956     2.04285    -3.12738   -0.251509     1.61648
    -0.6898     1.45078      1.5696     2.04285    -1.46434     1.51527   -0.105956
    -0.6898     1.45078      1.5696     2.04285    -4.60593    -1.51527    -3.24755
  -0.689824     1.46234     1.57143     2.04285    -1.47384     1.52211   -0.105277
  -0.689824     1.46234     1.57143     2.04285    -4.61543    -1.52211    -3.24687
 -0.0580574    0.847272   0.0100736     2.04285  -0.0303295    0.251607    -1.47799
 -0.0580574    0.847272   0.0100736     2.04285    -3.17192   -0.251607     1.66361
  -0.689832     1.45543     1.57038     2.04285    -1.46814     1.51806   -0.105691
  -0.689832     1.45543     1.57038     2.04285    -4.60973    -1.51806    -3.24728
  -0.048834     0.84728  -0.0133896     2.04285   0.0403036    0.251704    -1.55271
  -0.048834     0.84728  -0.0133896     2.04285    -3.10129   -0.251704     1.58888
  -0.063872    0.847322   0.0248649     2.04285  -0.0747323    0.252249    -1.43101
  -0.063872    0.847322   0.0248649     2.04285    -3.21633   -0.252249     1.71058
  -0.689835     1.45979     1.57105     2.04285    -1.47173     1.52063   -0.105433
  -0.689835     1.45979     1.57105     2.04285    -4.61332    -1.52063    -3.24703
 -0.0546491    0.847262  0.00140331     2.04285 -0.00422623    0.251483     -1.5056
 -0.0546491    0.847262  0.00140331     2.04285    -3.14582   -0.251483     1.63599
  -0.689816     1.45259     1.56991     2.04285    -1.46581     1.51636   -0.105854
  -0.689816     1.45259     1.56991     2.04285     -4.6074    -1.51636    -3.24745
  -0.689812     1.46415     1.57168     2.04285    -1.47534     1.52315   -0.105165
  -0.689812     1.46415     1.57168     2.04285    -4.61693    -1.52315    -3.24676
  -0.045426     0.84731  -0.0220589     2.04285   0.0663291    0.252085    -1.58024
  -0.045426     0.84731  -0.0220589     2.04285    -3.07526   -0.252085     1.56135
 -0.0604642    0.847288    0.016196     2.04285  -0.0487366    0.251807    -1.45851
 -0.0604642    0.847288    0.016196     2.04285    -3.19033   -0.251807     1.68308
  -0.689836     1.45723     1.57067     2.04285    -1.46962     1.51913   -0.105585
  -0.689836     1.45723     1.57067     2.04285    -4.61121    -1.51913    -3.24718
 -0.0512408    0.847267 -0.00726688     2.04285   0.0218833    0.251547    -1.53322
 -0.0512408    0.847267 -0.00726688     2.04285    -3.11971   -0.251547     1.60837
  -0.689827     1.46188     1.57136     2.04285    -1.47346     1.52185   -0.105306
  -0.689827     1.46188     1.57136     2.04285    -4.61505    -1.52185     -3.2469
  -0.057056    0.847268   0.0075262     2.04285  -0.0226633    0.251551     -1.4861
  -0.057056    0.847268   0.0075262     2.04285    -3.16426   -0.251551      1.6555
  -0.689829     1.45468     1.57026     2.04285    -1.46752     1.51761   -0.105734
  -0.689829     1.45468     1.57026     2.04285    -4.60912    -1.51761    -3.24733
 -0.0478327    0.847287  -0.0159369     2.04285   0.0479587    0.251797    -1.56081
 -0.0478327    0.847287  -0.0159369     2.04285    -3.09363   -0.251797     1.58079
  -0.063256    0.847315   0.0232979     2.04285  -0.0700405    0.252155    -1.43597
  -0.063256    0.847315   0.0232979     2.04285    -3.21163   -0.252155     1.70562
  -0.689836     1.45904     1.57094     2.04285    -1.47111     1.52019   -0.105478
  -0.689836     1.45904     1.57094     2.04285     -4.6127    -1.52019    -3.24707
 -0.0536477    0.847262 -0.00114405     2.04285  0.00344606    0.251482    -1.51372
 -0.0536477    0.847262 -0.00114405     2.04285    -3.13815   -0.251482     1.62788
  -0.689812     1.45212     1.56983     2.04285    -1.46543     1.51608    -0.10588
  -0.689812     1.45212     1.56983     2.04285    -4.60702    -1.51608    -3.24747
  -0.689815     1.46368     1.57161     2.04285    -1.47495     1.52289   -0.105194
  -0.689815     1.46368     1.57161     2.04285    -4.61655    -1.52289    -3.24679
 -0.0444248    0.847321  -0.0246057     2.04285   0.0739572    0.252233    -1.58831
 -0.0444248    0.847321  -0.0246057     2.04285    -3.06764   -0.252233     1.55328
 -0.0598481    0.847283   0.0146288     2.04285  -0.0440278    0.251747     -1.4635
 -0.0598481    0.847283   0.0146288     2.04285    -3.18562   -0.251747      1.6781
  -0.689835     1.45648     1.57055     2.04285      -1.469     1.51869   -0.105629
  -0.689835     1.45648     1.57055     2.04285     -4.6106    -1.51869    -3.24722
 -0.0506247     0.84727 -0.00883431     2.04285   0.0266011    0.251578    -1.53821
 -0.0506247     0.84727 -0.00883431     2.04285    -3.11499   -0.251578     1.60338
  -0.689832     1.46084     1.57121     2.04285     -1.4726     1.52124   -0.105369
  -0.689832     1.46084     1.57121     2.04285    -4.61419    -1.52124    -3.24696
 -0.0564399    0.847266  0.00595881     2.04285  -0.0179447    0.251525    -1.49109
 -0.0564399    0.847266  0.00595881     2.04285    -3.15954   -0.251525      1.6505
  -0.689825     1.45393     1.57014     2.04285    -1.46691     1.51717   -0.105777
  -0.689825     1.45393     1.57014     2.04285     -4.6085    -1.51717    -3.24737
  -0.689799     1.46549     1.57186     2.04285    -1.47645     1.52392   -0.105081
  -0.689799     1.46549     1.57186     2.04285    -4.61805    -1.52392    -3.24667
 -0.0472166    0.847292   -0.017504     2.04285   0.0526651    0.251862    -1.56579
 -0.0472166    0.847292   -0.017504     2.04285    -3.08893   -0.251862     1.57581
 -0.0622548    0.847304    0.020751     2.04285  -0.0624077    0.252016    -1.44405
 -0.0622548    0.847304    0.020751     2.04285      -3.204   -0.252016     1.69754
  -0.689837     1.45829     1.57083     2.04285    -1.47049     1.51975   -0.105523
  -0.689837     1.45829     1.57083     2.04285    -4.61208    -1.51975    -3.24712
 -0.0530316    0.847263 -0.00271132     2.04285   0.0081663     0.25149    -1.51871
 -0.0530316    0.847263 -0.00271132     2.04285    -3.13343    -0.25149     1.62288
  -0.689809     1.45166     1.56976     2.04285    -1.46505      1.5158   -0.105906
  -0.689809     1.45166     1.56976     2.04285    -4.60665     -1.5158     -3.2475
  -0.689819     1.46322     1.57155     2.04285    -1.47457     1.52262   -0.105223
  -0.689819     1.46322     1.57155     2.04285    -4.61616    -1.52262    -3.24682