0 0 0
-0.261286 -0.0611143 0.93
-0.25338 -0.0573857 0.927
-0.242262 -0.0519762 0.925
-0.232191 -0.0450257 0.927
-0.222792 -0.0363924 0.932
-0.212171 -0.0295429 0.94
0 0 0
-0.0334333 0.056359 1.003
-0.01994 0.05982 0.997
-0.00662667 0.0634267 0.994
0.00849429 0.0670105 0.991
0.018041 0.0750124 0.997
0.00471905 0.0670105 0.991
0 0 0
-0.04788 -0.063 0.882
-0.0426457 -0.0610419 0.878
-0.0358333 -0.0575 0.875
-0.0257152 -0.05226 0.871
-0.0223971 -0.050601 0.871
-0.0141667 -0.0491667 0.875
-0.00748286 -0.0457286 0.873
-0.00083619 -0.0426457 0.878
0.00588 -0.04116 0.882
0 0 0
0.319431 -0.113117 0.747
0.31164 -0.113773 0.742
0.303342 -0.111906 0.739
0.294098 -0.113007 0.737
0.287079 -0.111603 0.737
0.278005 -0.113313 0.739
0.270653 -0.11236 0.742
0.261094 -0.110271 0.747
0.25568 -0.108145 0.752
0.250501 -0.109008 0.758
0 0 0
