0 0 0
-0.20856 -0.01896 0.948
-0.212171 -0.0295429 0.94
-0.222314 -0.0398571 0.93
-0.230426 -0.0450257 0.927
-0.24102 -0.0520886 0.927
-0.2542 -0.0575714 0.93
0 0 0
0.04212 0.15228 1.134
-0.01988 0.0615333 0.994
-0.00473333 0.0672133 0.994
0.00852 0.071 0.994
0.02 0.0790476 1
0 0 0
-0.0496724 -0.0631429 0.884
-0.0358333 -0.0558333 0.875
-0.0240562 -0.05226 0.871
-0.0124714 -0.0457286 0.873
-0.0025 -0.0425 0.875
0.0109448 -0.0395695 0.884
0 0 0
0.250501 -0.107564 0.758
0.265363 -0.110271 0.747
0.279412 -0.111906 0.739
0.289266 -0.111906 0.739
0.303752 -0.113467 0.74
0.314319 -0.112814 0.745
0 0 0

