0 0 0
-0.0384952 -0.324971 0.94
-0.0437267 -0.31858 0.937
-0.0474476 -0.299905 0.94
-0.0511371 -0.286189 0.942
-0.053381 -0.277762 0.95
-0.0538305 -0.272802 0.958
0 0 0
-0.160691 -0.15191 0.922
-0.1647 -0.135071 0.915
-0.166443 -0.126357 0.915
-0.167716 -0.113274 0.922
-0.16686 -0.101529 0.927
0 0 0
-0.0299524 -0.199952 0.85
-0.01774 -0.191761 0.887
-0.0362143 -0.161757 0.845
-0.0399467 -0.149189 0.856
0 0 0
-0.159167 0.0718524 0.955
-0.162464 0.0789629 0.953
-0.167029 0.0948 0.948
-0.168834 0.114663 0.948
0 0 0
