  0.00102305     0.889331   -0.0268783      1.06405    0.0224987      1.18848      1.54649
 -0.00797635     0.889296    0.0106838      1.06405  -0.00894352      1.18829      1.57289
 -0.00241266     0.889298   -0.0125389      1.06405    0.0104966       1.1883      1.55657
  -0.0115259     0.889327    0.0254986      1.06405   -0.0213439      1.18846       1.5833
  0.00303645     0.889362   -0.0352805      1.06405    0.0295299      1.18864      1.54059
 -0.00596249     0.889289     0.002278      1.06405  -0.00190692      1.18826      1.56698
  -0.0149611     0.889382    0.0398335      1.06405   -0.0333392      1.18874      1.59337
-0.000512731     0.889314   -0.0204687      1.06405    0.0171342      1.18838      1.55099
 -0.00951227     0.889306    0.0170944      1.06405   -0.0143097      1.18835      1.57739
  0.00504955     0.889401   -0.0436803      1.06405    0.0365575      1.18884      1.53469
 -0.00394862     0.889291  -0.00612789      1.06405    0.0051299      1.18827      1.56107
  -0.0130616     0.889349    0.0319073      1.06405   -0.0267072      1.18857       1.5878
  0.00150084     0.889338   -0.0288722      1.06405    0.0241674      1.18851      1.54509
 -0.00749848     0.889294   0.00868916      1.06405  -0.00727385      1.18828      1.57149
  -0.0164964     0.889414    0.0462392      1.06405   -0.0386979      1.18891      1.59786
 -0.00204861     0.889301   -0.0140584      1.06405    0.0117685      1.18832       1.5555
  -0.0110481     0.889321    0.0235044      1.06405   -0.0196749      1.18843       1.5819
  0.00351417     0.889371   -0.0372739      1.06405    0.0311978      1.18868      1.53919
 -0.00559843     0.889289  0.000758393      1.06405 -0.000634811      1.18826      1.56591
  -0.0145971     0.889375     0.038315      1.06405   -0.0320687      1.18871       1.5923
 -3.4905e-05     0.889319    -0.022463      1.06405    0.0188033      1.18841      1.54959
 -0.00914823     0.889303     0.015575      1.06405   -0.0130379      1.18833      1.57633
  0.00541343     0.889409   -0.0451985      1.06405    0.0378275      1.18888      1.53362
 -0.00347075     0.889293  -0.00812253      1.06405   0.00679964      1.18828      1.55967
  -0.0125838     0.889342    0.0299136      1.06405   -0.0250387      1.18853       1.5864
  0.00197862     0.889345   -0.0308661      1.06405     0.025836      1.18855      1.54369
 -0.00713442     0.889292   0.00716959      1.06405   -0.0060018      1.18827      1.57042
  -0.0160187     0.889404    0.0442465      1.06405    -0.037031      1.18886      1.59647
 -0.00145695     0.889305   -0.0165278      1.06405    0.0138356      1.18834      1.55376
  -0.0105703     0.889316    0.0215102      1.06405   -0.0180058       1.1884       1.5805
  0.00399188      0.88938   -0.0392672      1.06405    0.0328655      1.18873      1.53779
 -0.00512055     0.889289  -0.00123627      1.06405   0.00103499      1.18826      1.56451
  -0.0140056     0.889364    0.0358468      1.06405   -0.0300036      1.18865      1.59057
 0.000329111     0.889323   -0.0239822      1.06405    0.0200749      1.18843      1.54853
 -0.00855656     0.889299    0.0131055      1.06405   -0.0109707      1.18831      1.57459
  0.00577731     0.889417   -0.0467166      1.06405    0.0390973      1.18893      1.53256
 -0.00310669     0.889295  -0.00964205      1.06405   0.00807164      1.18828       1.5586
  -0.0122198     0.889336    0.0283946      1.06405   -0.0237675       1.1885      1.58533
  0.00234259     0.889351    -0.032385      1.06405    0.0271071      1.18858      1.54262
 -0.00654273      0.88929   0.00469989      1.06405  -0.00393435      1.18826      1.56868
  -0.0156548     0.889396    0.0427282      1.06405   -0.0357608      1.18882       1.5954
 -0.00109291     0.889308   -0.0180472      1.06405    0.0151074      1.18836       1.5527
  -0.0102063     0.889313    0.0199909      1.06405   -0.0167341      1.18838      1.57943
   0.0043558     0.889387   -0.0407857      1.06405    0.0341359      1.18877      1.53672
 -0.00475649     0.889289  -0.00275588      1.06405    0.0023071      1.18826      1.56344
  -0.0136417     0.889358    0.0343281      1.06405   -0.0287328      1.18862       1.5895
 0.000693119     0.889327   -0.0255014      1.06405    0.0213463      1.18846      1.54746
 -0.00819251     0.889297     0.011586      1.06405  -0.00969878       1.1883      1.57352
 -0.00274264     0.889296   -0.0111616      1.06405   0.00934366      1.18829      1.55753
  -0.0116283     0.889328    0.0259257      1.06405   -0.0217013      1.18846       1.5836
  0.00293412      0.88936   -0.0348535      1.06405    0.0291726      1.18863      1.54089
 -0.00617866      0.88929    0.0031803      1.06405  -0.00266226      1.18826      1.56761
  -0.0150634     0.889384    0.0402604      1.06405   -0.0336964      1.18875      1.59367
-0.000501271     0.889314   -0.0205165      1.06405    0.0171742      1.18839      1.55096
 -0.00984223     0.889309    0.0184716      1.06405   -0.0154624      1.18836      1.57836
  0.00494724     0.889399   -0.0432534      1.06405    0.0362004      1.18883      1.53499
 -0.00416479     0.889291  -0.00522561      1.06405   0.00437457      1.18826      1.56171
  -0.0132777     0.889352    0.0328092      1.06405   -0.0274619      1.18859      1.58843
  0.00128471     0.889335   -0.0279703      1.06405    0.0234126       1.1885      1.54572
 -0.00760083     0.889294   0.00911637      1.06405  -0.00763147      1.18828      1.57179
 -0.00215096       0.8893   -0.0136312      1.06405    0.0114109      1.18831       1.5558
  -0.0112642     0.889324    0.0244065      1.06405   -0.0204299      1.18844      1.58253
  0.00307051     0.889363   -0.0354226      1.06405    0.0296488      1.18864      1.54049
  -0.0058146     0.889289   0.00166069      1.06405  -0.00139015      1.18826      1.56655
  -0.0146994     0.889377    0.0387419      1.06405   -0.0324259      1.18872       1.5926
-0.000364854     0.889315   -0.0210859      1.06405    0.0176508      1.18839      1.55056
 -0.00925057     0.889304    0.0160022      1.06405   -0.0133954      1.18833      1.57663
  0.00531113     0.889407   -0.0447717      1.06405    0.0374705      1.18887      1.53392
 -0.00402836     0.889291  -0.00579507      1.06405   0.00485128      1.18827      1.56131
  -0.0126862     0.889343    0.0303406      1.06405   -0.0253961      1.18854       1.5867
   0.0016487      0.88934   -0.0294893      1.06405    0.0246838      1.18852      1.54466
 -0.00723677     0.889292   0.00759682      1.06405  -0.00635943      1.18827      1.57072
  -0.0163485     0.889411    0.0456225      1.06405   -0.0381821       1.1889      1.59743
 -0.00178692     0.889303   -0.0151506      1.06405    0.0126828      1.18833      1.55473
  -0.0109002      0.88932    0.0228873      1.06405   -0.0191584      1.18842      1.58146
  0.00366201     0.889373   -0.0378908      1.06405     0.031714       1.1887      1.53876
  -0.0052229     0.889289 -0.000809046      1.06405  0.000677344      1.18826      1.56481
  -0.0143355      0.88937    0.0372233      1.06405   -0.0311553      1.18868      1.59153
  0.00022677     0.889322   -0.0235551      1.06405    0.0197174      1.18843      1.54883
 -0.00888653     0.889301    0.0144827      1.06405   -0.0121236      1.18832      1.57556
  0.00590252      0.88942    -0.047239      1.06405    0.0395343      1.18894      1.53219
 -0.00320904     0.889294  -0.00921484      1.06405   0.00771403      1.18828       1.5589
  -0.0123222     0.889338    0.0288216      1.06405   -0.0241249      1.18851      1.58563
  0.00201268     0.889345   -0.0310083      1.06405     0.025955      1.18855      1.54359
 -0.00664508     0.889291   0.00512711      1.06405  -0.00429199      1.18826      1.56898
  -0.0157571     0.889398     0.043155      1.06405   -0.0361179      1.18883       1.5957
 -0.00142288     0.889305   -0.0166701      1.06405    0.0139546      1.18834      1.55366
  -0.0105362     0.889316     0.021368      1.06405   -0.0178868       1.1884       1.5804
  0.00425349     0.889385   -0.0403588      1.06405    0.0337788      1.18876      1.53702
 -0.00485884     0.889289  -0.00232865      1.06405   0.00194946      1.18826      1.56374
  -0.0139716     0.889364    0.0357046      1.06405   -0.0298846      1.18865      1.59047
 0.000818377     0.889329   -0.0260241      1.06405    0.0217839      1.18846      1.54709
 -0.00829486     0.889298    0.0120132      1.06405   -0.0100564       1.1883      1.57382
 -0.00307262     0.889295  -0.00978431      1.06405   0.00819073      1.18829       1.5585
  -0.0117306      0.88933    0.0263528      1.06405   -0.0220588      1.18847       1.5839
  0.00260423     0.889355   -0.0334768      1.06405    0.0280206       1.1886      1.54186
 -0.00650865      0.88929   0.00455766      1.06405  -0.00381529      1.18826      1.56858