   1.04458    1.18294  0.0181079    2.32267   -3.09453   0.364323   -1.73271
   1.04746    1.18292 0.00623536    2.32267   -3.12538   0.364037    -1.7055
    1.0451    1.18293  0.0159615    2.32267   -3.10011   0.364251   -1.72779
   1.04797    1.18292 0.00408792    2.32267   -3.13096   0.364015   -1.70058
   1.04308    1.18295  0.0243459    2.32267   -3.07835   0.364586   -1.74698
   1.04595    1.18293  0.0124733    2.32267   -3.10917   0.364152    -1.7198
   1.04849    1.18292 0.00194061    2.32267   -3.13655   0.364002   -1.69566
    1.0436    1.18294  0.0222005    2.32267   -3.08391   0.364487   -1.74207
   1.04647    1.18293   0.010327    2.32267   -3.11475   0.364104   -1.71488
   1.04411    1.18294  0.0200549    2.32267   -3.08948   0.364397   -1.73716
   1.04698    1.18292 0.00818026    2.32267   -3.12032   0.364065   -1.70996