 -0.00777123      1.35432  -0.00196582      1.52184     0.007319     0.265442      1.55554
    -0.54538      1.90863      1.57228      1.52184     -1.90832      1.55598      2.54953
   -0.545384      1.91248         1.57      1.52184     -1.91206      1.55365      2.55034
   -0.545368      1.90675      1.57337      1.52184     -1.90649      1.55709      2.54915
   -0.545363      1.91609      1.56782      1.52184     -1.91558      1.55143      2.55117
 -0.00930096      1.35432    0.0119464      1.52184   -0.0444469     0.265699      1.60695
   -0.545386      1.91036      1.57126      1.52184        -1.91      1.55493      2.54989
   -0.545379      1.91397       1.5691      1.52184     -1.91352      1.55274      2.55068
 -0.00713479      1.35432  -0.00775399      1.52184    0.0288606     0.265546      1.53415
   -0.545378      1.90824       1.5725      1.52184     -1.90795       1.5562      2.54945
   -0.545386      1.91185      1.57037      1.52184     -1.91146      1.55403      2.55021
   -0.545362      1.90613      1.57373      1.52184     -1.90589      1.55746      2.54903
   -0.545367       1.9157      1.56805      1.52184      -1.9152      1.55167      2.55108
 -0.00890937      1.35432   0.00838517      1.52184   -0.0312077     0.265565       1.5938
   -0.545384      1.90974      1.57163      1.52184      -1.9094      1.55531      2.54976
   -0.545381      1.91359      1.56933      1.52184     -1.91314      1.55297      2.55059
  -0.0067432      1.35432   -0.0113153      1.52184    0.0421027     0.265672        1.521
   -0.545376      1.90786      1.57273      1.52184     -1.90757      1.55643      2.54937
   -0.545352       1.9172      1.56713      1.52184     -1.91666      1.55074      2.55143
   -0.545386      1.91147       1.5706      1.52184     -1.91109      1.55426      2.55012
   -0.545359      1.90575      1.57395      1.52184     -1.90551      1.55769      2.54896
    -0.54537      1.91532      1.56828      1.52184     -1.91483       1.5519      2.55099
 -0.00851777      1.35432   0.00482378      1.52184   -0.0179568     0.265478      1.58064
   -0.545383      1.90936      1.57185      1.52184     -1.90903      1.55554      2.54968
   -0.545383      1.91297      1.56971      1.52184     -1.91254      1.55335      2.55045
 -0.00610676      1.35432   -0.0171026      1.52184    0.0635876     0.265975      1.49966
   -0.545372      1.90724      1.57309      1.52184     -1.90697       1.5568      2.54925
   -0.545356      1.91681      1.56737      1.52184     -1.91629      1.55098      2.55134
   -0.545386      1.91109      1.57083      1.52184     -1.91071      1.55449      2.55004
   -0.545355      1.90536      1.57417      1.52184     -1.90514      1.55791      2.54889
   -0.545374       1.9147      1.56866      1.52184     -1.91423      1.55229      2.55084
 -0.00788133      1.35432 -0.000964572      1.52184   0.00359144     0.265437      1.55924
   -0.545382      1.90897      1.57208      1.52184     -1.90865      1.55577       2.5496
   -0.545384      1.91258      1.56994      1.52184     -1.91217      1.55358      2.55037
   -0.545369      1.90686      1.57331      1.52184      -1.9066      1.55703      2.54917
    -0.54536      1.91643       1.5676      1.52184     -1.91591      1.55122      2.55125
  -0.0096559      1.35432     0.015174      1.52184   -0.0564326      0.26586      1.61885
   -0.545386      1.91047       1.5712      1.52184     -1.91011      1.55487      2.54991
    -0.54535      1.90498      1.57439      1.52184     -1.90477      1.55814      2.54881
   -0.545378      1.91408      1.56904      1.52184     -1.91362      1.55267       2.5507