-0.440036  1.88119  1.57306  1.30484 -1.87148  1.49251 -2.26528
-0.440023  1.88965  1.56759  1.30484 -1.87838  1.48536 -2.26301
-0.44005  1.88459   1.5709  1.30484 -1.87426  1.48967 -2.26441
-0.44002  1.87953  1.57409  1.30484 -1.87012  1.49389 -2.26569
-0.440039  1.88778  1.56882  1.30484 -1.87686  1.48696 -2.26354
-0.440045  1.88272  1.57209  1.30484 -1.87273  1.49124  -2.2649
-0.440048  1.88591  1.57004  1.30484 -1.87534  1.48855 -2.26406
-0.440033  1.88085  1.57327  1.30484  -1.8712   1.4928 -2.26537
-0.440027  1.88931  1.56781  1.30484 -1.87811  1.48565 -2.26311
-0.440049  1.88404  1.57125  1.30484 -1.87381  1.49013 -2.26455
-0.440042  1.88744  1.56905  1.30484 -1.87659  1.48725 -2.26364
-0.440042  1.88217  1.57244  1.30484 -1.87228   1.4917 -2.26504
-0.440049  1.88557  1.57026  1.30484 -1.87506  1.48884 -2.26415
-0.44003  1.88052  1.57348  1.30484 -1.87092  1.49308 -2.26545
-0.440032  1.88876  1.56818  1.30484 -1.87766  1.48612 -2.26327
-0.440048   1.8837  1.57146  1.30484 -1.87353  1.49042 -2.26464
-0.440043   1.8871  1.56927  1.30484 -1.87631  1.48754 -2.26373
-0.44004  1.88184  1.57265  1.30484   -1.872  1.49198 -2.26512
-0.440016  1.89029  1.56716  1.30484 -1.87891  1.48481 -2.26283
-0.440049  1.88502  1.57062  1.30484 -1.87461   1.4893  -2.2643
-0.440025  1.87997  1.57382  1.30484 -1.87047  1.49353 -2.26558
-0.440035  1.88842   1.5684  1.30484 -1.87739  1.48641 -2.26336
-0.440047  1.88337  1.57168  1.30484 -1.87326   1.4907 -2.26473
-0.440046  1.88656  1.56963  1.30484 -1.87586  1.48801 -2.26388
-0.440038   1.8815  1.57286  1.30484 -1.87173  1.49226 -2.26521
-0.44002  1.88996  1.56739  1.30484 -1.87863   1.4851 -2.26292
-0.44005  1.88469  1.57083  1.30484 -1.87434  1.48959 -2.26438
-0.440021  1.87963  1.57403  1.30484 -1.87019  1.49381 -2.26566
-0.440037  1.88809  1.56862  1.30484 -1.87711   1.4867 -2.26346
-0.440045  1.88282  1.57203  1.30484 -1.87281  1.49116 -2.26487
-0.440048  1.88601  1.56998  1.30484 -1.87541  1.48847 -2.26403