  -0.489975     1.94372     1.57195     1.36891    -1.93701     1.49873     2.46286
  -0.489974     1.94704     1.56954     1.36891    -1.93986     1.49591     2.46396
  0.0066256     1.43653 -0.00148474     1.36891  0.00446091    0.336153     1.57301
  -0.489964     1.94178     1.57334     1.36891    -1.93534     1.50037     2.46225
  -0.489948     1.95058     1.56692     1.36891    -1.94289     1.49286     2.46518
  -0.489977     1.94531      1.5708     1.36891    -1.93838     1.49738     2.46338
  -0.489945     1.93983     1.57472     1.36891    -1.93367     1.50199     2.46166
  -0.489966     1.94863     1.56837     1.36891    -1.94123     1.49454      2.4645
  -0.489973     1.94337      1.5722     1.36891    -1.93671     1.49903     2.46275
  -0.489975     1.94669      1.5698     1.36891    -1.93956     1.49621     2.46384
 0.00698039     1.43653 -0.00704865     1.36891   0.0211739    0.336223     1.55684
  -0.489961     1.94142     1.57359     1.36891    -1.93504     1.50066     2.46214
  -0.489951     1.95022     1.56719     1.36891    -1.94259     1.49316     2.46505
  -0.489977     1.94474     1.57121     1.36891    -1.93789     1.49786      2.4632
  -0.489968     1.94828     1.56863     1.36891    -1.94093     1.49484     2.46438
  -0.489971      1.9428     1.57261     1.36891    -1.93622     1.49951     2.46257
  -0.489976     1.94634     1.57005     1.36891    -1.93926     1.49651     2.46372
 0.00733518     1.43653  -0.0126122     1.36891   0.0378745    0.336383     1.54069
  -0.489958     1.94107     1.57384     1.36891    -1.93474     1.50096     2.46203
  -0.489957     1.94965     1.56761     1.36891     -1.9421     1.49366     2.46485
  -0.489976     1.94439     1.57147     1.36891    -1.93759     1.49816     2.46308
  -0.489971     1.94771     1.56905     1.36891    -1.94043     1.49533     2.46418
 0.00594923     1.43653  0.00912224     1.36891  -0.0273996    0.336272     1.60383
  -0.489968     1.94245     1.57286     1.36891    -1.93592      1.4998     2.46246
  -0.489977     1.94576     1.57047     1.36891    -1.93877     1.49699     2.46353
  -0.489953      1.9405     1.57424     1.36891    -1.93425     1.50144     2.46186
   -0.48996      1.9493     1.56787     1.36891     -1.9418     1.49396     2.46473
  -0.489975     1.94404     1.57172     1.36891    -1.93729     1.49846     2.46297
  -0.489973     1.94736     1.56931     1.36891    -1.94013     1.49563     2.46406
 0.00630402     1.43653  0.00355842     1.36891  -0.0106901    0.336169     1.58767
  -0.489966     1.94209     1.57311     1.36891    -1.93561      1.5001     2.46235
  -0.489947     1.95068     1.56685     1.36891    -1.94298     1.49277     2.46521
  -0.489977     1.94541     1.57073     1.36891    -1.93846     1.49729     2.46341
  -0.489946     1.93993     1.57465     1.36891    -1.93375     1.50191     2.46169
  -0.489965     1.94873      1.5683     1.36891    -1.94131     1.49445     2.46453