-0.475972  1.89703  1.56975  1.34809 -1.88931  1.49898 -2.25776
-0.475961  1.89184  1.57307  1.34809 -1.88488  1.50315 -2.25911
-0.475947  1.90053  1.56746  1.34809 -1.89228  1.49613 -2.25678
-0.475975  1.89533  1.57085  1.34809 -1.88786  1.50036 -2.25822
-0.475942  1.88992  1.57427  1.34809 -1.88324  1.50467 -2.25958
-0.475964  1.89861  1.56872  1.34809 -1.89065   1.4977 -2.25732
-0.47597  1.89341  1.57207  1.34809 -1.88622   1.5019 -2.25872
-0.475973  1.89669  1.56997  1.34809 -1.88901  1.49926 -2.25785
-0.475958  1.89149  1.57329  1.34809 -1.88458  1.50343  -2.2592
-0.475952  1.89996  1.56783  1.34809  -1.8918  1.49659 -2.25694
-0.475974  1.89477  1.57121  1.34809 -1.88738  1.50081 -2.25837
-0.475967  1.89804  1.56909  1.34809 -1.89017  1.49816 -2.25748
-0.475969  1.89306  1.57229  1.34809 -1.88592  1.50218  -2.2588
-0.475974  1.89634   1.5702  1.34809 -1.88872  1.49954 -2.25795
-0.475953  1.89092  1.57364  1.34809  -1.8841  1.50387 -2.25934
-0.475956  1.89962  1.56806  1.34809 -1.89151  1.49688 -2.25704
-0.475974  1.89442  1.57143  1.34809 -1.88708  1.50109 -2.25846
-0.475969   1.8977  1.56932  1.34809 -1.88987  1.49845 -2.25758
-0.475966   1.8925  1.57265  1.34809 -1.88544  1.50263 -2.25895
-0.475942  1.90097  1.56716  1.34809 -1.89266  1.49576 -2.25665
-0.475974  1.89577  1.57056  1.34809 -1.88824      1.5  -2.2581
-0.47595  1.89058  1.57386  1.34809  -1.8838  1.50415 -2.25942
-0.475959  1.89927  1.56829  1.34809 -1.89121  1.49716 -2.25714
-0.475973  1.89407  1.57165  1.34809 -1.88678  1.50137 -2.25855
-0.475971  1.89735  1.56954  1.34809 -1.88958  1.49873 -2.25767
-0.475962  1.89193  1.57301  1.34809 -1.88496  1.50307 -2.25909
-0.475946  1.90062  1.56739  1.34809 -1.89236  1.49605 -2.25675
-0.475975  1.89543  1.57079  1.34809 -1.88794  1.50028 -2.25819
-0.475946  1.89023  1.57407  1.34809 -1.88351  1.50442 -2.25951
-0.475963   1.8987  1.56866  1.34809 -1.89073  1.49762  -2.2573
-0.475972  1.89372  1.57187  1.34809 -1.88649  1.50165 -2.25864