   0.0192569     0.856469   -0.0341626      1.32947    0.0315919     0.956173       0.5581
  0.00816978     0.856384   0.00305254      1.32947  -0.00282349     0.955739     0.591248
 -0.00320052     0.856508    0.0412169      1.32947   -0.0381107     0.956373     0.625235
   0.0149701     0.856412   -0.0197745      1.32947    0.0182897     0.955882     0.570911
   0.0035983     0.856408    0.0183978      1.32947   -0.0170165     0.955862     0.604919
   0.0217688     0.856517   -0.0425928      1.32947    0.0393821     0.956416     0.550597
   0.0106827     0.856385  -0.00538295      1.32947   0.00497925     0.955746     0.583732
-0.000688506     0.856462    0.0327863      1.32947   -0.0303197     0.956139     0.617732
   0.0174827     0.856442   -0.0282079      1.32947    0.0260876     0.956034     0.563401
  0.00611112      0.85639   0.00996299      1.32947  -0.00921541     0.955772     0.597405
   0.0129116     0.856395   -0.0128647      1.32947    0.0118994     0.955797     0.577066
  0.00182389     0.856427    0.0243537      1.32947    -0.022524     0.955958     0.610224
   0.0199949     0.856482   -0.0366397      1.32947    0.0338813     0.956239     0.555895
  0.00862407     0.856383   0.00152761      1.32947  -0.00141295     0.955736      0.58989
 -0.00274643     0.856499     0.039693      1.32947   -0.0367027     0.956326     0.623879
   0.0154244     0.856417   -0.0212992      1.32947    0.0196997     0.955905     0.569553
  0.00433657     0.856402    0.0159196      1.32947   -0.0147246      0.95583     0.602712
   0.0222228     0.856527   -0.0441165      1.32947    0.0407897     0.956465     0.549242
    0.011137     0.856387  -0.00690788      1.32947   0.00638976     0.955753     0.582374
-0.000234348     0.856455     0.031262      1.32947   -0.0289107     0.956102     0.616375
   0.0179369     0.856448   -0.0297323      1.32947    0.0274968     0.956067     0.562043
   0.0065654     0.856388   0.00843807      1.32947  -0.00780496     0.955762     0.596047
   0.0136499       0.8564   -0.0153429      1.32947    0.0141915     0.955824     0.574859
  0.00227811     0.856422    0.0228291      1.32947   -0.0211142     0.955931     0.608866
    0.020449      0.85649   -0.0381637      1.32947    0.0352897     0.956282     0.554538
  0.00907836     0.856383  2.64961e-06      1.32947 -2.36647e-06     0.955735     0.588531
  -0.0020084     0.856485    0.0372161      1.32947   -0.0344138     0.956255     0.621675
   0.0161626     0.856425   -0.0237771      1.32947    0.0219909     0.955947     0.567346
  0.00479083     0.856398    0.0143948      1.32947   -0.0133144     0.955813     0.601353
   0.0115913     0.856388  -0.00843279      1.32947   0.00780023     0.955762     0.581015
 0.000219826     0.856448    0.0297376      1.32947   -0.0275015     0.956067     0.615018
   0.0183911     0.856455   -0.0312567      1.32947     0.028906     0.956102     0.560686
  0.00730373     0.856386   0.00595969      1.32947  -0.00551255     0.955748     0.593838
 -0.00378224      0.85652    0.0431691      1.32947   -0.0399143     0.956434     0.626972
   0.0141042     0.856404   -0.0168677      1.32947    0.0156016     0.955842       0.5735
  0.00301635     0.856414    0.0203512      1.32947   -0.0188229     0.955891     0.606659
   0.0211871     0.856505   -0.0406405      1.32947    0.0375783     0.956355     0.552334
  0.00981669     0.856384  -0.00247578      1.32947   0.00229016     0.955737     0.586322
 -0.00155428     0.856477     0.035692      1.32947   -0.0330053     0.956213     0.620319
   0.0166168      0.85643   -0.0253017      1.32947    0.0234006     0.955975     0.565989
   0.0052451     0.856395      0.01287      1.32947   -0.0119041     0.955797     0.599995
   0.0123296     0.856392   -0.0109111      1.32947    0.0100925      0.95578     0.578807
 0.000957993     0.856438      0.02726      1.32947   -0.0252111     0.956014     0.612812
   0.0191292     0.856467    -0.033734      1.32947    0.0311959     0.956162     0.558481
  0.00804206     0.856384   0.00348129      1.32947  -0.00322008      0.95574      0.59163
 -0.00332818     0.856511    0.0416453      1.32947   -0.0385065     0.956386     0.625616
   0.0148424     0.856411   -0.0193458      1.32947    0.0178933     0.955876     0.571293
  0.00347059     0.856409    0.0188265      1.32947   -0.0174129     0.955868     0.605301
   0.0216411     0.856514   -0.0421644      1.32947    0.0389863     0.956402     0.550978
    0.010271     0.856384  -0.00400074      1.32947   0.00370073     0.955741     0.584964
 -0.00081619     0.856464    0.0332148      1.32947   -0.0307158     0.956149     0.618114
    0.017071     0.856436   -0.0268262      1.32947    0.0248101     0.956005     0.564631
  0.00598341     0.856391    0.0103917      1.32947  -0.00961195     0.955776     0.597787
   0.0124999     0.856393   -0.0114826      1.32947    0.0106211     0.955785     0.578298
  0.00169619     0.856428    0.0247823      1.32947   -0.0229203     0.955966     0.610606