    0.164226     0.943896    -0.016716      1.33065    0.0177539     0.867193            0
     0.15361     0.943914    0.0238255      1.33065   -0.0253022     0.867323            0
    0.160091     0.943879 -0.000924453      1.33065  0.000982027     0.867066            0
    0.166439     0.943918   -0.0251669      1.33065    0.0267264     0.867353            0
    0.155955     0.943892    0.0148677      1.33065   -0.0157909     0.867166            0
    0.162437     0.943885  -0.00988321      1.33065    0.0104975      0.86711            0
    0.151821     0.943937    0.0306561      1.33065   -0.0325523     0.867492            0
    0.168785     0.943951   -0.0341222      1.33065    0.0362305     0.867594            0
    0.158301     0.943881   0.00590938      1.33065  -0.00627665     0.867082            0
     0.16465     0.943899   -0.0183353      1.33065    0.0194733     0.867218            0
    0.154166     0.943908    0.0216997      1.33065   -0.0230454     0.867279            0
    0.160647     0.943879  -0.00305022      1.33065   0.00323996      0.86707            0
    0.166996     0.943925   -0.0272923      1.33065    0.0289824     0.867404            0
    0.156512     0.943889    0.0127415      1.33065    -0.013533      0.86714            0
    0.162861     0.943887   -0.0115025      1.33065    0.0122172     0.867126            0
    0.152377     0.943929     0.028531      1.33065   -0.0302971     0.867435            0
    0.169209     0.943958   -0.0357408      1.33065    0.0379478     0.867645            0
    0.158725      0.94388   0.00428949      1.33065  -0.00455608     0.867074            0
    0.165207     0.943905   -0.0204607      1.33065      0.02173     0.867256            0
    0.154723     0.943902    0.0195745      1.33065   -0.0207889      0.86724            0
    0.161071      0.94388  -0.00466974      1.33065   0.00496015     0.867076            0
    0.150456     0.943959    0.0358669      1.33065   -0.0380813     0.867649            0
     0.16742     0.943931   -0.0289112      1.33065    0.0307007     0.867445            0
    0.156804     0.943887    0.0116284      1.33065   -0.0123508     0.867127            0
    0.163417      0.94389   -0.0136285      1.33065    0.0144751      0.86715            0
    0.153066      0.94392    0.0258994      1.33065   -0.0275037      0.86737            0
    0.159415     0.943879   0.00165716      1.33065   -0.0017601     0.867067            0
    0.165763      0.94391    -0.022586      1.33065    0.0239865     0.867297            0
    0.155147     0.943899    0.0179549      1.33065   -0.0190692     0.867212            0
    0.161761     0.943882  -0.00730185      1.33065   0.00775582      0.86709            0
    0.151145     0.943947     0.033236      1.33065     -0.03529     0.867567            0
    0.168109      0.94394   -0.0315423      1.33065     0.033493     0.867517            0
    0.157493     0.943884   0.00899641      1.33065  -0.00955544     0.867103            0
    0.163841     0.943893   -0.0152477      1.33065    0.0161947     0.867171            0
     0.15349     0.943915    0.0242805      1.33065   -0.0257852     0.867333            0
    0.159839     0.943879  3.77595e-05      1.33065 -4.00129e-05     0.867066            0
    0.166187     0.943915   -0.0242058      1.33065    0.0257062     0.867332            0
    0.155571     0.943895    0.0163357      1.33065   -0.0173498     0.867187            0
     0.16192     0.943882  -0.00790918      1.33065   0.00840088     0.867094            0
    0.151569     0.943941    0.0316172      1.33065   -0.0335723     0.867519            0
    0.168533     0.943947    -0.033161      1.33065    0.0352107     0.867564            0
    0.158182     0.943881   0.00636411      1.33065  -0.00675963     0.867084            0
    0.164531     0.943898     -0.01788      1.33065    0.0189899     0.867211            0
    0.153914     0.943911    0.0226615      1.33065   -0.0240665     0.867299            0
    0.160263     0.943879  -0.00158177      1.33065   0.00168022     0.867067            0
    0.166876     0.943923   -0.0268368      1.33065     0.028499     0.867392            0
     0.15626      0.94389    0.0137033      1.33065   -0.0145543     0.867151            0
    0.162609     0.943885   -0.0105411      1.33065    0.0111962     0.867116            0
    0.151993     0.943934    0.0299985      1.33065   -0.0318545     0.867474            0
    0.168957     0.943954   -0.0347796      1.33065    0.0369279     0.867614            0
    0.158606      0.94388   0.00474428      1.33065  -0.00503913     0.867076            0
     0.16469       0.9439   -0.0184865      1.33065    0.0196339     0.867221            0
    0.154338     0.943906    0.0210417      1.33065   -0.0223468     0.867267            0
    0.160687     0.943879  -0.00320177      1.33065   0.00340093      0.86707            0
    0.167035     0.943925   -0.0274436      1.33065     0.029143     0.867407            0
    0.156684     0.943888     0.012084      1.33065   -0.0128346     0.867132            0
    0.163033     0.943888   -0.0121608      1.33065    0.0129164     0.867133            0
    0.152947     0.943922     0.026355      1.33065   -0.0279874     0.867381            0
    0.159295     0.943879   0.00211251      1.33065  -0.00224376     0.867068            0
    0.165379     0.943906   -0.0211184      1.33065    0.0224284     0.867268            0
    0.154763     0.943902    0.0194225      1.33065   -0.0206275     0.867237            0
    0.161376     0.943881  -0.00583388      1.33065   0.00619664     0.867081            0
     0.15076     0.943953    0.0347036      1.33065   -0.0368471     0.867612            0
     0.16799     0.943939   -0.0310873      1.33065    0.0330101     0.867504            0
    0.157374     0.943884   0.00945194      1.33065   -0.0100393     0.867106            0